4 0.3542937484375 0.3807742140625 0.34216469374999997 0.3539626234375 0.2985771890625 0.3430950390625 0.2945532671875 0.34712405625 0.2846154078125 0.3627625234375 0.27234559375 0.43619417031249996 0.275429603125 0.44400831093750004 0.46754689843749997 0.4929149921875 0.49691853750000003 0.4962123296875 0.5113375421875 0.45049091875 0.553502440625 0.458990890625 0.57145758125 0.3869767546875 0.5304764890625 0.37776547968749996 0.5476600484375 0.289765471875 0.5247606859375 0.2827594953125 0.5270925531249999 0.27023715625 0.5354820640625 0.2306537453125 0.49982425625 0.2221736015625 0.4537573703125 0.2115740375 0.45033253906250004 0.22400967500000002 0.3931611828125 0.2074863046875 0.38638199375000004 0.23716699062500002 0.376725615625 0.2721051578125 0.3717190984375 0.271756546875 0.3640037203125 0.30231919375 0.3735444953125 0.3043738296875 0.3689044515625 0.31533895625 0.3542937484375 0.3807742140625
0 0.42467524218749997 0.5917397484375 0.4518518453125 0.4948503984375 0.276157275 0.44892612343750005 0.266374740625 0.47505870781250004 0.15574745625 0.43108786875 0.1351189171875 0.4937619875 0.342484446875 0.5863441609375 0.40194412343749997 0.60217558125 0.41449858281249996 0.6042993015625 0.42467524218749997 0.5917397484375
6 0.24239699374999998 0.3427463328125 0.23725296875000002 0.37510874843750003 0.23300043593750003 0.392164728125 0.2215077140625 0.4232530671875 0.2126881546875 0.4520747671875 0.232682690625 0.4603252859375 0.25989310312499997 0.35119028281250003 0.32483935 0.29831354062500004 0.3611367328125 0.304876040625 0.3655059546875 0.2964465140625 0.33786144375 0.2909138015625 0.32365045000000003 0.2909719046875 0.272035478125 0.320374109375 0.24239699374999998 0.3427463328125
6 0.5528064203125 0.48196590156249997 0.56606199375 0.46916755 0.5692150734375 0.45912327499999994 0.5745721546875 0.4431085296875 0.5883277296875 0.3911928890625 0.5907360828125 0.38402672656250003 0.5415752125 0.3717695453125 0.5403382875 0.38047044531249996 0.5729644984375 0.3867410828125 0.5693338609375 0.3995312140625 0.5570487640625 0.44880404374999994 0.5534170859375 0.460155053125 0.5106262390625 0.4493071125 0.5092087281250001 0.4549924390625 0.50471600625 0.47597239062499996 0.532204115625 0.487900215625 0.5371781390625 0.4881339203125 0.5421521625 0.48836762499999997 0.5528064203125 0.48196590156249997
2 0.152963925 0.422532315625 0.22857470468750002 0.1354207796875 0.20611579687499998 0.13000785625 0.1363804484375 0.4163846734375 0.152963925 0.422532315625
2 0.1211823765625 0.414868328125 0.1942065671875 0.12547096875 0.1729262375 0.1201651875 0.1022583015625 0.3917737296875 0.1211823765625 0.414868328125
3 0.1344853390625 0.4159121703125 0.20771277812500002 0.13057628593749998 0.192776209375 0.1277211484375 0.1202694765625 0.40834192343750003 0.1344853390625 0.4159121703125
1 0.12138371875000001 0.41057388125000005 0.10202459687500001 0.396747753125 0.072536096875 0.473992525 0.09319940625 0.4747996984375 0.1326360765625 0.48791611718750005 0.153441521875 0.428690146875 0.12138371875000001 0.41057388125000005
2 0.113715553125 0.531508715625 0.1316910703125 0.49170633593749996 0.11297368593749998 0.48200727499999996 0.0947644640625 0.5267836781249999 0.113715553125 0.531508715625
2 0.0781725625 0.51763524375 0.0943044296875 0.4773415046875 0.0732332015625 0.47817040625 0.060160839062500006 0.506192903125 0.0781725625 0.51763524375
3 0.090974246875 0.5258386703125 0.10965597187500001 0.4791671578125 0.09828531874999999 0.4763321359375 0.09000376875 0.48936419375 0.0819661125 0.5135281046875 0.090974246875 0.5258386703125