4 0.447265625 0.5283203125 0.44140625 0.4970703125 0.4150390625 0.490234375 0.3035219359375 0.4962461359375 0.30502645156249997 0.55339495 0.2644038984375 0.555650846875 0.265908471875 0.6007683421875 0.26741298750000003 0.656413234375 0.3662109375 0.646484375 0.44870987187500005 0.6481417046875 0.44870987187500005 0.6037761578125 0.447265625 0.5283203125
5 0.51171875 0.5341796875 0.5068359375 0.52734375 0.4521484375 0.52734375 0.447265625 0.5361328125 0.4453125 0.6142578125 0.4494621296875 0.65340541875 0.478515625 0.6533203125 0.520175453125 0.6519014953125 0.51953125 0.6103515625 0.5156618484375 0.5661782453125 0.51171875 0.5341796875
5 0.6555839234375 0.5180529359375 0.6608497843750001 0.5398597078125 0.6623544156250001 0.5571547406249999 0.67578125 0.5595703125 0.701171875 0.5478515625 0.697265625 0.5224609375 0.687931525 0.5120372468750001 0.6555839234375 0.5180529359375
0 0.24484490937499997 0.5646743234375 0.24484490937499997 0.5849772015625 0.1911081046875 0.5889365468750001 0.193690575 0.656413234375 0.2644038984375 0.6526534421875 0.261394809375 0.5646743234375 0.24484490937499997 0.5646743234375
3 0.139946696875 0.42821937187500003 0.140625 0.5888671875 0.15234375 0.5908203125 0.158203125 0.5888671875 0.158203125 0.4697265625 0.1560395 0.43485255 0.139946696875 0.42821937187500003
1 0.1797054578125 0.5893101390625 0.169292390625 0.5912053390625001 0.1591796875 0.591796875 0.110600915625 0.57888660625 0.1124941625 0.6717507453125 0.119140625 0.6689453125 0.1494140625 0.65234375 0.1708984375 0.65625 0.1844386140625 0.6556416125 0.1797054578125 0.5893101390625
3 0.146484375 0.7158203125 0.158203125 0.7998046875 0.1806310859375 0.8005391890625001 0.162109375 0.6708984375 0.1572265625 0.65625 0.1455078125 0.65625 0.146484375 0.7158203125
2 0.16121690625 0.797931484375 0.142578125 0.6630859375 0.11328125 0.6748046875 0.12534984062500001 0.80256419375 0.16121690625 0.797931484375
2 0.1748046875 0.341796875 0.140625 0.3662109375 0.1640625 0.3857421875 0.1767578125 0.3671875 0.2109375 0.3408203125 0.2099609375 0.333984375 0.1748046875 0.341796875
2 0.5166015625 0.2578125 0.5888671875 0.2109375 0.609375 0.1923828125 0.595703125 0.1708984375 0.59765625 0.1533203125 0.4560546875 0.244140625 0.31640625 0.3056640625 0.3349609375 0.322265625 0.35546875 0.3212890625 0.3681640625 0.314453125 0.4013671875 0.314453125 0.4384765625 0.298828125 0.5166015625 0.2578125
2 0.1796875 0.5869140625 0.181640625 0.4970703125 0.1591796875 0.47265625 0.158203125 0.5869140625 0.1796875 0.5869140625
2 0.1748046875 0.775390625 0.19140625 0.7744140625 0.18359375 0.6611328125 0.1630859375 0.66015625 0.171875 0.7666015625 0.1748046875 0.775390625
2 0.107421875 0.4306640625 0.107421875 0.5732421875 0.13671875 0.5888671875 0.140625 0.4345703125 0.1484375 0.4091796875 0.1220703125 0.392578125 0.107421875 0.4306640625
3 0.123046875 0.3896484375 0.15234375 0.4033203125 0.16015625 0.3994140625 0.162109375 0.3896484375 0.1337890625 0.3671875 0.123046875 0.3896484375
3 0.6064453125 0.197265625 0.5009765625 0.267578125 0.404296875 0.3154296875 0.4072265625 0.32421875 0.421875 0.3251953125 0.5439453125 0.26171875 0.6201171875 0.208984375 0.619140625 0.2041015625 0.6064453125 0.197265625