4 0.5049938093749999 0.4174192375 0.4300932125 0.424424721875 0.4284262109375 0.45754122031250005 0.43078596718749995 0.4750141 0.42998613125 0.49612173281249994 0.42979065624999996 0.50393056875 0.4324923375 0.5238256921875 0.4345234203125 0.54473536875 0.4352003921875 0.578825884375 0.43673905468749996 0.6032973 0.4438989484375 0.6076913671875 0.5648339625000001 0.6011926609375 0.5777534609375 0.599581684375 0.57733495 0.5699711453125 0.5764153359375 0.5478995109375 0.5768309406250001 0.534764290625 0.57601348125 0.5230740875000001 0.564319584375 0.49696954375 0.572879890625 0.47826163906249997 0.5701550281250001 0.43929429375 0.567348703125 0.4182406171875 0.5049938093749999 0.4174192375
5 0.73868834375 0.5674987406249999 0.7125421109375 0.5575796984375 0.70112439375 0.562293890625 0.7059338656249999 0.6030733609375 0.7452623015625 0.5915127250000001 0.73868834375 0.5674987406249999
0 0.26624289375 0.5399458562499999 0.2532137890625 0.53264168125 0.2548471359375 0.5559996234375 0.2540831875 0.567122484375 0.2544033125 0.5857000953125 0.25369323593750004 0.6091461375 0.291381328125 0.6105248609375 0.3263066328125 0.6077408703125 0.347883978125 0.6065738109375001 0.36541928437500004 0.6053476234375 0.3873486578125 0.596961540625 0.3862996765625 0.55396121875 0.386270209375 0.538352771875 0.355214403125 0.5434085984375 0.3270788390625 0.561039184375 0.3017500640625 0.56281034375 0.274837290625 0.5565577671875 0.26624289375 0.5399458562499999
1 0.22656861875 0.6308735359375001 0.2316631578125 0.624490234375 0.24733869843749998 0.6106677796875 0.2470541125 0.5457116171874999 0.22318533125 0.5194708234375 0.223638165625 0.5937250859375001 0.22656861875 0.6308735359375001
5 0.4389508453125 0.6033113109375 0.43331187968749996 0.560915615625 0.4318230703125 0.53962465625 0.4322325796875 0.519983925 0.40543309531249994 0.5191835296875 0.38408039375 0.51978523125 0.38530239375 0.5500093453125 0.38956951093750003 0.6007220328125 0.41316253593749996 0.60422311875 0.4389508453125 0.6033113109375
6 0.2649642046875 0.6223592203125 0.266066815625 0.6101548515624999 0.2531656578125 0.610274559375 0.2548806703125 0.63480038125 0.2658353203125 0.634816759375 0.2649642046875 0.6223592203125
6 0.2628811265625 0.4079545578125 0.26190111875 0.393939803125 0.2513629421875 0.394285490625 0.2521360328125 0.4165299453125 0.2528846109375 0.43798527031249995 0.25782365 0.438618846875 0.26235396093749996 0.43340732031250007 0.262911046875 0.42516535781250003 0.2628811265625 0.4079545578125
2 0.233436221875 0.4456129203125 0.23680033906250003 0.44596262343750004 0.2456132109375 0.44632622343749995 0.2462094359375 0.4380693015625 0.24601620624999998 0.41852268906249995 0.244671471875 0.388102975 0.2251794875 0.3890747734375 0.2254652734375 0.42113339375000003 0.2251875265625 0.43953929687500004 0.226922259375 0.44469547187499997 0.233436221875 0.4456129203125
2 0.2382670046875 0.64393719375 0.24817426718750002 0.643470325 0.24633698124999998 0.6133190374999999 0.2428083890625 0.61587930625 0.2409962640625 0.6179639171875 0.239047896875 0.618100159375 0.23361152500000001 0.624353990625 0.22607713281250003 0.62468364375 0.2270423421875 0.6449480140625 0.22912885312500003 0.6442463921875 0.2382670046875 0.64393719375
5 0.621671 0.4200287921875 0.568159021875 0.4247496609375 0.570018784375 0.4373459265625 0.5715787125 0.45044834062500005 0.5708614015625 0.4910125890625 0.59617169375 0.48935923125 0.625397203125 0.487315584375 0.621671 0.4200287921875
5 0.5529465250000001 0.5011923546875 0.568444859375 0.51283491875 0.5809048828125001 0.5090267875000001 0.5814908187500001 0.48940687031249996 0.5761430484375001 0.48292819375 0.5534438578125 0.494304946875 0.5529465250000001 0.5011923546875