4 0.6463925765625 0.4468582828125 0.654296875 0.4365234375 0.658203125 0.3740234375 0.6455078125 0.3515625 0.5029296875 0.3515625 0.4453125 0.3603515625 0.447265625 0.5185546875 0.4560546875 0.533203125 0.4921875 0.5361328125 0.6266854859375 0.5325841265625 0.6296415484375 0.481345721875 0.64737793125 0.4823310453125 0.6463925765625 0.4468582828125
5 0.232421875 0.4013671875 0.263671875 0.4013671875 0.28515625 0.3974609375 0.28515625 0.3583984375 0.2314453125 0.357421875 0.232421875 0.4013671875
0 0.7741744640625 0.3677827953125 0.7509765625 0.3671875 0.7262462078125 0.365785784375 0.6989537296874999 0.3664514546875 0.6523568140625 0.368448465625 0.6563508359375 0.379764859375 0.6550194953124999 0.43900950937500005 0.6463657828125 0.44899456249999997 0.647031453125 0.48161240312500003 0.661676196875 0.48427510468749996 0.678317953125 0.48360941406249996 0.67964929375 0.46829901874999996 0.6856403249999999 0.464970646875 0.6982421875 0.458984375 0.709604453125 0.4603109765625 0.7255859375 0.451171875 0.776171475 0.44832891249999995 0.7755058046875 0.3810962109375 0.7741744640625 0.3677827953125
5 0.2758992703125 0.4153269375 0.278855334375 0.5286427390624999 0.3961125234375 0.525686675 0.3980832921875 0.5148477453125 0.42074638750000004 0.5128770359375 0.443359375 0.5146484375 0.443359375 0.3916015625 0.393156459375 0.3906930734375 0.392171165625 0.41237087343749995 0.2758992703125 0.4153269375
1 0.7880070296875 0.3670195578125 0.7815912640625 0.37268052812499997 0.78216250625 0.44566621093750003 0.790648815625 0.44891492499999996 0.797819378125 0.45721767968749993 0.8068769296875 0.46061426250000004 0.806640625 0.3759765625 0.80423514375 0.3640003859375 0.7900390625 0.361328125 0.7880070296875 0.3670195578125
2 0.782624134375 0.357793628125 0.7819917109375 0.37202315937499997 0.787683521875 0.3682286171875 0.7914780640625 0.3612719484375 0.8003319937500001 0.361904371875 0.804442746875 0.3656989140625 0.8028616875000001 0.3385047015625 0.7905294281249999 0.3385047015625 0.782307921875 0.3394533359375 0.782624134375 0.357793628125
6 0.7670235828124999 0.36699643593750003 0.7735042937500001 0.3674145390625 0.7739224046875 0.3588432828125 0.7735042937500001 0.346927134375 0.7668145265625 0.3467180734375 0.7670235828124999 0.36699643593750003
2 0.8046875 0.4599609375 0.79877415625 0.457200046875 0.7895187703125 0.4479447375 0.7824669984375 0.44662254843750004 0.7855521671875 0.5982332953125 0.7851114203125 0.647594940625 0.7921631312499999 0.651120759375 0.800537084375 0.6383396546875 0.806640625 0.6162109375 0.806640625 0.4716796875 0.8046875 0.4599609375
6 0.7760035625 0.5135676828125 0.7756067109375 0.44829117968750004 0.76879668125 0.44829117968750004 0.7699473859375 0.585963546875 0.76953125 0.6083984375 0.7674698578125 0.6189969093750001 0.7622395109375 0.627530540625 0.7553575046875001 0.634687740625 0.7470990515625 0.6423955515625 0.73608781875 0.646249428125 0.7220484984375 0.6481763765624999 0.7476496296875 0.64845164375 0.777655259375 0.646524715625 0.7773799703125001 0.640468584375 0.7773799703125001 0.6360641359375 0.7773799703125001 0.6115644046875001 0.7760035625 0.5135676828125
2 0.7685933984375 0.6729288984374999 0.774197075 0.6667649234375 0.7687276546875 0.6624114999999999 0.7642558875 0.6553004265625 0.7544687062500001 0.65533020625 0.74449769375 0.6622820609375 0.7294921875 0.6640625 0.69296674375 0.6643816203124999 0.64251104375 0.665644228125 0.54949029375 0.6673253015625 0.26146218125 0.67124780625 0.2213065625 0.6713222234375 0.22167619218749998 0.6919811234375 0.36328125 0.6904296875 0.7236328125 0.685546875 0.7405750890625 0.684696453125 0.7548828125 0.6796875 0.7685933984375 0.6729288984374999
3 0.706959603125 0.6656028578125001 0.7342129296875 0.664325365625 0.742729540625 0.6630478890625 0.754652853125 0.6553829921875 0.6826871921875 0.656234659375 0.5476984421875 0.6579379624999999 0.4936177203125 0.6592154406249999 0.475306965625 0.659641265625 0.4127096640625 0.6604929187499999 0.3782172625 0.661344584375 0.3369115140625 0.6621962359375 0.22151101093749997 0.6630478890625 0.221540571875 0.6713222234375 0.23258264843749998 0.6715644359375 0.39865718437500003 0.66943530625 0.4957468875 0.668583640625 0.639252334375 0.6656028578125001 0.706959603125 0.6656028578125001
3 0.78458729375 0.6546796234375 0.780396846875 0.654990021875 0.7752751828125 0.654834828125 0.7693775515625 0.654834828125 0.7636350625 0.654834828125 0.767204703125 0.660266825 0.7707743671875 0.663991628125 0.7738783671875 0.6661644265625 0.777603215625 0.6644572265625001 0.780552075 0.6622844296875 0.7828800859375 0.659490828125 0.78458729375 0.6546796234375