5 0.4482421875 0.359375 0.447265625 0.4169921875 0.49609375 0.4169921875 0.51953125 0.4130859375 0.521484375 0.3642578125 0.5166015625 0.359375 0.4482421875 0.359375
6 0.47159375 0.41712048125 0.45559460781250005 0.41712048125 0.45330901562500003 0.4536899484375 0.387788721875 0.4552136875 0.38855063125 0.4780695921875 0.434262465625 0.47730775156250005 0.5173055828125 0.4750221609375 0.501306440625 0.46511790625 0.493687803125 0.4536899484375 0.4723556140625 0.45216624375 0.47159375 0.41712048125
5 0.580078125 0.5146484375 0.5703125 0.5068359375 0.564453125 0.4951171875 0.564453125 0.4833984375 0.560546875 0.4736328125 0.5556640625 0.470703125 0.5361328125 0.470703125 0.5283203125 0.458984375 0.5146484375 0.458984375 0.5087890625 0.455078125 0.5009765625 0.455078125 0.501953125 0.4638671875 0.5107421875 0.47265625 0.5244140625 0.4765625 0.5400390625 0.4765625 0.54296875 0.4794921875 0.54296875 0.5439453125 0.5498046875 0.55078125 0.56640625 0.5498046875 0.580078125 0.5439453125 0.58203125 0.5263671875 0.580078125 0.5244140625 0.580078125 0.5146484375
6 0.5966796875 0.58984375 0.59112086875 0.6019701390625001 0.59112086875 0.626956359375 0.596381121875 0.6486549 0.58980580625 0.657202790625 0.5858606156249999 0.659175384375 0.57862776875 0.6618055109375 0.5799428328125 0.6710109531249999 0.594379921875 0.6648737859375 0.6024943234375 0.6520259937499999 0.5976961843749999 0.6243262125 0.5966796875 0.58984375
4 0.5341796875 0.65234375 0.5458984375 0.646484375 0.5810546875 0.6484375 0.5859375 0.6435546875 0.58203125 0.5556640625 0.544921875 0.5498046875 0.5400390625 0.474609375 0.373046875 0.4814453125 0.37890625 0.6923828125 0.4296875 0.6943359375 0.458984375 0.6884765625 0.458984375 0.6650390625 0.4697265625 0.650390625 0.5341796875 0.65234375
6 0.435546875 0.6943359375 0.4384765625 0.712890625 0.4521484375 0.720703125 0.466796875 0.7197265625 0.4658203125 0.70703125 0.4541015625 0.705078125 0.4462890625 0.69140625 0.435546875 0.6943359375
0 0.578125 0.6513671875 0.5732421875 0.646484375 0.5458984375 0.6484375 0.5283203125 0.650390625 0.4680706671875 0.6515599078125 0.470840315625 0.8108147203125 0.5262333234375001 0.8098915046874999 0.583011125 0.8085066796874999 0.580078125 0.7373046875 0.578125 0.7158203125 0.578125 0.6513671875
5 0.6328125 0.7646484375 0.630859375 0.7626953125 0.630859375 0.7548828125 0.6279296875 0.751953125 0.6064453125 0.751953125 0.6044921875 0.75390625 0.5869140625 0.75390625 0.58203125 0.7607421875 0.58203125 0.7802734375 0.583984375 0.7822265625 0.583984375 0.7978515625 0.5869140625 0.80078125 0.6181640625 0.80078125 0.619140625 0.7998046875 0.6240234375 0.798828125 0.630859375 0.7919921875 0.6328125 0.7880859375 0.6328125 0.7646484375
6 0.5830078125 0.80859375 0.5929087843749999 0.808192409375 0.6067568156250001 0.808192409375 0.624226640625 0.8079793625 0.6336006921874999 0.8079793625 0.6338137390624999 0.801801009375 0.5828956062499999 0.8015879640625 0.5830078125 0.80859375
1 0.589299675 0.8288950875 0.580969071875 0.81658028125 0.4814453125 0.818359375 0.4719468203125 0.8183913046875 0.46941142031250005 0.8249109078125001 0.455078125 0.8408203125 0.455078125 0.8466796875 0.4690492421875 0.8477295187499999 0.5740872687499999 0.8451940953125 0.59765625 0.8447265625 0.59765625 0.8388671875 0.589299675 0.8288950875
3 0.5809235046875 0.81566454375 0.5839949015625 0.8200758046875001 0.590252709375 0.8198739328125001 0.5967344171875 0.8192347578125 0.61101525625 0.8192347578125 0.6360066828125001 0.8189797359375 0.6411069765625 0.8187247203125001 0.641361990625 0.81464449375 0.6107602265625001 0.8148994999999999 0.5809235046875 0.81566454375
2 0.6292648078124999 0.8195592921875001 0.62299566875 0.8190368640625 0.5989639703125 0.8192980859375 0.5832911234375 0.820081728125 0.5877317640624999 0.82582843125 0.5921724203125 0.8315751421875 0.598180328125 0.8388891453125 0.5976579156249999 0.8443746421875 0.6418030859375 0.8428073578124999 0.6418030859375 0.832358784375 0.6412806578125 0.8187756500000001 0.6339666625 0.8192980859375 0.6292648078124999 0.8195592921875001
2 0.46484375 0.8291015625 0.469329771875 0.82252845625 0.4584374953125 0.8228488265625 0.434410375 0.8238099125 0.3935546875 0.82421875 0.3745027328125 0.824770996875 0.37322128593750004 0.8363040156249999 0.373541646875 0.8487981187500001 0.3959669609375 0.8487981187500001 0.43825471406250005 0.8481573859375 0.45491349843749995 0.8478370328124999 0.4539524140625 0.84078906875 0.45939858125 0.8353429296874999 0.46484375 0.8291015625
3 0.41484375 0.8194531250000001 0.37443401718749997 0.8196886718749999 0.37443401718749997 0.82431369375 0.3812407296875 0.8238920468750001 0.4058456203125 0.8241209843749999 0.426272809375 0.8241209843749999 0.466356315625 0.8221938984375001 0.47059591718749993 0.8216157703125001 0.47233030156250005 0.8183397078124999 0.4677734375 0.818359375 0.41484375 0.8194531250000001
6 0.381178415625 0.807910846875 0.3815771375 0.8126955125 0.390747759375 0.8124961453124999 0.40849088437500003 0.8124961453124999 0.44876182656249997 0.8111006203125 0.47049218593750003 0.8109012625 0.470292825 0.8059172296874999 0.43460718906249995 0.8061165906250001 0.3931400921875 0.8077114796875 0.381178415625 0.807910846875
5 0.435546875 0.2119140625 0.439453125 0.1982421875 0.4248046875 0.1953125 0.421875 0.2080078125 0.435546875 0.2119140625
5 0.525390625 0.2080078125 0.5263671875 0.193359375 0.509765625 0.1962890625 0.5166015625 0.208984375 0.525390625 0.2080078125
5 0.5595703125 0.228515625 0.56640625 0.2275390625 0.572265625 0.2197265625 0.5615234375 0.2109375 0.5546875 0.2216796875 0.5595703125 0.228515625
5 0.373046875 0.2333984375 0.3818359375 0.244140625 0.39453125 0.2431640625 0.400390625 0.2216796875 0.3857421875 0.212890625 0.373046875 0.2236328125 0.373046875 0.2333984375
5 0.3583984375 0.724609375 0.369140625 0.7236328125 0.37109375 0.7001953125 0.3662109375 0.6953125 0.349609375 0.7138671875 0.3583984375 0.724609375