4 0.5222804640625001 0.3902275125 0.5173976515625001 0.3853447 0.3253079109375 0.3886787203125 0.3269679640625 0.4038993875 0.32728551875 0.468408415625 0.3377101515625 0.46737595 0.35563090937499997 0.46906732812499996 0.3601710890625 0.5191337625 0.3855617140625 0.5210868875 0.3885907015625 0.573836140625 0.527021828125 0.573836140625 0.5222804640625001 0.4273368875 0.5222804640625001 0.3902275125
0 0.306640625 0.5205078125 0.29296875 0.5185546875 0.2705078125 0.521484375 0.251975846875 0.52383781875 0.25527182656249997 0.56534998125 0.3076171875 0.56640625 0.337890625 0.5654296875 0.38711099375 0.5646910671875001 0.3864517578125 0.52317890625 0.3583984375 0.51953125 0.306640625 0.5205078125
6 0.327427596875 0.48568678125 0.3332126203125 0.517536440625 0.359375 0.5166015625 0.357421875 0.4697265625 0.3040327734375 0.4668477015625 0.3071800984375 0.48337045312500004 0.327427596875 0.48568678125
6 0.291015625 0.5166015625 0.2939453125 0.5234375 0.3046875 0.5224609375 0.306640625 0.4521484375 0.3017578125 0.451171875 0.291015625 0.4638671875 0.291015625 0.5166015625
3 0.223560275 0.523295296875 0.22298175781250001 0.455542421875 0.2060546875 0.4453125 0.2102547296875 0.5250325499999999 0.223560275 0.523295296875
3 0.2285034046875 0.64487104375 0.23050228125 0.56846388125 0.20909774531249997 0.570201134375 0.20851922812499998 0.6460612 0.2285034046875 0.64487104375
1 0.19140625 0.5654296875 0.1982421875 0.5703125 0.2265625 0.5693359375 0.240234375 0.5634765625 0.240234375 0.5244140625 0.19174273125000002 0.5267698046875 0.19140625 0.5654296875
2 0.189453125 0.4677734375 0.1934782328125 0.529665234375 0.2079407625 0.52792798125 0.205078125 0.4482421875 0.1923828125 0.44140625 0.189453125 0.4677734375
2 0.1953125 0.6455078125 0.2073622453125 0.646640303125 0.2102547296875 0.5713593125 0.1940567515625 0.5713593125 0.1953125 0.5966796875 0.1953125 0.6455078125
2 0.240264553125 0.5233105453125 0.240234375 0.4697265625 0.2255859375 0.46875 0.22620699218749998 0.5248740734374999 0.240264553125 0.5233105453125
2 0.2890625 0.5205078125 0.291015625 0.4638671875 0.2529296875 0.466796875 0.251953125 0.5166015625 0.2890625 0.5205078125
2 0.2449504078125 0.6265034109375 0.2421875 0.6123046875 0.2294921875 0.603515625 0.228515625 0.6279296875 0.2449504078125 0.6265034109375