4 0.4442179515625 0.61818509375 0.5057149765625 0.620235240625 0.6492989296875 0.6198113734375 0.6602269578125 0.6092582984375 0.6582593046875 0.442206328125 0.5262920375 0.43939128125 0.5252931875 0.42500496875 0.5040499406250001 0.4246341671875 0.500080275 0.439445303125 0.464997553125 0.43492608749999995 0.45896863593750004 0.4445879640625 0.43834464375 0.45106495 0.42502560312500004 0.5426433234375 0.42578539375 0.6110263734375 0.4442179515625 0.61818509375
5 0.7559347890625 0.3324426828125 0.731773053125 0.3355908046875 0.7049127609375 0.34339611875 0.68812625 0.3538469328125 0.6892609968750001 0.40074888125 0.7141023671875 0.4324372484375 0.728765615625 0.43171648593749995 0.7457566484375 0.40954870625 0.756816646875 0.38422164531249997 0.7559347890625 0.3324426828125
0 0.39301396093749996 0.612592628125 0.42245325468750006 0.6139988875 0.42317997656250006 0.5924233828125 0.4249233421875 0.54850180625 0.4273874703125 0.5192434796875001 0.408852653125 0.5179432421875 0.39622203906250003 0.541448953125 0.3009358375 0.545360884375 0.27290576093749996 0.6157957406250001 0.2831608109375 0.612443696875 0.34664475 0.612575103125 0.39301396093749996 0.612592628125
0 0.261369925 0.613306990625 0.28884767031249997 0.547572971875 0.26861749218750003 0.5292200046875 0.21489861875 0.6266385453125001 0.261369925 0.613306990625
2 0.214609584375 0.6799901453125 0.2177289875 0.667950834375 0.2586993375 0.6149468546875 0.2175536125 0.62204234375 0.2105994125 0.6287579359375 0.1845025734375 0.6756075187499999 0.214609584375 0.6799901453125
2 0.2860250203125 0.4517388890625 0.2740344375 0.46382428437499995 0.2728414015625 0.5321732484374999 0.28893741093749997 0.5424317203125 0.2913371921875 0.47975368593749995 0.2860250203125 0.4517388890625
6 0.3241212765625 0.4480944625 0.31134268125000003 0.45275496718749997 0.315773071875 0.47668649218750003 0.3163489953125 0.501677915625 0.29401736093749997 0.54573465625 0.3097746921875 0.5425850343749999 0.3156331734375 0.54268729375 0.329916528125 0.5077750062499999 0.33252138593749997 0.47376457031249997 0.3241212765625 0.4480944625
6 0.23590799843750002 0.673933409375 0.2787153359375 0.6129669171875001 0.2743219578125 0.6152195484375 0.2198353640625 0.67493854375 0.23590799843750002 0.673933409375
5 0.3257139765625 0.6366275359375 0.323108559375 0.61802454375 0.3103981359375 0.61877939375 0.31009135625 0.6363548421874999 0.3257139765625 0.6366275359375
5 0.271312440625 0.675723115625 0.27251041875 0.6630467796875 0.2598681703125 0.659895975 0.256683278125 0.6744910515625 0.271312440625 0.675723115625
5 0.3621991953125 0.6167534515625 0.3552790828125 0.6215162171874999 0.3570955640625 0.6293616140625 0.3717247265625 0.630593678125 0.374773271875 0.6238099109374999 0.3621991953125 0.6167534515625
5 0.5562157984375 0.636744115625 0.5554609484374999 0.6240336921875 0.5388107843750001 0.626673196875 0.54251191875 0.6384583359375 0.5562157984375 0.636744115625
5 0.5970888296875 0.6452712468749999 0.59832089375 0.630642084375 0.5875292125 0.6333838484375 0.58927751875 0.6451349 0.5970888296875 0.6452712468749999