0 0.3349609375 0.390625 0.1927662671875 0.39635817812499996 0.194861553125 0.43826388749999995 0.255859375 0.4365234375 0.3275629703125 0.4347717453125 0.4553753859375 0.43686703125 0.4553753859375 0.39077075 0.3349609375 0.390625
5 0.45703125 0.4501953125 0.4619140625 0.455078125 0.55078125 0.4541015625 0.556640625 0.4501953125 0.5576171875 0.380859375 0.45703125 0.3818359375 0.45703125 0.4501953125
4 0.45816237343750005 0.5994248843750001 0.460671446875 0.52164266875 0.458984375 0.4716796875 0.4541015625 0.439453125 0.3720703125 0.435546875 0.314453125 0.4443359375 0.31514342968750003 0.597919421875 0.31715071250000004 0.6039412703125 0.3291015625 0.60546875 0.359375 0.6044921875 0.42955859218750003 0.6039412703125 0.4405986171875 0.602435809375 0.44862775 0.6019339875 0.45816237343750005 0.5994248843750001
5 0.7607602546875001 0.43683497656250003 0.6784616515625 0.437838603125 0.672439803125 0.4453659140625 0.67578125 0.5556640625 0.6806640625 0.5625 0.703125 0.5615234375 0.7733057734375001 0.5577737625 0.7690919468749999 0.4676910484375 0.7667821046875 0.44386045156250004 0.7607602546875001 0.43683497656250003
5 0.4677437578125 0.5024958125000001 0.46071374218749994 0.5017751125000001 0.46022980156250004 0.5290630125 0.4609375 0.5458984375 0.466796875 0.5478515625 0.48292303593749997 0.5472266921875 0.481890046875 0.529149375 0.481890046875 0.5012586328124999 0.4677437578125 0.5024958125000001
6 0.2877525453125 0.6037914437499999 0.31429282812500003 0.6037914437499999 0.3135944 0.44035917343750003 0.35480168125 0.43686703125 0.2877525453125 0.4354701953125 0.2877525453125 0.6037914437499999
1 0.1568948296875 0.3985833265625 0.1353878796875 0.3834227046875 0.136093025 0.4207954 0.1371507421875 0.4528795171875 0.157952546875 0.43912918593750006 0.1840428984375 0.43807146875 0.1843851265625 0.3991518921875 0.1568948296875 0.3985833265625
3 0.16077310625000002 0.66371794375 0.17558115624999998 0.6633653500000001 0.172760596875 0.493777928125 0.17346572031250002 0.43842402968750005 0.1591796875 0.439453125 0.1600679828125 0.5307980625 0.16077310625000002 0.6143577578125 0.16077310625000002 0.66371794375
2 0.17278470937499998 0.4682762140625 0.17299645624999999 0.49665016875 0.17362675156250001 0.563744359375 0.175073640625 0.6635797640625001 0.1884573921875 0.662856296875 0.185546875 0.4482421875 0.185277721875 0.4386317734375 0.17236121875 0.43947875625000005 0.17278470937499998 0.4682762140625
2 0.1513671875 0.443359375 0.1435546875 0.44921875 0.13671875 0.4541015625 0.13671875 0.4970703125 0.1363415203125 0.663795384375 0.160688240625 0.6634475953125001 0.1595910609375 0.4982975578125 0.1589119296875 0.47962201093749995 0.1585723953125 0.439214928125 0.1513671875 0.443359375
2 0.1579571640625 0.3974823140625 0.1583270640625 0.3442134015625 0.133172296875 0.3442134015625 0.1346519890625 0.3863846234375 0.1579571640625 0.3974823140625
3 0.17349393125 0.3974823140625 0.17164429375 0.34532317031250004 0.1590669328125 0.34458331875 0.1583270640625 0.3978522375 0.17349393125 0.3974823140625
2 0.1849615234375 0.39859208437500004 0.184221678125 0.34458331875 0.17127439375 0.34458331875 0.1727540625 0.398222171875 0.1849615234375 0.39859208437500004