4 0.666015625 0.5986328125 0.5460859578124999 0.39403463437499997 0.5148411453125 0.40920441875 0.48091817968750006 0.4341899265625 0.48984526875 0.449359709375 0.4453125 0.4794921875 0.451458825 0.4895150015625 0.44342443125 0.5002230859375 0.5 0.6005859375 0.5380515640625 0.6626289046875 0.5523348921875 0.6786910484375 0.5925067937499999 0.6545979 0.6123046875 0.638671875 0.6611328125 0.609375 0.666015625 0.5986328125
0 0.6122254265625 0.64791418125 0.6453929671874999 0.6978852171875001 0.657890921875 0.7142218890625001 0.67327296875 0.7017291390625 0.661736415625 0.684911965625 0.62904955625 0.6368628984375 0.6122254265625 0.64791418125
6 0.5679120296875 0.79271490625 0.720703125 0.6923828125 0.7119140625 0.677734375 0.5623050015625 0.7814896015625 0.5679120296875 0.79271490625
2 0.675490440625 0.7602239203125001 0.6708984375 0.73828125 0.569624878125 0.801049384375 0.5852443921875 0.8158160109375 0.675490440625 0.7602239203125001
2 0.728515625 0.7294921875 0.74813718125 0.7197502828125 0.7369231218750001 0.7045159203125 0.7109375 0.7158203125 0.728515625 0.7294921875
1 0.6887837796875 0.755583225 0.7285425390625 0.7314196125 0.706485121875 0.71734485625 0.6731647640625 0.7380471609375 0.6887837796875 0.755583225
3 0.23823984999999998 0.33140736249999997 0.3680281265625 0.541449728125 0.5370392921875 0.8148667062499999 0.5594673359375 0.8004341421875001 0.26226987031250004 0.3161729828125 0.23823984999999998 0.33140736249999997
2 0.5129771937500001 0.8100400375 0.5217940859375 0.7970910984375 0.235035896875 0.3346145875 0.2294288671875 0.3386236453125 0.5129771937500001 0.8100400375
2 0.369140625 0.2158203125 0.38671875 0.2294921875 0.4311614296875 0.2002355765625 0.42161619687499996 0.17417677812500001 0.369140625 0.2001953125 0.369140625 0.2158203125
2 0.2509765625 0.2734375 0.2578125 0.2724609375 0.267578125 0.2568359375 0.2548828125 0.248046875 0.248046875 0.2646484375 0.2509765625 0.2734375
3 0.236328125 0.2529296875 0.255859375 0.2236328125 0.2509765625 0.21875 0.2268587171875 0.23658598125000002 0.236328125 0.2529296875