4 0.380859375 0.3505859375 0.39934768125 0.3274650984375 0.36328125 0.2978515625 0.3875408796875 0.26565304375 0.380859375 0.2587890625 0.3278123578125 0.2149532296875 0.29030840156250004 0.18856157812500002 0.275390625 0.2060546875 0.218078559375 0.2976008375 0.2090498296875 0.289266625 0.2021046953125 0.2982953546875 0.19099236875 0.31704733281249997 0.1750185046875 0.336493828125 0.1534884125 0.365663571875 0.1865234375 0.39453125 0.2451171875 0.4375 0.2583606296875 0.443449596875 0.3035042375 0.3830265140625 0.3500369234375 0.42122498906250005 0.396569609375 0.36149646562500004 0.380859375 0.3505859375
0 0.2255859375 0.203125 0.2397567703125 0.211370684375 0.2622779515625 0.2273231734375 0.281045575 0.2015176671875 0.2374107859375 0.1682050734375 0.2148896046875 0.1954181671875 0.2255859375 0.203125
5 0.5788960484375 0.651583715625 0.5486746515625 0.6270939640625001 0.5413798328125 0.63803619375 0.5325218375 0.633346665625 0.52001643125 0.6510626562499999 0.5267901921875 0.657315359375 0.520537490625 0.6651312375 0.5705591109375 0.7073369796875 0.5997383890625 0.6703418234375 0.6231860250000001 0.6453310125 0.601301565625 0.62813608125 0.5788960484375 0.651583715625
6 0.25331907187499997 0.241372246875 0.26213420468750004 0.22745361718749998 0.25378302656249996 0.22095825625 0.25308709375 0.228613503125 0.24844755156249998 0.2355728171875 0.236328125 0.2490234375 0.21875 0.2705078125 0.21875 0.2744140625 0.220703125 0.2763671875 0.220703125 0.2783203125 0.2236328125 0.28125 0.228515625 0.2802734375 0.234375 0.2724609375 0.23684870624999999 0.2671217140625 0.243112090625 0.25621879375 0.25331907187499997 0.241372246875
6 0.255859375 0.2451171875 0.2578125 0.2392578125 0.2529296875 0.234375 0.2490234375 0.234375 0.24505206093749998 0.24014425 0.239975015625 0.2455597765625 0.23422103125 0.2540215078125 0.2247438796875 0.2658679578125 0.2122205203125 0.2817760234375 0.2061280671875 0.287868478125 0.196989384375 0.28245296249999996 0.18785070312500002 0.2750066390625 0.16720403125 0.2584216140625 0.16280392500000002 0.2648525484375 0.1922507875 0.2875300078125 0.2010510203125 0.29429941249999997 0.2030818390625 0.2973456390625 0.2098512125 0.2929455234375 0.2179744859375 0.297007159375 0.22948247500000002 0.2817760234375 0.236328125 0.2724609375 0.24505206093749998 0.25876009375 0.251953125 0.2490234375 0.255859375 0.2451171875
1 0.21059544687499998 0.1473055328125 0.1953125 0.1337890625 0.1875 0.1162109375 0.18166293125 0.122267765625 0.15161759375 0.1614936109375 0.1624672921875 0.1628845890625 0.1758207859375 0.16733575625 0.1911216265625 0.1776290515625 0.20948265625 0.1929299109375 0.2197759609375 0.17957643437499998 0.2273133734375 0.1703263015625 0.2322948453125 0.1631627953125 0.21059544687499998 0.1473055328125
2 0.17498619375 0.16705755 0.16942222812500002 0.16483197031250002 0.1624672921875 0.16260639999999998 0.1572265625 0.162109375 0.151895790625 0.16232819375000002 0.141880684375 0.17651626250000002 0.1301963921875 0.19209531875000002 0.12109375 0.2021484375 0.0998728734375 0.23159935156250003 0.0826246328125 0.2527423546875 0.063429028125 0.27750192500000004 0.041173218750000004 0.30782544375 0.028376153124999998 0.3247954875 0.04701538125 0.3398181640625 0.07149673749999999 0.3069908515625 0.08206825625 0.2922463890625 0.1221286671875 0.23827608906250003 0.13409115625 0.2221406484375 0.1468882375 0.2062833953125 0.15829433125 0.190982528125 0.17498619375 0.16705755
3 0.1877832578125 0.17623806875 0.18249750781250001 0.170952315625 0.175542571875 0.16733574843750001 0.1638582796875 0.18347119843749998 0.13409115625 0.2232534296875 0.08429381875 0.28807342812500003 0.0467371671875 0.3398181640625 0.056474093749999996 0.347607675 0.0726095265625 0.325630096875 0.0867975953125 0.30726905000000004 0.10015107031249999 0.28807342812500003 0.1110007703125 0.27332896406249996 0.1226850625 0.25663711875 0.12991819531249998 0.24801299999999998 0.1360385375 0.2435618484375 0.141880684375 0.2463438140625 0.15022660625 0.25135136875 0.1574597390625 0.2591408953125 0.1624672921875 0.253020553125 0.150504803125 0.2435618484375 0.142437078125 0.23660690468749998 0.1477228296875 0.22798278437500002 0.15495596250000002 0.21880227031250002 0.1602417140625 0.21212553281250002 0.16552746406250002 0.2060051890625 0.17248239999999998 0.19599008125 0.181640625 0.1826171875 0.1877832578125 0.17623806875
2 0.1269345109375 0.30050785 0.144884846875 0.27582612968750003 0.15802705625 0.2591579609375 0.150654596875 0.25082388125 0.1362302203125 0.24313088125 0.1266139703125 0.25114441875 0.11026634375 0.2751850453125 0.087187340625 0.3069186734375 0.05673589999999999 0.3479480109375 0.0791737984375 0.3633340125 0.085905175 0.3527561359375 0.0907133 0.34698638593750003 0.09616250937500001 0.339293384375 0.10321442656249999 0.329677134375 0.1269345109375 0.30050785
2 0.20824921875000002 0.1924690015625 0.1982421875 0.18359375 0.1881201171875 0.1748249703125 0.1796875 0.1865234375 0.1674940015625 0.202906309375 0.16202683906249998 0.2098645171875 0.1550686453125 0.2180652625 0.1476134234375 0.22875108906250002 0.1423947671875 0.237448840625 0.14686790156250001 0.240182421875 0.1540746015625 0.24664362343750001 0.16302086875 0.2531048078125 0.175694746875 0.23570928906250002 0.183646984375 0.22527197656250003 0.195078325 0.2106100390625 0.202285040625 0.20191228749999998 0.20824921875000002 0.1924690015625
3 0.21397934843750002 0.116672725 0.1990579390625 0.1363562765625 0.2057249515625 0.143340765625 0.20985215 0.1471504859375 0.22265625 0.1298828125 0.23779010625 0.1119105734375 0.2254085125 0.10143384062500001 0.21397934843750002 0.116672725
2 0.20735180468749997 0.09084245937499999 0.2088184828125 0.09194246874999999 0.2106518328125 0.0943258203125 0.213218521875 0.0943258203125 0.21615188125 0.0974425171875 0.21633521562500002 0.09982586875 0.2148685359375 0.10514258125 0.20900181875 0.10825928124999999 0.20368510624999997 0.10624259062500001 0.20130175156250002 0.095792503125 0.20020174218750003 0.0994591984375 0.1879183015625 0.117426021875 0.1908516609375 0.12439274843749999 0.194335025 0.13300949687500002 0.198551728125 0.136309525 0.22018524843749998 0.1084426109375 0.22476862187500002 0.1016592171875 0.213218521875 0.0921258015625 0.2093684890625 0.08845910312500001 0.20735180468749997 0.09084245937499999
2 0.25985101718750003 0.127187253125 0.2490868390625 0.120766515625 0.24191072187499998 0.11529000625000001 0.23737843593750002 0.112457328125 0.22906924687500002 0.12303265781249999 0.2249146515625 0.1269984078125 0.215472390625 0.1394621921875 0.20980703437499998 0.14701600625 0.2132062484375 0.1492821484375 0.2175496890625 0.1528702015625 0.2313353890625 0.16306784375 0.2353011390625 0.15740248750000002 0.24609375 0.1435546875 0.25021991093749996 0.13965103750000002 0.25531873125 0.1319083859375 0.25985101718750003 0.127187253125