4 0.5114849718750001 0.4920251234375 0.40070747500000004 0.57799723125 0.4400731203125 0.6325369140625 0.48564445312500004 0.682720059375 0.531221946875 0.64834735 0.5484793906250001 0.63266304375 0.5962224140625 0.592641275 0.56386179375 0.54724546875 0.5114849718750001 0.4920251234375
0 0.5004089875 0.4067148953125 0.4397574421875 0.46203263906250003 0.47912778125 0.48285615625 0.48648008750000005 0.496434159375 0.515331878125 0.4913468109375 0.5209884 0.49530755156249995 0.556395653125 0.5386456749999999 0.5641820453124999 0.5487773828125 0.5739297 0.5593530109375 0.5870439515625 0.5782514578125 0.6097510015625 0.60684728125 0.6299265953125001 0.63136174375 0.6370503937499999 0.647385884375 0.6697443921875 0.6753363875 0.6941777546875 0.7126764828125001 0.70241115625 0.7213451125 0.715482315625 0.738962340625 0.753937234375 0.710448575 0.7215958984374999 0.66317673125 0.6757172328125 0.6033503734375001 0.6394385765624999 0.5597015578125 0.619584309375 0.5367446234375 0.6004120890625 0.507085328125 0.5764293703125001 0.48354855781249995 0.5623141859375 0.458552053125 0.5561820703125 0.44745359999999995 0.5312957171875 0.4131682609375 0.513534 0.4024173453125 0.5004089875 0.4067148953125
0 0.6177020328125 0.655755659375 0.633089653125 0.6530424078125 0.6318468625 0.6403703875 0.618835684375 0.639689725 0.5885110859375 0.65891955625 0.56192190625 0.6655912015625 0.5305845328125 0.645334509375 0.530582184375 0.6621925921875 0.5456283015625 0.6744139687499999 0.563164696875 0.678263221875 0.5835305281250001 0.675663803125 0.6177020328125 0.655755659375
5 0.3950720828125 0.42231375 0.43364792812499997 0.46112665625 0.5152321296875 0.3951765265625 0.4548246890625 0.3225312734375 0.44271949531250004 0.3157410984375 0.394856153125 0.3479797578125 0.3657743453125 0.37988160937500004 0.3950720828125 0.42231375
5 0.3690793546875 0.33463545781250004 0.3932309796875 0.323646665625 0.41353089687500005 0.3020469125 0.41941743750000005 0.27919315 0.41466924531249993 0.2522648140625 0.391478675 0.2275967375 0.3474669328125 0.2254409203125 0.325121003125 0.2380685703125 0.31128651406249996 0.274158915625 0.31257839375 0.29580422500000003 0.322464053125 0.318458040625 0.3472352953125 0.330074409375 0.3690793546875 0.33463545781250004
5 0.6286947046875 0.526889028125 0.6358240375 0.5167072875 0.59442110625 0.4674849703125 0.58197440625 0.475629425 0.582199728125 0.48253108750000007 0.6179461374999999 0.5277926640625 0.6286947046875 0.526889028125
5 0.49331700625 0.4991210046875 0.47381041562500004 0.48081886875 0.43116214375000006 0.45740828593750005 0.42562532031250006 0.485774165625 0.3995295 0.505123796875 0.41825091406250003 0.5312722375 0.42515257812499996 0.531046915625 0.4416738515625 0.512267728125 0.4725605796875 0.5187210953125 0.49331700625 0.4991210046875
1 0.770314321875 0.767673853125 0.8002596093750001 0.7453419 0.7860846031250001 0.7415711375 0.7599525375 0.7154673109374999 0.7229379328125 0.7423109390625 0.7404427140625 0.7838489265625 0.770314321875 0.767673853125
3 0.7861868656250001 0.7414100484375 0.8020082343749999 0.744589640625 0.822450965625 0.7307045140625 0.798683034375 0.7163242234375 0.7830155953125 0.7008472078125 0.7608692031250001 0.7163592296875 0.76987594375 0.726046496875 0.7861868656250001 0.7414100484375
2 0.6074042203125 0.8409714453125 0.575574846875 0.876464140625 0.5514203109375 0.9062660734374999 0.5821366453125 0.946488975 0.6046412421875 0.91553213125 0.6303079109375 0.8888371578125 0.6575976859375 0.8604101468750001 0.6847495234375 0.8339352265625 0.711928253125 0.8103472078125 0.7283508875 0.7968487671875 0.739436646875 0.7886288171875 0.7294642046875001 0.75735158125 0.7198463046875 0.7443886265625 0.6931039375 0.7654542828124999 0.6692579953125 0.7837540265625 0.6354989578125 0.8162053484375 0.6074042203125 0.8409714453125
2 0.8099051921875 0.7118992546875 0.798667028125 0.7021087421875001 0.7894957125000001 0.693764871875 0.7814068625 0.699266115625 0.7908878609375 0.7093664640624999 0.8049166046874999 0.7195704796875 0.8142949093749999 0.726519534375 0.8238802328125001 0.7320737453125 0.833648821875 0.7258235578125001 0.8209110703125001 0.72037240625 0.8099051921875 0.7118992546875