4 0.5322265625 0.625 0.537109375 0.6181640625 0.533203125 0.5341796875 0.5283203125 0.529296875 0.4873046875 0.529296875 0.482421875 0.5224609375 0.48046875 0.3759765625 0.4697265625 0.3671875 0.3076171875 0.37109375 0.310546875 0.4423828125 0.3193359375 0.451171875 0.3515625 0.4541015625 0.3515625 0.5087890625 0.330078125 0.5126953125 0.33203125 0.5810546875 0.353515625 0.5869140625 0.35546875 0.6162109375 0.3671875 0.6474609375 0.396484375 0.6533203125 0.4384765625 0.640625 0.4814453125 0.64453125 0.4931640625 0.626953125 0.5322265625 0.625
0 0.20222170312499999 0.290887084375 0.18190346875000002 0.29608442031250004 0.163947765625 0.2946669625 0.16796875 0.3193359375 0.1682004375 0.33530061093749997 0.16867294375 0.3740443 0.3134765625 0.3671875 0.33984375 0.3681640625 0.4677734375 0.3671875 0.46875 0.2861328125 0.2197265625 0.2890625 0.20222170312499999 0.290887084375
5 0.5361328125 0.310546875 0.53125 0.3134765625 0.5302734375 0.353515625 0.58203125 0.3544921875 0.5859375 0.3349609375 0.5810546875 0.326171875 0.5673828125 0.326171875 0.5361328125 0.310546875
1 0.12164140000000001 0.3703958484375 0.139530015625 0.3748676609375 0.159222625 0.37262684375 0.1585365484375 0.292138846875 0.1502447734375 0.299864278125 0.1228387125 0.30222669999999996 0.12164140000000001 0.3703958484375
6 0.1973622328125 0.559317259375 0.173396646875 0.559317259375 0.173396646875 0.5759877765625 0.20778205 0.5749458734374999 0.23956247656250002 0.5723411046875 0.285930671875 0.564005834375 0.3293574359375 0.5585660703124999 0.32969385 0.541083878125 0.290619559375 0.5447305499999999 0.24268842968749998 0.554107721875 0.1973622328125 0.559317259375
3 0.127989234375 0.5698365843750001 0.1289174265625 0.5800460937499999 0.1450062859375 0.579736715625 0.16558145468750002 0.5789632734375 0.1652720609375 0.5621021046875 0.127989234375 0.5624114828125 0.127989234375 0.5698365843750001
2 0.165500509375 0.579836025 0.1395457359375 0.5805786515625 0.129585978125 0.580910625 0.1328125 0.6787109375 0.1322180671875 0.69581111875 0.1331016875 0.71701615 0.1326598953125 0.7338034625 0.14453125 0.7333984375 0.1565172609375 0.7333617015625 0.16977135625 0.7324781437500001 0.166015625 0.6142578125 0.165500509375 0.579836025
2 0.1358782921875 0.37697400000000003 0.1183813234375 0.3690727078125 0.1195101796875 0.39842038125 0.1195101796875 0.42663930156249996 0.125718771875 0.4960578578125 0.1279764375 0.5389506203125001 0.12910529375 0.5620901546875 0.1652280859375 0.5609614015625 0.162109375 0.5224609375 0.15789063750000001 0.3747164828125 0.1358782921875 0.37697400000000003
5 0.3623046875 0.673828125 0.369140625 0.6728515625 0.375 0.6689453125 0.3720703125 0.65234375 0.361328125 0.6669921875 0.3623046875 0.673828125
5 0.43359375 0.6689453125 0.43359375 0.6572265625 0.4208984375 0.65234375 0.41796875 0.6669921875 0.43359375 0.6689453125
5 0.4609375 0.6572265625 0.4599609375 0.642578125 0.44140625 0.6435546875 0.4423828125 0.658203125 0.4609375 0.6572265625
5 0.670927209375 0.4963094953125 0.6884289781249999 0.4244257953125 0.6453842390625 0.41454738593749996 0.6235089953124999 0.40396337656250003 0.593166021875 0.39549615625 0.58399254375 0.429365015625 0.5762303328125 0.448416253125 0.5472986296875 0.45970587500000004 0.530362940625 0.45970587500000004 0.48308433749999996 0.456883465625 0.4844956640625 0.52885480625 0.53812515 0.5302660328125001 0.5402421703125 0.624816603125 0.531774325 0.6276390265625 0.5367138828125 0.6840871234375 0.6404446828125 0.6791479171875 0.6355051265625 0.64880704375 0.6404446828125 0.6128213812500001 0.670927209375 0.4963094953125
6 0.5177263062499999 0.4357512984375 0.5228691999999999 0.41303853906250004 0.5220018375000001 0.3753258625 0.518583503125 0.36293141875 0.50390625 0.3544921875 0.4937262359375 0.35093221875 0.4684404421875 0.35136076875 0.46972612968750005 0.368931009375 0.480011915625 0.3672168453125 0.481297603125 0.37450206875 0.505297709375 0.37364496875 0.5074405921875 0.3924684890625 0.50915484375 0.40961019375 0.5022977 0.43406948125 0.4962976828125 0.4430365296875 0.4830119234375 0.45846406562500003 0.5010119765625001 0.45717844375 0.5275835296875 0.460178221875 0.5211549484375 0.452035925 0.5177263062499999 0.4357512984375
5 0.4814453125 0.689453125 0.509765625 0.6884765625 0.51171875 0.6669921875 0.5068359375 0.662109375 0.478515625 0.6650390625 0.4814453125 0.689453125
2 0.102423709375 0.5636487765625 0.112386875 0.5648208015625 0.1030097640625 0.3761200765625 0.0930465984375 0.3767061375 0.0977351296875 0.467540303125 0.102423709375 0.5636487765625
2 0.10183760625 0.58314816875 0.103515625 0.6318359375 0.10335130625 0.66125864375 0.101550353125 0.697275053125 0.0961475421875 0.732090946875 0.11115542187500001 0.732090946875 0.1165582828125 0.6534551078125 0.1147573296875 0.6102354203125 0.11297292968749999 0.5843202421875 0.10183760625 0.58314816875