4 0.6996130968750001 0.447228725 0.7421542859375 0.38721709843749996 0.7419627296875 0.3758301328125 0.6694917968749999 0.3294784703125 0.6459585203125 0.36437992812500003 0.66492198125 0.376456125 0.6653752046875 0.3834836171875 0.6433862796875001 0.3707883046875 0.63473744375 0.354518525 0.59449995 0.332415034375 0.5584372515625 0.3792524609375 0.5277362531249999 0.44610002499999996 0.6026135359375 0.49609626718750005 0.6573592390624999 0.5243208015625 0.6996130968750001 0.447228725
0 0.76971645 0.34342340781249997 0.7823329890624999 0.3230002578125 0.789288459375 0.3138116453125 0.7803103375 0.3055038796875 0.7316814078125 0.275661190625 0.7201584828125001 0.29445557187500004 0.713730846875 0.3053231953125 0.7003079953125 0.32356963125 0.6832050609375 0.3124573328125 0.6719134375 0.329871034375 0.6965740984375 0.3457594125 0.7363501578125 0.371199959375 0.7457516656250001 0.3799290390625 0.7537921375 0.3660025328125 0.76971645 0.34342340781249997
5 0.44085473124999996 0.6981457359375 0.4627222171875 0.683707640625 0.46796247500000004 0.6765843703125001 0.46376889375 0.66626974375 0.43696726874999997 0.64628526875 0.41955503437499997 0.6666785171875 0.42322527968749996 0.6857120921875001 0.44085473124999996 0.6981457359375
5 0.555967665625 0.4714205359375 0.5429850203125001 0.4763290109375 0.5202624140625 0.5195919703125 0.523741103125 0.5272385796875 0.552757521875 0.5394806671875 0.584110175 0.571113778125 0.6272069453125 0.5892313421875001 0.6444980359375 0.5563626859374999 0.6498084093750001 0.5334929749999999 0.6371575468749999 0.5182955359375 0.555967665625 0.4714205359375
5 0.5318873578125001 0.7025325140625001 0.5119699515625 0.692685065625 0.500167484375 0.7131275359375 0.50256763125 0.731858321875 0.5206968109375001 0.744803015625 0.5370711359375 0.733607796875 0.5318873578125001 0.7025325140625001
1 0.7618890015625001 0.22608244375000003 0.7374749390625001 0.268368840625 0.7938933718750001 0.3062207140625 0.8028887125 0.2897468296875 0.8098945453124999 0.271840653125 0.8367406203125001 0.2546387625 0.8461328781249999 0.25105753750000004 0.8297832421875 0.23934554531250002 0.767199375 0.20321273281250002 0.7618890015625001 0.22608244375000003
2 0.8603020859375 0.321074790625 0.8255523390624999 0.2965271578125 0.8065130515625001 0.28431167031250004 0.793849065625 0.305540178125 0.8018460390625 0.31117169843750003 0.8408767390625 0.33636103125 0.889937328125 0.3728404796875 0.912021503125 0.38966793593750004 0.9249311703125 0.37225071875000004 0.8926876140625 0.3454805890625 0.8603020859375 0.321074790625
3 0.8330456937499999 0.2822250484375 0.8251198046875 0.2767982828125 0.8200650250000001 0.2730291359375 0.8144643109375 0.2687321265625 0.809812034375 0.2720014109375 0.8069256890625001 0.278842525 0.8056230140625 0.28404570156250003 0.8162328078125001 0.2901593359375 0.8369894859375 0.30449473125000004 0.8537535281249999 0.316011584375 0.8624787375 0.32176321093750004 0.869011790625 0.327023890625 0.8961750859375 0.34738578593749997 0.9159764718750001 0.363922646875 0.9250302640625 0.372552878125 0.937012303125 0.35990334375 0.922191625 0.3483689828125 0.9025003703125 0.3327464578125 0.88750216875 0.32004616874999997 0.866914634375 0.30560767968749997 0.8433662156249999 0.29003789375 0.8404009578125 0.28753504531249996 0.8330456937499999 0.2822250484375
2 0.9367320890625 0.359429175 0.9570793609375 0.3343033921875 0.944264934375 0.323619225 0.9232057859375 0.3063495734375 0.90030105 0.28908011875 0.871493321875 0.2688266453125 0.8478852859374999 0.2515457171875 0.838973940625 0.25370239687499996 0.8257633484375001 0.261408703125 0.815733984375 0.26803104375000003 0.8217459828125 0.274057646875 0.8334342890625 0.282266246875 0.8796016812499999 0.313213725 0.9203881781250001 0.3480381921875 0.9367320890625 0.359429175
2 0.7657301875 0.2007058078125 0.737721096875 0.182391084375 0.7140595750000001 0.1701591703125 0.6714988421875 0.144872184375 0.6444785203125 0.1285574578125 0.622864509375 0.15609355 0.6547906671875 0.173811590625 0.6945890484375 0.1989328625 0.734100421875 0.2196010984375 0.75731650625 0.2354641453125 0.7620473328124999 0.22589574843750002 0.7657301875 0.2007058078125
2 0.748960165625 0.24870145312499997 0.7125714984375 0.22744734531250002 0.6813223203125001 0.20833707031249998 0.6462259296874999 0.1877842515625 0.6256966187499999 0.1756417421875 0.6126178125 0.168670503125 0.5951891078125 0.1873094203125 0.61261629375 0.1967912 0.6401030234375 0.2129505765625 0.7377663390625 0.268089728125 0.744511596875 0.2572845015625 0.748960165625 0.24870145312499997
3 0.6468943703125001 0.1877200953125 0.7501550515625001 0.2476341578125 0.7568057828125 0.2345742703125 0.62263866875 0.1568163703125 0.6187276578125 0.1625634625 0.61385841875 0.16894325937500002 0.6339981625 0.180274465625 0.6468943703125001 0.1877200953125