4 0.4736328125 0.5859375 0.484375 0.5771484375 0.486328125 0.3447265625 0.4794921875 0.337890625 0.3935546875 0.333984375 0.330078125 0.3408203125 0.328125 0.3876953125 0.31640625 0.3955078125 0.318359375 0.4912109375 0.330078125 0.4990234375 0.330078125 0.5712890625 0.3369140625 0.587890625 0.37109375 0.5869140625 0.4326171875 0.58203125 0.4502036578125 0.590955759375 0.46546535625 0.58968396875 0.4736328125 0.5859375
5 0.5527559203125 0.3075455046875 0.5550955671875 0.3278225609375 0.59175065625 0.33094209375 0.6323051234375 0.3145644796875 0.636984525 0.2794696171875 0.5615234375 0.279296875 0.5527559203125 0.3075455046875
0 0.3322583296875 0.5112864421875 0.3076171875 0.509765625 0.28207419375 0.5106591500000001 0.2513364359375 0.5100318359375 0.23502661875 0.5150501953125 0.2111891703125 0.5137956109374999 0.21181644843749997 0.5658610625 0.244436125 0.5658610625 0.28019231875 0.5658610625 0.302734375 0.5771484375 0.3056640625 0.591796875 0.318359375 0.5927734375 0.33203125 0.5869140625 0.33203125 0.5791015625 0.33100373125 0.5664883546875 0.3322583296875 0.5112864421875
0 0.53125 0.5595703125 0.53125 0.5185546875 0.4951171875 0.51171875 0.494140625 0.5029296875 0.486328125 0.5029296875 0.484375 0.5810546875 0.4775390625 0.59765625 0.4423828125 0.603515625 0.3388671875 0.599609375 0.30859375 0.6044921875 0.3193359375 0.615234375 0.341796875 0.6142578125 0.4990234375 0.61328125 0.51171875 0.5986328125 0.517578125 0.5712890625 0.53125 0.5595703125
1 0.184116025 0.5162412421875 0.16810690625 0.51675765625 0.1557127828125 0.5162412421875 0.143835096875 0.5007487453125 0.147450021875 0.5797605078125 0.1598441453125 0.5647844078125 0.1851488296875 0.566333653125 0.20528931093749997 0.5668500671875 0.20425650625 0.5162412421875 0.184116025 0.5162412421875
3 0.171413590625 0.32499311249999996 0.171875 0.3837890625 0.17312236875 0.5155173375000001 0.1867923921875 0.515090140625 0.187646765625 0.3446435984375 0.1875 0.3271484375 0.1787109375 0.326171875 0.171413590625 0.32499311249999996
2 0.171875 0.3271484375 0.151664075 0.3042885875 0.151664075 0.40688820625 0.1494810515625 0.5056676328124999 0.159304525 0.5171282421875001 0.1718567875 0.5165824828125001 0.1718567875 0.3828755453125 0.171875 0.3271484375
2 0.202418665625 0.31902365781249997 0.185546875 0.3271484375 0.186046234375 0.3495852359375 0.1876834546875 0.40306802187499996 0.18659199843750002 0.45818803125 0.1871377265625 0.5149452796875 0.20460168906249998 0.5160367609375001 0.20460168906249998 0.4838379328125 0.203125 0.3408203125 0.202418665625 0.31902365781249997
2 0.1871377265625 0.7189478953124999 0.1871377265625 0.7331372265625 0.20569318124999997 0.7320457078125 0.20351015781249998 0.663282146875 0.1876834546875 0.6621906656250001 0.1871377265625 0.6905692703125 0.1871377265625 0.7189478953124999
3 0.186046234375 0.7342287078124999 0.18659199843750002 0.66382790625 0.17294824375 0.667648090625 0.1745855015625 0.7336829484375 0.186046234375 0.7342287078124999
2 0.1533203125 0.65625 0.150390625 0.6591796875 0.150390625 0.6767578125 0.15117258125 0.696615340625 0.152322896875 0.7361087875 0.172645003125 0.7345750671875 0.173828125 0.6689453125 0.171875 0.6650390625 0.1630859375 0.65625 0.1533203125 0.65625
5 0.564453125 0.4130859375 0.564453125 0.4228515625 0.58203125 0.4287109375 0.58984375 0.4150390625 0.5849609375 0.40625 0.5732421875 0.404296875 0.564453125 0.4130859375
3 0.33605070625 0.7451408984375 0.3710557734375 0.741899734375 0.5934027484375 0.7360656203125 0.65304105 0.7328244578125 0.7041015625 0.73046875 0.7074933484375 0.7166185656249999 0.6865234375 0.71484375 0.3798828125 0.724609375 0.2089953171875 0.7315279703125 0.2096434890625 0.7470856171875 0.21327042187499998 0.749030315625 0.23660713437499997 0.749030315625 0.2673370953125 0.74773385 0.2803018859375 0.74773385 0.29845268125 0.7457891296875 0.3232421875 0.74609375 0.33605070625 0.7451408984375
2 0.7969507109375 0.712080915625 0.7710210421875 0.7127291484375 0.708789871875 0.71467385625 0.7100863953125 0.7302315046875 0.6465586109375 0.7341209 0.579141434375 0.7354173875 0.250482734375 0.749030315625 0.21158823125 0.749030315625 0.21029175156250002 0.7723667765625 0.2731712734375 0.7684773593750001 0.3652215953125 0.7665326609374999 0.6787109375 0.751953125 0.7982472359375 0.74773385 0.7969507109375 0.712080915625