4 0.5287295546874999 0.312125215625 0.524922815625 0.3254008921875 0.5074693078125 0.3261430765625 0.506317703125 0.3401801015625 0.49569716250000007 0.337134709375 0.49396975625 0.358190246875 0.4814458453125 0.36178269375 0.4727286734375 0.35209946406250003 0.470825303125 0.35873730312499996 0.47954247499999997 0.3684205328125 0.4730901828125 0.37088054062500003 0.467975040625 0.3636669 0.468531678125 0.37675703125000004 0.46188425781250003 0.3849079828125 0.39421663281249997 0.3252763265625 0.3809313734375 0.331523909375 0.30231393125 0.41529831093749997 0.29300179375 0.43274223593750005 0.387767828125 0.5231318234375 0.395342978125 0.53679775625 0.4590374828125 0.5852330703125 0.5163755140624999 0.5355851734375 0.5762022984375 0.46222660312499997 0.581560478125 0.413477690625 0.5660390859375 0.3774190703125 0.5675809453125 0.35200015625000003 0.5514837515625 0.32296004843750004 0.5287295546874999 0.312125215625
5 0.4078607953125 0.738655121875 0.396469325 0.7483191875 0.4011846296875 0.7769690390624999 0.409140453125 0.7893074046875 0.44349083125 0.7747329046875 0.44786379062500004 0.7644930375000001 0.44049335 0.7350818390625 0.4281645671875 0.7329833406249999 0.42513834062500006 0.7234952390625 0.412048209375 0.7240518765624999 0.40692348437500003 0.7268925578125 0.4078607953125 0.738655121875
0 0.719492203125 0.28587165 0.7258682546874999 0.2765719546875 0.6903833078125 0.25155984062500003 0.662856103125 0.22790204531249997 0.600642084375 0.296827696875 0.5913964421875 0.3057084609375 0.5804242734375 0.3197178375 0.560476640625 0.308434121875 0.5480364062499999 0.321095221875 0.5709015015625 0.354544025 0.5712421234375 0.38246147656249996 0.5818527828125 0.42630637968749996 0.6136542890625 0.3978684046875 0.6420282984375 0.3684476125 0.6841909734375 0.324897628125 0.7049066640625 0.3011632546875 0.719492203125 0.28587165
5 0.3772945046875 0.5646670968749999 0.40023424687500003 0.5798653078125 0.4144855640625 0.5552173234375 0.39382028281250003 0.542108028125 0.3772945046875 0.5646670968749999
5 0.3191054 0.512063534375 0.3782813390625 0.5622094140625 0.3958154296875 0.5366353 0.34621380625 0.48485583906249996 0.3191054 0.512063534375
6 0.742294484375 0.28641290937499997 0.7261575203125 0.2763215734375 0.721498971875 0.28271108749999996 0.7298779125 0.2883168359375 0.742880953125 0.29750955156250003 0.7547420390624999 0.30411376093750003 0.757783696875 0.2974490484375 0.742294484375 0.28641290937499997
1 0.6712643984375 0.22391680625000002 0.68698756875 0.23749541093749998 0.6933336 0.2418462453125 0.7063853671875 0.2529713859375 0.7210537171875 0.262872575 0.7313795734374999 0.27026302343749997 0.74113349375 0.2642006375 0.7539241718749999 0.25711065 0.7393103140624999 0.24849066562500002 0.724699259375 0.23691845156250002 0.6960905734375 0.21310612187500003 0.67889549375 0.1950977359375 0.6712643984375 0.22391680625000002
2 0.7541237875 0.2574265671875 0.7479133890624999 0.26102997499999997 0.73575881875 0.26758094374999997 0.7317037531249999 0.2706511015625 0.7411297734375 0.2765285984375 0.7499533781250001 0.282173053125 0.7628092890625 0.2904171140625 0.76675121875 0.29604488125 0.7694797375 0.2920652359375 0.77296046875 0.28684621875 0.777246453125 0.279741659375 0.7799066406249999 0.274155078125 0.7667625015625 0.2660209546875 0.7541237875 0.2574265671875
2 0.62119663125 0.1410482234375 0.6056837484375001 0.124557621875 0.5867969234375 0.09838803593749999 0.5684498203125 0.0739105171875 0.55258094375 0.086905215625 0.56131968125 0.10056289062499998 0.5799714296875 0.12487151562500001 0.5979842609375 0.1451536140625 0.616907553125 0.1685152421875 0.63813225 0.190999415625 0.6584133859375 0.20962589843749999 0.6703470140625 0.21894087187500003 0.6762152015625 0.2029441796875 0.6774702968749999 0.1994607390625 0.660536846875 0.18256282343750002 0.6398849359375001 0.1625488546875 0.62119663125 0.1410482234375
3 0.60547870625 0.1624112609375 0.6153567984375 0.1720474734375 0.6245807 0.1818675421875 0.642885509375 0.19988571093750002 0.6699365609375 0.2234521328125 0.670614084375 0.220241203125 0.652796178125 0.202899028125 0.641598084375 0.19346866875 0.6159888140625001 0.16602639218749998 0.6050530796875 0.1541410734375 0.5945955140625 0.141413365625 0.5835124390625 0.1278982375 0.5753164359375 0.11788645 0.57113125 0.1117002203125 0.5653885015625 0.10543222187500001 0.5596961671875 0.096868003125 0.551641059375 0.08668265 0.5443073843749999 0.0911566828125 0.5487159593750001 0.0940252640625 0.5525686484375 0.0984272921875 0.5560870421875 0.1035981953125 0.5610733015625 0.1097283609375 0.56402465625 0.11333356718750001 0.5662882171875 0.1160067046875 0.5814078281249999 0.136097825 0.5905435046874999 0.147061878125 0.597345521875 0.1538768515625 0.60547870625 0.1624112609375
3 0.5550253296875 0.11995028593749998 0.5700118015625 0.1392503546875 0.5842825546875 0.157545765625 0.6005777625000001 0.1751954640625 0.61570166875 0.1918781859375 0.631963290625 0.20783064843750002 0.6491598046875 0.2237475125 0.6556687703125 0.22867727656249998 0.6587621312499999 0.23188821874999999 0.662127421875 0.22788836875000001 0.6548813359375 0.220740203125 0.6516896625 0.2182405046875 0.648888415625 0.215852765625 0.6435507406250001 0.2112588640625 0.6394116703125 0.2076424421875 0.62567058125 0.19381701875 0.6103723359375001 0.17767939375 0.5916077125 0.1587265296875 0.576486490625 0.14090254687499998 0.56748325625 0.1292447046875 0.56327875 0.1239517890625 0.545598425 0.1015110578125 0.5430879921875 0.10242615156249998 0.5550253296875 0.11995028593749998