6 0.36207673281249997 0.7771606796875 0.3607843296875 0.7587020484375 0.35280540781249997 0.73669355 0.338070640625 0.7160141828125 0.3317945765625 0.7078924625 0.2979216890625 0.6755401453125 0.22683264374999998 0.6090605859375 0.21913368437499997 0.616367378125 0.21567344375 0.619396134375 0.272469375 0.673623815625 0.31558650625 0.7149173531249999 0.3293332640625 0.7291480203125 0.338712021875 0.7468578453125 0.3427183109375 0.7578676484375 0.345906778125 0.7663072468750001 0.34679148125000003 0.7769866796875 0.35705908124999997 0.7868493453125 0.361936696875 0.7930942 0.36207673281249997 0.7771606796875
5 0.516824559375 0.57034086875 0.48521286874999997 0.5430631625 0.46093383593750004 0.5648685703125 0.4483053390625 0.5559532875000001 0.4384599515625 0.5464911406249999 0.41665454375 0.5222121046875 0.4369310390625 0.49866093593749994 0.383826965625 0.44620045625 0.363037390625 0.46928961874999997 0.320894003125 0.5140309171874999 0.4558341375 0.6468342921875 0.5230795359375 0.57530031875 0.516824559375 0.57034086875
6 0.573960709375 0.52585759375 0.5891446593749999 0.5185808328125 0.5935641453125 0.504085771875 0.664582740625 0.4279009828125 0.657010490625 0.4225160734375 0.6465686328125 0.43354272656250004 0.519320159375 0.5704427625 0.5234654921875 0.5760061671875001 0.573960709375 0.52585759375
0 0.591630190625 0.38801821406250003 0.6382123281250001 0.43274099374999997 0.6426844968750001 0.4373859359375 0.6758478718750001 0.4060467296875 0.6978266843750001 0.3824526921875 0.7581266 0.318786284375 0.7417735015625 0.304680084375 0.6901204359374999 0.256316921875 0.674042765625 0.2716791328125 0.62423616875 0.3240760625 0.6124228015625001 0.3192659640625 0.5983887250000001 0.3183750296875 0.5912193718750001 0.311919715625 0.582821815625 0.300649453125 0.57865704375 0.2956631109375 0.5739100921875 0.29818890625 0.565883821875 0.3064164671875 0.6074633640625 0.3470825 0.5905459984375 0.3673305859375 0.591630190625 0.38801821406250003
4 0.5990320234375 0.39731104375 0.5884381640624999 0.379887721875 0.607391084375 0.3457033234375 0.54670739375 0.290373628125 0.53097555 0.30139138593750003 0.39185489375000004 0.45518948750000005 0.437410990625 0.4999673640625 0.41835882656249995 0.5254296875 0.4483667953125 0.55341758125 0.4606163625 0.56347854375 0.4761883671875 0.5494111921875 0.48646244375 0.5412277859375 0.5195106296875001 0.5688171343749999 0.62237383125 0.460203646875 0.64399395625 0.43511636249999996 0.5990320234375 0.39731104375
6 0.6231023640625 0.1988077 0.63240258125 0.207181653125 0.6567099625 0.22906811875000002 0.6798123015625 0.25101775000000004 0.687463659375 0.2586725265625 0.6903184171875 0.25550199687499997 0.6564152421875 0.2234445203125 0.6197853296875 0.18931460625000002 0.616570990625 0.19330955625 0.6231023640625 0.1988077
3 0.6747931453125 0.22457054375 0.62200091875 0.1757330375 0.61837584375 0.1794604453125 0.6209454 0.1798917734375 0.6376446703124999 0.1955987078125 0.651582584375 0.2087080625 0.694262034375 0.24894663437500003 0.696729928125 0.24429811250000003 0.6950384656249999 0.24322378125 0.692043615625 0.24110913125 0.6747931453125 0.22457054375
2 0.6571272234375 0.173816128125 0.6387002703125 0.15661331875 0.6286890453125 0.168071240625 0.6233258578124999 0.174763740625 0.6464550874999999 0.197206665625 0.667261303125 0.2168573265625 0.6902612031250001 0.23848318750000003 0.695829828125 0.24349720156250002 0.6982097625 0.2428901234375 0.7140283125 0.2256611953125 0.7096241 0.22139008124999998 0.6869788921875 0.2018530171875 0.6571272234375 0.173816128125
1 0.709740390625 0.22974473281250002 0.6972813328125 0.24358192031249998 0.6943937906250001 0.24984302343749998 0.7037341046875001 0.25767640625 0.7643387640625 0.314349528125 0.769284178125 0.313607990625 0.7776408671875 0.304326946875 0.785963953125 0.2944045421875 0.785373671875 0.2923452828125 0.7719923 0.2793799796875 0.71419706875 0.22581314375 0.709740390625 0.22974473281250002
3 0.77685959375 0.32623443124999996 0.7959783375 0.3443656859375 0.8097671671875 0.3577965796875 0.8144597625 0.3627439609375 0.81814401875 0.35869413125 0.8093442671875 0.3509004609375 0.8022401125 0.3441983078125 0.778210921875 0.32134011406249996 0.7699255546875 0.31357437187500004 0.7633935015625 0.314720625 0.77685959375 0.32623443124999996
2 0.8143753281249999 0.3210675125 0.7977427640625 0.3049286515625 0.7906402625 0.2978358296875 0.7883027734375 0.295266009375 0.7862349609375 0.293171575 0.7854067171875 0.2955765078125 0.7778905515625001 0.304157553125 0.769793821875 0.3122158484375 0.7697817812500001 0.31409730156250004 0.77180791875 0.3163421546875 0.819569571875 0.35946673906250004 0.8265339656249999 0.3522485796875 0.8362482953124999 0.3414597234375 0.8143753281249999 0.3210675125
6 0.754906346875 0.3234063109375 0.7823268078125001 0.3483826296875 0.800606884375 0.3659894328125 0.8044894984375001 0.36231447656250004 0.75756901875 0.3194934265625 0.754906346875 0.3234063109375
6 0.5454385828125 0.2890028546875 0.559832371875 0.3024633390625 0.565882896875 0.3074109984375 0.567569175 0.3044270109375 0.5481199109375 0.2849137515625 0.5412680812499999 0.279744884375 0.5332802875 0.28806060312500004 0.38524245625 0.44691734375000003 0.39134803281249997 0.45291507812500004 0.39480312031250003 0.44852218749999995 0.43229638125000003 0.4088152140625 0.5325317625 0.2988925890625 0.5454385828125 0.2890028546875