4 0.474693565625 0.45497620625 0.441651834375 0.49739527812500006 0.45059455625 0.505028221875 0.44626237343749997 0.5176949796875 0.5310827640625 0.5956629109375 0.5864442828125 0.6429107000000001 0.6049920109375 0.6537729156250001 0.6357525671875 0.61844516875 0.6496600703125 0.5971807328125001 0.6870451453124999 0.5542290296875 0.6883694578124999 0.5425037296874999 0.5110852515625 0.3849796046875 0.486057390625 0.40906210468750004 0.46151567968749996 0.44330750781250006 0.474693565625 0.45497620625
0 0.65244071875 0.60599518125 0.6994268234375001 0.643271128125 0.71636139375 0.6549461453125 0.72713011875 0.6383115203124999 0.7109614125 0.625882428125 0.6650263828125 0.5902858453125 0.65244071875 0.60599518125
6 0.7564651921875 0.6035503890625 0.6462406484375001 0.748459215625 0.655042059375 0.7574024484375 0.769350703125 0.6147659109375 0.7564651921875 0.6035503890625
2 0.6592465703125 0.7647997078125 0.6786647484375 0.774016909375 0.747314940625 0.6932581265625 0.736167028125 0.6738084140625 0.6592465703125 0.7647997078125
2 0.7885261734375 0.621292928125 0.767305628125 0.6400740421875 0.7882482609375 0.647644828125 0.8038990546875 0.6323163328125 0.7885261734375 0.621292928125
1 0.763542275 0.6428998296875 0.7382500953125 0.6728854484375 0.758523603125 0.6847366953125 0.7888694640625 0.6494696015625 0.763542275 0.6428998296875
3 0.649396053125 0.76735343125 0.21709953906249999 0.39863276718749996 0.1989533140625 0.4205472078125 0.3872959609375 0.5802025859375 0.6325256234375 0.7880102625000001 0.649396053125 0.76735343125
2 0.196897259375 0.4245875359375 0.192803525 0.43013304375 0.6081496859375 0.790855425 0.61253360625 0.7758156828125 0.196897259375 0.4245875359375
2 0.3247676609375 0.2143456296875 0.2829005953125 0.25530656875 0.28772898593749996 0.2701668265625 0.3086716171875 0.27773761406249997 0.341898328125 0.23617937968749997 0.3247676609375 0.2143456296875
2 0.1890219046875 0.336123715625 0.18765070625 0.35402516093749997 0.193152975 0.3614787328125 0.1993525625 0.3584375453125 0.20381183281249998 0.34055954375 0.1890219046875 0.336123715625
3 0.1762536078125 0.30946782968750003 0.1588277953125 0.3338836796875 0.1728842203125 0.346501259375 0.182406309375 0.31260278750000003 0.1762536078125 0.30946782968750003