4 0.5947265625 0.462890625 0.564453125 0.4658203125 0.5615234375 0.419921875 0.4228515625 0.419921875 0.41796875 0.4248046875 0.41796875 0.5224609375 0.4228515625 0.533203125 0.564453125 0.5322265625 0.5693359375 0.521484375 0.60090424375 0.5228918625000001 0.599609375 0.4736328125 0.5947265625 0.462890625
5 0.32421875 0.5302734375 0.326171875 0.4814453125 0.3212890625 0.4765625 0.2373046875 0.4765625 0.232421875 0.4814453125 0.23046875 0.5654296875 0.2333984375 0.5703125 0.26953125 0.5693359375 0.2763671875 0.546875 0.2958984375 0.53515625 0.3076171875 0.537109375 0.32421875 0.5302734375
6 0.6015625 0.4951171875 0.6169763265625 0.49535543593750003 0.7754606109375 0.49498330937499996 0.775319059375 0.4888996546875 0.775319059375 0.48324045 0.6015625 0.4853515625 0.6015625 0.4951171875
0 0.5912667109374999 0.5298992609375001 0.589444353125 0.5226025828124999 0.5661847828125001 0.5216339046875 0.5665078421875 0.534872553125 0.41919724374999995 0.53358098125 0.41661281250000004 0.5051663171875 0.384869190625 0.5038569828125 0.3851705015625 0.43970152812499996 0.3312298609375 0.4403039234375 0.33183256875 0.48698981718749995 0.3267097015625 0.48789341249999996 0.3264083484375 0.571325609375 0.395717546875 0.5716268062500001 0.395717546875 0.580060396875 0.40777136093750005 0.579457990625 0.703371765625 0.580060396875 0.777596059375 0.579109053125 0.7756577921875001 0.5280917828125 0.7675581203124999 0.5276517203125 0.5912667109374999 0.5298992609375001
3 0.7831042218750001 0.48295749062500004 0.783203125 0.4853515625 0.7828211171875 0.49554922812499996 0.786642921875 0.49554922812499996 0.7948527234375 0.4956907078125 0.7990991671875001 0.4954077484375 0.798828125 0.4931640625 0.7988161 0.48324045 0.7935787890625 0.48324045 0.7831042218750001 0.48295749062500004
2 0.7814950546875 0.41390568906249997 0.7817599703125 0.48301339375 0.7984491765625 0.4827486140625 0.7981842609375 0.43508812812500003 0.797654428125 0.41364091406250003 0.7915615765624999 0.41390568906249997 0.7814950546875 0.41390568906249997
2 0.79835405 0.495913725 0.783182271875 0.49568738906250004 0.7829558203125 0.5180946078125 0.783182271875 0.5230739843750001 0.789522725 0.5230739843750001 0.7939453125 0.521484375 0.796875 0.5185546875 0.7985805015625 0.5156049046875 0.798828125 0.5126953125 0.79835405 0.495913725
1 0.7900390625 0.5234375 0.7832725796875 0.524643365625 0.78374476875 0.54287795625 0.7847075968749999 0.5798651671874999 0.7900889531249999 0.5800444640625 0.794573390625 0.5809409125 0.799057828125 0.584706040625 0.798828125 0.5751953125 0.7978860828125 0.5296857625 0.7974146921874999 0.5169647171875 0.7939453125 0.521484375 0.7900390625 0.5234375
2 0.7847693359375 0.5803743078125 0.7838170484375 0.5832297765625001 0.783658340625 0.587354346875 0.78841975 0.587512978125 0.792070153125 0.587354346875 0.7960379921875 0.587354346875 0.7992122609375001 0.5871957046875 0.798894846875 0.5871957046875 0.798828125 0.5849609375 0.79397471875 0.580215678125 0.788737175 0.5797397625 0.7847693359375 0.5803743078125
6 0.595703125 0.4619140625 0.59375 0.4228515625 0.5810546875 0.421875 0.580078125 0.4619140625 0.595703125 0.4619140625
5 0.4140625 0.5048828125 0.4150390625 0.453125 0.396484375 0.4833984375 0.396484375 0.5009765625 0.4140625 0.5048828125