4 0.5192832265625 0.4468773828125 0.5276553500000001 0.44438710312499996 0.5529946953125 0.41315652187499996 0.5658920375000001 0.4074976515625 0.5733534828125 0.36518169375 0.5655458375 0.35884685625 0.5424644046875 0.354776978125 0.5377115171875 0.34798914999999997 0.43384507499999997 0.32967469375 0.42230670625 0.3444978359375 0.41518441875 0.38489034218749996 0.38565431562499997 0.38364989843749997 0.37276636406249997 0.4567410984375 0.3967537796875 0.4669204921875 0.3814917328125 0.5534758609375 0.3860192984375 0.5671653515624999 0.41147717500000003 0.5746291453125 0.4929404984375 0.585026815625 0.5192832265625 0.4468773828125
5 0.7945434921875 0.35361045468749996 0.7716897312500001 0.3594969953125 0.74476139375 0.354748803125 0.738424209375 0.345698365625 0.7233757453125 0.3410616609375 0.7076560109375001 0.3908461078125 0.700083078125 0.4450419375 0.8090415656250001 0.46822076875 0.82961863125 0.36277003125 0.7945434921875 0.35361045468749996
0 0.3194624296875 0.3541291875 0.33179529375 0.35729543124999996 0.34754284375 0.3718394640625 0.3617831984375 0.3690617484375 0.36658036875 0.3688498765625 0.41352873125 0.384532290625 0.417960378125 0.3593991765625 0.40199912187500003 0.35394044375 0.3999461890625 0.34458769375 0.4041684734375 0.33263936250000004 0.408300315625 0.321203953125 0.4181957109375 0.3160734953125 0.43705360625 0.3231007265625 0.4375070671875 0.3295271 0.51673845 0.34508433437499997 0.533664834375 0.3480689125 0.5361092640625 0.352202015625 0.5736926390625 0.363258240625 0.56623119375 0.40557419843750003 0.570191934375 0.411230721875 0.6062868906250001 0.431478021875 0.64660785 0.43938099687500004 0.6690859812500001 0.443873365625 0.6984722999999999 0.44217968281250003 0.7105010546875 0.3739612296875 0.71981780625 0.33012138125 0.7000666437499999 0.32703536093749996 0.620865928125 0.31505339375 0.56757608125 0.3135899765625 0.47977557187500003 0.2941418671875 0.465972246875 0.2936912234375 0.4527695078125 0.299957334375 0.44160667499999995 0.303277709375 0.4119477171875 0.297519159375 0.3908461078125 0.29234398906250003 0.35780825625 0.2885017796875 0.3419652953125 0.2658756875 0.3208073171875 0.2621449640625 0.265192934375 0.2779887484375 0.27397553124999996 0.325284440625 0.28242788750000003 0.33021246249999997 0.2987818890625 0.3394425296875 0.31154544687499997 0.34803950625 0.3194624296875 0.3541291875
0 0.20298527968750002 0.292698246875 0.19873555625 0.318958996875 0.195342609375 0.3321228203125 0.2165920296875 0.33310545 0.231691365625 0.3336947078125 0.2629551421875 0.3405894859375 0.2795114109375 0.328996659375 0.2713714171875 0.3119341078125 0.26254160625 0.2776534640625 0.24682296093749997 0.2831516328125 0.21954318750000001 0.2928536140625 0.20298527968750002 0.292698246875
6 0.5068482671875 0.523023340625 0.543047975 0.5337088203125 0.5753004140625 0.5341016734374999 0.5803456625 0.5177638171875001 0.5750859109375 0.4986416078125 0.54024829375 0.4943720046875 0.5391226921875 0.4688855703125 0.566718690625 0.4034569640625 0.547529071875 0.4204835125 0.5323953593749999 0.442447975 0.5205920640625 0.44951614375000004 0.5068482671875 0.523023340625
1 0.1465259015625 0.29045784218750004 0.0993706296875 0.28007325 0.0751246640625 0.2806276953125 0.061583378125 0.27134049375 0.054103170312500004 0.2589823515625 0.043846571875000004 0.33131299062499997 0.039275446874999995 0.3391616625 0.0659081859375 0.3242951453125 0.08966792968750001 0.3245181203125 0.1051231078125 0.3217945390625 0.14046971875 0.3287170484375 0.18768788125 0.3319908109375 0.1930508125 0.29659159375 0.1465259015625 0.29045784218750004
3 0.0906684890625 0.255080575 0.0989731703125 0.21581403593749998 0.08551678593749999 0.213042896875 0.07752158125 0.2513825234375 0.0906684890625 0.255080575
3 0.07451032656249999 0.34861936875 0.05719690468750001 0.328708878125 0.04667600625 0.3377616625 0.0585582265625 0.35473123125 0.0151091015625 0.62881865 0.02857119375 0.6346420828125 0.07451032656249999 0.34861936875
2 0.16537992343750002 0.29309236875 0.1941531640625 0.2981658671875 0.1998941234375 0.25778124375 0.20355509062500002 0.23505150625 0.12656815625 0.2242656359375 0.10622448124999999 0.2198816359375 0.0972230828125 0.21670073906249998 0.09143253125 0.25631937968749996 0.07670305937500001 0.25173003125000004 0.08467582500000001 0.213293028125 0.07719768593750001 0.2127712859375 0.061877393749999995 0.20927305000000002 0.0572899375 0.2375494125 0.0559739125 0.2540513453125 0.0585210875 0.264461184375 0.0662503359375 0.2725973390625 0.0750930421875 0.278937684375 0.102050575 0.2797067421875 0.1273566921875 0.28569791875 0.16537992343750002 0.29309236875
2 0 0.6286422734375 0.013694500000000002 0.6305954609375 0.0324649296875 0.5196429703125001 0.0539938625 0.3885461484375 0.058560987499999995 0.3536445109375 0.0451140875 0.33540373125 0.039549021875 0.344438003125 0 0.578495625 0 0.6286422734375
2 0.028693885937500004 0.633979071875 0.13347465 0.6533028609375 0.1644371203125 0.46851322656249994 0.168018265625 0.44820353593749995 0.1712810890625 0.4296991453125 0.175737628125 0.4044248578125 0.18122761874999999 0.365372034375 0.1875679390625 0.3320534640625 0.153081803125 0.3296954859375 0.1396750078125 0.3291929546875 0.1101261984375 0.32258662656250003 0.0997991125 0.3230924609375 0.08357861875 0.3253512984375 0.06393286249999999 0.3232832984375 0.05814627343749999 0.3297087078125 0.075511465625 0.3499889484375 0.070966928125 0.3732887671875 0.06553915625 0.4040711859375 0.056945806249999995 0.4573065953125 0.049621496875 0.4994576046875 0.0423283765625 0.5540146890625001 0.028693885937500004 0.633979071875