4 0.507272109375 0.3368656875 0.41282800937499997 0.38597648125 0.46325952499999995 0.4808243671875 0.4639914078125 0.492601496875 0.5256112171875 0.59809084375 0.6218891906249999 0.5524290640625 0.61473875 0.528580384375 0.531297515625 0.371650246875 0.507272109375 0.3368656875
5 0.5683204796875 0.803223165625 0.6508023984375 0.7648968796875 0.5906883656249999 0.6497586953125001 0.5641982421875 0.656101565625 0.5090140171875001 0.6854435375000001 0.51095725625 0.693258503125 0.5683204796875 0.803223165625
0 0.32992465625 0.248495878125 0.3191690140625 0.2525976171875 0.40744342031249997 0.427741434375 0.42976845781249995 0.418027146875 0.4190434203125 0.3978562859375 0.413357125 0.40034077031250004 0.39940205781250004 0.373206728125 0.32992465625 0.248495878125
0 0.384322690625 0.3802026578125 0.367737303125 0.3895603109375 0.41736235937500005 0.4797897375 0.46370836562499995 0.561945575 0.5379038984375 0.6680331093749999 0.55140426875 0.66301094375 0.5409191546875001 0.6524151171875 0.527582646875 0.6384841031249999 0.5084755125 0.6116261609375 0.46999580312499994 0.5534954421875 0.4401427296875 0.4997519375 0.4262793125 0.46951838125 0.44578169531249995 0.458281225 0.44066420781250004 0.45080954375 0.42077769375 0.4591713390625 0.384322690625 0.3802026578125
6 0.570088478125 0.6099540328125 0.5574959796875001 0.5832297328125 0.5307986296875 0.59688595625 0.5379588203125001 0.6022423 0.5469434 0.60393348125 0.5296407421875 0.6368712484375 0.5358600453125 0.645941571875 0.5547206296875 0.60842273125 0.563311628125 0.6114012359375 0.570088478125 0.6099540328125
6 0.5576109734375 0.5868793671875 0.6337603796875 0.7337469921875 0.6502587156249999 0.7647758484375 0.6885008234375001 0.74541295 0.6615880765625 0.6966232125 0.6324754953125 0.7130733703125001 0.5636653046875 0.5836602234375 0.5576109734375 0.5868793671875
6 0.578099328125 0.6067726421875 0.627371784375 0.5848862312499999 0.639361421875 0.5790502734375 0.624391075 0.5508951453125001 0.564916490625 0.5819793328125 0.5710292781249999 0.596517103125 0.578099328125 0.6067726421875
5 0.45844778281250004 0.515457553125 0.4709231171875 0.507718275 0.46043302812500003 0.4900694203125 0.45030471875 0.5043029406249999 0.45844778281250004 0.515457553125
5 0.487865440625 0.5562232046875 0.49296327656249994 0.56789096875 0.49714417343750006 0.5778342249999999 0.5067930125 0.57934 0.519630125 0.6034830984374999 0.5261243671875 0.6011360734375 0.49403158593749996 0.540778328125 0.487865440625 0.5562232046875
2 0.35750675468750004 0.19062329218750002 0.2737373765625 0.234353459375 0.269377734375 0.252076265625 0.27088242500000004 0.26100546874999997 0.3574920375 0.21742058437499998 0.35750675468750004 0.19062329218750002
1 0.605923209375 0.8219403312500001 0.645805603125 0.8095826890625 0.676627996875 0.784345928125 0.6777299859375 0.7760178125 0.6682662015624999 0.7644594140625001 0.5829577875 0.8120307546875001 0.605923209375 0.8219403312500001
2 0.672650928125 0.7817984578125 0.7339617421875 0.7491989203125 0.725559728125 0.7333970328125 0.664248915625 0.7659965703125 0.672650928125 0.7817984578125
2 0.5678746890624999 0.8377469859375 0.5980265453125 0.8198554031249999 0.58468229375 0.8111138171875 0.5673278578125001 0.8159172328125001 0.558705321875 0.820501915625 0.5649584015625 0.8293302765625 0.5678746890624999 0.8377469859375