4 0.5389861125000001 0.5669345609375 0.5435181015625 0.55867935625 0.5630360640625 0.515205575 0.52417254375 0.49600317812499994 0.4909369328125 0.481150665625 0.42422471718750004 0.44966970625 0.4070131640625 0.441818078125 0.320274590625 0.6352440671874999 0.40952080625000004 0.6745937875 0.4202636671875 0.6529256718750001 0.4784254953125 0.68253343125 0.5223452328125 0.6004361953124999 0.5389861125000001 0.5669345609375
5 0.54578663125 0.5032017125 0.5547586484375 0.50089225625 0.563553459375 0.47311778125000004 0.512582459375 0.44605880937500003 0.504788990625 0.44551383749999995 0.48936167968750005 0.4764882390625 0.54578663125 0.5032017125
0 0.36938607343749996 0.735277171875 0.39626961562499996 0.6730769171875 0.33601747656250003 0.647122665625 0.3095002421875 0.7097294875 0.36938607343749996 0.735277171875
2 0.3497033203125 0.76918189375 0.4781005546875 0.8342527484375 0.495619496875 0.8065248140625 0.3614544359375 0.7407762890625 0.3497033203125 0.76918189375
1 0.34092648593749997 0.7860938359375 0.34991924375 0.767735984375 0.361301653125 0.74064518125 0.3054640703125 0.7165672843750001 0.306506128125 0.7331642765625 0.2986650203125 0.7473001796875 0.26990599375 0.78409428125 0.3402487703125 0.81274651875 0.34092648593749997 0.7860938359375
6 0.414009384375 0.69923745625 0.4314460578125 0.66188998125 0.42094780312499996 0.6593758937499999 0.410774834375 0.67765121875 0.3961044640625 0.6754387000000001 0.3915728578125 0.6893618453125 0.414009384375 0.69923745625
3 0.26421628125 0.75521636875 0.2843749453125 0.7637459921875001 0.29442405 0.747242025 0.270889846875 0.7361029890624999 0.26421628125 0.75521636875
2 0.38789521250000003 0.8267582703125 0.45938901249999997 0.8643910437500001 0.46682992968750003 0.8512646515625001 0.3917755890625 0.8127556531250001 0.361419171875 0.7988855609375001 0.3436293546875 0.7898428359375 0.34385995937499997 0.8035056718750001 0.35280824375000003 0.8100307921875001 0.38789521250000003 0.8267582703125
3 0.3455527703125 0.7792973453125 0.34328696718749996 0.786258896875 0.46872412187499995 0.8496170875000001 0.4769616140625 0.8335797515625 0.3513592875 0.7725833421875 0.3455527703125 0.7792973453125
2 0.2620451359375 0.769304571875 0.27423115781249996 0.7731233859375 0.281383059375 0.7641301312500001 0.2653552453125 0.755889325 0.2620451359375 0.769304571875
2 0.3004246390625 0.7400686671875001 0.3081958609375 0.722218709375 0.3036993390625 0.7173048515625 0.2846243953125 0.71009731875 0.27206909375 0.735650940625 0.2940280078125 0.7467414031249999 0.3004246390625 0.7400686671875001