4 0.5860649953125 0.4628337546875 0.5609621078125 0.45113190625 0.534826521875 0.44133117187500004 0.47053530468749993 0.4212109203125 0.42995181875000005 0.543085190625 0.4217025328125 0.5772593703125 0.48588650156249996 0.5961228484375 0.544412371875 0.612194209375 0.5666638578125001 0.5520156375 0.5848126734375 0.4815308140625 0.5860649953125 0.4628337546875
0 0.5923106546875 0.45888665937499995 0.59063849375 0.47008154218750003 0.6881314953125 0.5015259171875 0.69837609375 0.46522134218750005 0.5816434328125 0.43001678125 0.5614902671875 0.42421485 0.5542460515625 0.4447956125 0.5923106546875 0.45888665937499995
1 0.7099686875 0.5181279953125 0.713576078125 0.522745246875 0.7165165234375 0.52566463125 0.7261799234375 0.5279133421875 0.7302768687500001 0.5104887046875 0.7366686125 0.4931676796875 0.7408758718749999 0.47628901875 0.7417930421875 0.464509521875 0.7156669265625 0.4603871921875 0.7095105937499999 0.465197046875 0.707634890625 0.4691410578125 0.7040760890625 0.48679280625 0.7003246812499999 0.494680828125 0.6987094484374999 0.5044917890625 0.7037080578125 0.5129136984375 0.7099686875 0.5181279953125
2 0.7328410843750001 0.45698990312500004 0.735726646875 0.44482125000000006 0.7398146718749999 0.43419168125 0.7432656765625001 0.41932507656249995 0.7450808671875 0.4139666953125 0.7329780359375 0.4106102390625 0.7295212203125 0.4199487515625 0.7224839203125 0.442515390625 0.71851606875 0.45889092187499997 0.7278539765625001 0.4623421953125 0.73375095625 0.460579721875 0.7328410843750001 0.45698990312500004
3 0.710918896875 0.4629299890625 0.71709834375 0.46031466249999997 0.7212940359375 0.448555159375 0.722306353125 0.44107371874999995 0.7272185015625 0.42712125624999997 0.7287114546875 0.419317078125 0.731928834375 0.41048171718750004 0.723750446875 0.40770494843750005 0.7203796031249999 0.42200552968749994 0.7181672796874999 0.4286910875 0.7156183375 0.43811819375 0.71257859375 0.4508864640625 0.7101897671875 0.4587583984375 0.710918896875 0.4629299890625
2 0.71083453125 0.5224086265625 0.7039806625 0.521567078125 0.7009024968750001 0.5239720046875 0.68896906875 0.5648877437500001 0.6895285578125 0.57127584375 0.7035729140625 0.5702173953125 0.7038542234375 0.566533684375 0.7064878796875 0.5609991265625001 0.7156443875 0.5285649609374999 0.71083453125 0.5224086265625
3 0.7128846609374999 0.523444821875 0.7059409921875 0.5149621375 0.6994143328125 0.5074179812499999 0.695226796875 0.513535040625 0.6782836156250001 0.5767130421875 0.6858862453125 0.5755144750000001 0.6918501078125 0.5515738984375 0.6985995171875 0.5270196 0.7030679125 0.520999834375 0.7128846609374999 0.523444821875
3 0.6648762968749999 0.6279627578125 0.660214840625 0.6400314265625 0.65716096875 0.653570853125 0.645905815625 0.6955700546875 0.6541702921875 0.6976473984375 0.6631732875 0.6612662703125001 0.665145753125 0.65461931875 0.6699099953125 0.643311084375 0.6714083953125 0.638347415625 0.6648762968749999 0.6279627578125
2 0.6717230015625 0.6390144531249999 0.6545835656250001 0.69911535 0.6672770906250001 0.7025438328125 0.6774937125 0.665201090625 0.68170758125 0.6492304125 0.6717230015625 0.6390144531249999
5 0.39776686875 0.5936864875000001 0.38141052656249996 0.61697520625 0.4435726921875 0.6359716328125 0.44619852968749996 0.6249117546875 0.42648578437499995 0.6057673484375 0.39776686875 0.5936864875000001
5 0.457720284375 0.39671221874999996 0.46077415625 0.383172790625 0.45663754062499995 0.3715333625 0.44463719687500003 0.3672770265625 0.4305600453125 0.399158540625 0.45019317656249996 0.40135376406249995 0.457720284375 0.39671221874999996
5 0.429440721875 0.4683776578125 0.422057628125 0.46051393125000006 0.4117889734375 0.46481885624999997 0.39115623906249997 0.5082029796875001 0.3935854609375 0.5224156453125001 0.40661995781250004 0.5295818375 0.429440721875 0.4683776578125