4 0.4733323875 0.208893790625 0.43508010468749997 0.2327683890625 0.42191643437500004 0.2822204609375 0.42680986093750006 0.29397541718750003 0.4099004703125 0.310263334375 0.44064081718750003 0.389954234375 0.4014686796875 0.4077213921875 0.39674101875 0.41780240781250005 0.4215686234375 0.4665293265625 0.4312228671875 0.47257046249999995 0.43953048125 0.4738176296875 0.47870261875000003 0.456050471875 0.50215044375 0.4956162296875 0.52654705625 0.4875696203125 0.7071059843749999 0.3966662734375 0.7092398515625 0.39009890625 0.704706890625 0.3682960875 0.6781058843750001 0.3160886734375 0.664904840625 0.30308655 0.6209387359375 0.322200334375 0.6157843015625 0.3335948234375 0.6083633859375001 0.33408790312500003 0.5888559828125 0.29580246718750003 0.58606326875 0.2731129484375 0.5506947203125 0.21660464687499997 0.539827365625 0.190869090625 0.5047894484375 0.21040196406249997 0.489980771875 0.21575531875 0.4733323875 0.208893790625
0 0.7019938921875 0.40213754062499996 0.5401052875000001 0.489489740625 0.5912660062499999 0.5879874484375 0.6566272421875 0.561496375 0.683227834375 0.539184178125 0.8460093625 0.41536982812499995 0.8118190328124999 0.35591050625 0.7662749921875001 0.3869016828125 0.7512536296875 0.4013676234375 0.7145908328125 0.426860428125 0.7019938921875 0.40213754062499996
0 0.42631969999999997 0.47253253125 0.43226768125000004 0.4899383734375 0.46144613437500004 0.5013467234375 0.47372638437500003 0.48341161250000003 0.4873170703125 0.48524533124999997 0.481383428125 0.469778484375 0.47701007031250003 0.4554630140625 0.46191675625000006 0.46023391093750005 0.45586298750000004 0.48083549531249997 0.44454782968749995 0.47200335156250006 0.42631969999999997 0.47253253125
1 0.8552301265625 0.405586925 0.8887215953125001 0.3874261484375 0.9144579078125 0.3836661046875 0.864581771875 0.31423630937499997 0.8216349796875001 0.35255911875 0.8552301265625 0.405586925
3 0.698385234375 0.07428261875 0.837230896875 0.33584442812500004 0.8493794734375 0.32527033125 0.7222696828124999 0.0654553640625 0.698385234375 0.07428261875
2 0.7129649984374999 0.06685385625 0.8511197203125 0.32438363125 0.8632019906249999 0.30507514687500004 0.7374989125 0.0560244828125 0.7129649984374999 0.06685385625
3 0.87128810625 0.3939636515625 0.8982492750000001 0.4370479453125 0.9181041234375 0.4235889140625 0.887842659375 0.3838574078125 0.87128810625 0.3939636515625
2 0.687132346875 0.08168752968750001 0.8189748796874999 0.3473383765625 0.83549065 0.336731128125 0.7004133109375 0.07826294375000001 0.687132346875 0.08168752968750001
2 0.857003528125 0.40906742031250004 0.8808449734374999 0.44295250781249995 0.9042004046875001 0.43234449062499997 0.869578878125 0.39717985 0.857003528125 0.40906742031250004
2 0.8922020906249999 0.385652746875 0.9194296015625 0.4229135484375 0.9412593906250001 0.40677703593750003 0.9118378890625 0.3833199609375 0.8922020906249999 0.385652746875
6 0.7529781015625 0.39850176249999997 0.767753625 0.3887812125 0.7040382328125 0.281976878125 0.5887358218750001 0.2588362921875 0.6975441 0.301998125 0.7529781015625 0.39850176249999997