0 0.42147874375 0.388021171875 0.38982263281249996 0.3526392015625 0.344911671875 0.391552121875 0.374948175 0.4275709765625 0.42147874375 0.388021171875
1 0.382401575 0.32135010468749997 0.31385238125 0.3800404546875 0.34051341874999996 0.38382158125 0.384038740625 0.34598559687499997 0.38023596875 0.3385084171875 0.382401575 0.32135010468749997
2 0.2947363078125 0.39635016093750003 0.2933101453125 0.41032027187500003 0.29962208281249997 0.4175813234375 0.33797504375 0.384848634375 0.31389885624999997 0.37969241249999997 0.2947363078125 0.39635016093750003
2 0.41708507812500006 0.31850753125 0.43057639375 0.3067797109375 0.44743626875000003 0.2933377078125 0.4397122203125 0.283054890625 0.43189743593749996 0.274065009375 0.409904271875 0.2936482609375 0.39516385 0.3064619140625 0.3831788359375 0.31946824375 0.3821191140625 0.33462298437500004 0.3832078015625 0.338852434375 0.38456757656249996 0.3467745640625 0.40052572656249996 0.33229529375 0.41708507812500006 0.31850753125
5 0.5218002671875 0.395631296875 0.5166139796875 0.3910987546875 0.507644421875 0.380780459375 0.4992818609375 0.38158013281250003 0.4742231453125 0.4033633421875 0.4714677375 0.403170665625 0.4709860453125 0.410059184375 0.48573087187499997 0.4251648171875 0.48919019218750004 0.42215767499999995 0.495717515625 0.41709060156250005 0.5088175374999999 0.40630996875000003 0.5218002671875 0.395631296875
6 0.4344044828125 0.35904573906250004 0.430271371875 0.3587567234375 0.411882125 0.3758432546875 0.41708251250000006 0.38042830156249996 0.4236044953125 0.374903815625 0.4295006640625 0.36977835312499996 0.43510781718749997 0.368786003125 0.4709860453125 0.410059184375 0.47383779062500003 0.40887415625 0.47412680625 0.4047410453125 0.4344044828125 0.35904573906250004
0 0.5800274 0.553359253125 0.586048871875 0.5662402796875 0.6415329328125 0.6241132765625 0.6499896984375 0.6183838109375001 0.58601990625 0.5468560890624999 0.5800274 0.553359253125
4 0.4302039984375 0.37951861875000004 0.380086565625 0.42308503750000004 0.367619859375 0.44297988593750004 0.5094660531249999 0.6121093796875 0.5189173015625 0.61553915625 0.5495831718749999 0.592763596875 0.5804417187500001 0.5672326296875 0.5843899828125 0.562716290625 0.57675448125 0.5539326499999999 0.5876146140625 0.5438989624999999 0.5983807296875 0.5487749515625 0.6336651734375 0.516323303125 0.6096429875 0.486208159375 0.5376938546875001 0.40641720625 0.527057578125 0.400135684375 0.5216431015625 0.3983726265625 0.47790352968749994 0.4299250671875 0.43965524843750003 0.3829483953125 0.4302039984375 0.37951861875000004
6 0.5387014406249999 0.6223436328124999 0.5507563796875 0.606560325 0.5624716249999999 0.5956186906250001 0.5884928781250001 0.5714833078125 0.5856047296875 0.566416646875 0.5700599203125 0.5799295437499999 0.5516057484375 0.5944560578125 0.5423093 0.59779271875 0.53474434375 0.615175290625 0.5190720484375 0.618948515625 0.52879118125 0.624896653125 0.5387014406249999 0.6223436328124999
1 0.674453290625 0.643463665625 0.6544414359374999 0.6228716296875 0.6460543484375 0.629740309375 0.6657625984375 0.6514404421875 0.674453290625 0.643463665625
3 0.6402500484375 0.6352080140624999 0.625064946875 0.64883029375 0.5520692375 0.710596171875 0.5585479421875 0.71804906875 0.5846397890625 0.6970561234375 0.63133468125 0.6560427984375 0.6518994671875 0.6368648218749999 0.6462633453125 0.629980734375 0.6402500484375 0.6352080140624999
3 0.722903928125 0.6020059875 0.7088431078124999 0.58702005625 0.7030450312500001 0.5803501328125 0.6664365375 0.61286651875 0.6551314968749999 0.622693840625 0.6623318015625 0.6295194875 0.700506928125 0.595856528125 0.706143184375 0.5911680328125 0.7191233312499999 0.6059812140624999 0.722903928125 0.6020059875
2 0.7052772890625 0.5913867796875001 0.6614314234374999 0.629501409375 0.6748460984375 0.6433328140625 0.71885216875 0.6064694203125 0.7133442718749999 0.6001333109375 0.7052772890625 0.5913867796875001
2 0.5585835796875 0.717925403125 0.57187159375 0.7332115140625 0.6666695703125 0.6520247593749999 0.6576551 0.6409528828125 0.652823090625 0.6353942921875 0.6413074265625001 0.6460146609375 0.6075922171875 0.6753228453125 0.5585835796875 0.717925403125