4 0.46386016718749995 0.5525483921875 0.40825733125 0.4935641515625 0.3084328234375 0.594036303125 0.376366965625 0.6587609 0.412847734375 0.6262469953124999 0.4536639 0.5827585375 0.45249996875000004 0.5703067171875 0.46386016718749995 0.5525483921875
0 0.41422859218749997 0.6262710984375001 0.32642440625 0.711812746875 0.3496584359375 0.73651483125 0.49704556093749996 0.5935644984375 0.48343067656249994 0.5781807875 0.47034650781250004 0.5684870390625 0.4603505375 0.56263380625 0.4516813734375 0.571005521875 0.45430365000000006 0.5833592546874999 0.41422859218749997 0.6262710984375001
6 0.359411028125 0.6805653859375 0.3452275171875 0.6657435796875 0.3403890328125 0.6716565546875 0.355196146875 0.6846356499999999 0.359411028125 0.6805653859375
5 0.409710496875 0.48944568125 0.45988631562500004 0.5428100796875001 0.4623105890625 0.5621902921874999 0.47321283281250004 0.5706682609375 0.5153616484375 0.529965621875 0.44752391718749995 0.4597175953125 0.4420245890625 0.45824032499999995 0.409710496875 0.48944568125
5 0.67140868125 0.373842428125 0.675695871875 0.365629590625 0.6717943281250001 0.35174870625 0.6146178109375 0.3037872234375 0.5472520125 0.3647688734375 0.6109953781249999 0.4321828765625 0.67140868125 0.373842428125
6 0.3067215125 0.6920771921875 0.351656146875 0.6500419015625 0.3545624796875 0.6418049625 0.3381127046875 0.6346114390625 0.29720012812499996 0.683623325 0.3067215125 0.6920771921875
6 0.5233746734375 0.4665666875 0.5863809703125 0.41794044843749995 0.585120628125 0.41101205625 0.5767631734374999 0.41501001249999997 0.5108987484374999 0.46911147656249996 0.5233746734375 0.4665666875
6 0.521126109375 0.5162534578125 0.5338430625 0.49990009375 0.532606821875 0.49159084531249997 0.48376365625 0.44101226562500007 0.468670634375 0.43522370312499997 0.45040614687499997 0.4528615125 0.454307690625 0.46674239687499997 0.5126963453125 0.5243939859375 0.521126109375 0.5162534578125
2 0.2733640046875 0.7039264390625 0.28936915937499996 0.6903226390625 0.23997540312500001 0.638423559375 0.2128137328125 0.6668436609375 0.2164202515625 0.67141113125 0.2647476421875 0.718124446875 0.2733640046875 0.7039264390625
2 0.3159536625 0.71710135 0.29964850468750004 0.7016226796875 0.2729301515625 0.7287818765625 0.28792676093749997 0.74009386875 0.3159536625 0.71710135
1 0.3228275921875 0.777681215625 0.3346107859375 0.756102803125 0.3431369609375 0.7424388453125 0.318715378125 0.7171495546875 0.2861163859375 0.74042541875 0.3228275921875 0.777681215625
3 0.2996726078125 0.7002418234375 0.29033047968750003 0.690087571875 0.26343286875 0.7189471515625 0.272954253125 0.72740101875 0.2996726078125 0.7002418234375