4 0.330116340625 0.5443605953125 0.3391279265625 0.5390192234375 0.35608445624999996 0.5329784921875 0.381358246875 0.5764353296875 0.40519539375 0.5674749203125 0.43023338593749993 0.6140018734375 0.5556945953125 0.5554983515624999 0.4894842 0.42472872500000003 0.47380110000000003 0.391096209375 0.467312203125 0.38873444375 0.29462879375 0.472936725 0.3025658453125 0.48602976406250004 0.330116340625 0.5443605953125
0 0.3807307921875 0.6278098171875001 0.425027440625 0.6063389734375 0.4068861734375 0.568994784375 0.3799196640625 0.5775447296875 0.33342386875 0.60030359375 0.320207515625 0.6043114453125 0.3010891328125 0.6164590453125001 0.2852880765625 0.6264239375 0.305819046875 0.6626537921875 0.353706453125 0.641488990625 0.3807307921875 0.6278098171875001
6 0.308382609375 0.5527731421875 0.318217871875 0.5664177234375 0.337547259375 0.5599600671875 0.35625051874999997 0.5863808046875 0.379566590625 0.57447681875 0.35798622812500003 0.5328190671875 0.308382609375 0.5527731421875
6 0.29969590468749996 0.539527459375 0.295325446875 0.5555731640625 0.31761195781249996 0.6033667390625 0.32315614843749996 0.6083240625 0.3324791625 0.6028991515625 0.3045339484375 0.538348959375 0.29969590468749996 0.539527459375
3 0.2593055421875 0.637941184375 0.230147625 0.57678071875 0.21048313749999997 0.57466295 0.24798081875000003 0.6451388375 0.2593055421875 0.637941184375
3 0.3151656703125 0.746037175 0.2846862046875 0.6759440062500001 0.266021303125 0.686564440625 0.2975568375 0.7555615 0.3151656703125 0.746037175
1 0.2748902203125 0.6319083515624999 0.2319374453125 0.6545368328125 0.24797086250000003 0.6897167890625 0.256229890625 0.691253128125 0.2814840984375 0.67839938125 0.2913987453125 0.667311 0.2748902203125 0.6319083515624999
2 0.2347340046875 0.6564275296875001 0.24710731406250003 0.6487409140625 0.2108362109375 0.5777308609375 0.196441359375 0.57690066875 0.20492941562500003 0.6020355953125 0.2347340046875 0.6564275296875001
2 0.29675299375 0.7565753078124999 0.267559353125 0.68712514375 0.25287899999999996 0.6939707046875 0.264717946875 0.7163880546875 0.2853536046875 0.760641365625 0.29675299375 0.7565753078124999
2 0.2744512046875 0.630895471875 0.251778284375 0.5823446453125001 0.238089578125 0.587650275 0.262371503125 0.6382534921875 0.2744512046875 0.630895471875
2 0.3174926765625 0.6077324296875 0.295325446875 0.5555731640625 0.2620460046875 0.574324175 0.282209309375 0.6198752640625 0.3174926765625 0.6077324296875
2 0.32230922031250003 0.7224396421875 0.3138045359375 0.7107388828125 0.29858425624999996 0.7081385578125 0.30801701875 0.7306779265625 0.32230922031250003 0.7224396421875