4 0.41981833125 0.40925006875000003 0.4111667546875 0.414182853125 0.388719259375 0.5372128046875 0.39592575937499996 0.5529455750000001 0.4779136125 0.5683698078125 0.5357192375000001 0.533647640625 0.58169411875 0.54932248125 0.5995557234375 0.5706295984375 0.6042480359375 0.5633595671875 0.61027895 0.5167103171874999 0.60919713125 0.487171384375 0.6180439546875001 0.4452624015625 0.6116371296875001 0.43789219062500007 0.560565753125 0.43570537187499997 0.4459947015625 0.4110805 0.41981833125 0.40925006875000003
0 0.724455440625 0.4761186046875 0.6953206671875 0.468663840625 0.656632953125 0.463555015625 0.6383758125 0.46164429843750004 0.6173207625 0.4574240484375 0.6091612953125 0.493096678125 0.61114666875 0.5185061984375 0.6384727734375 0.52675851875 0.7118234593749999 0.5388630875 0.7212426562500001 0.4978782828125 0.724455440625 0.4761186046875
0 0.6235518484375 0.5859607484375 0.6270191625 0.5635846828125 0.6376122296875 0.5239502953125 0.6225546093750001 0.5216291265625 0.619940546875 0.531804353125 0.6108435109375 0.5772508078125 0.6051196671875 0.5774847624999999 0.597351084375 0.5767301859375 0.5963904703125 0.587443784375 0.6128470578125 0.5909197015625 0.62044939375 0.5910285171874999 0.6235518484375 0.5859607484375
5 0.37999022656250003 0.4244627421875 0.393863603125 0.42404842187499997 0.4042782359375 0.4137011609375 0.40927839375 0.40159084375000004 0.3890945296875 0.3932572484375 0.37316908125000003 0.40321915468749997 0.37999022656250003 0.4244627421875
5 0.353226384375 0.490428809375 0.3349598484375 0.5140714156249999 0.3362701796875 0.534929646875 0.3429660203125 0.538166746875 0.3477735015625 0.5288118359375 0.3616468765625 0.5283975171875 0.36536566875 0.51481315625 0.35767747656250004 0.505968903125 0.3599222265625 0.49366590937500004 0.353226384375 0.490428809375
5 0.4037581375 0.46073576562499996 0.38475929999999997 0.455253915625 0.37642570468750003 0.47543777968749995 0.3774470203125 0.5004291234375 0.3695277453125 0.5344863625 0.373371840625 0.5389084890625 0.388815596875 0.5358351 0.4037581375 0.46073576562499996
5 0.3263466796875 0.4788581140625 0.305488446875 0.48016844531249997 0.3280713296875 0.5135897234375 0.339670990625 0.5060942078124999 0.34044169687500003 0.495072578125 0.3263466796875 0.4788581140625
5 0.3603560703125 0.58645375 0.376984853125 0.5862321078125 0.38445140312500004 0.578447578125 0.38817019375 0.5648632171875 0.3792006375 0.554544921875 0.36680130312500003 0.5536778765625 0.348024109375 0.564824809375 0.34863110625 0.575942778125 0.3603560703125 0.58645375
6 0.7074749921875 0.5647711281250001 0.7112070875 0.5386086109375 0.6963451171874999 0.5365125125 0.6938575640625 0.55092431875 0.6914082296874999 0.570834903125 0.6868347078125 0.59693859375 0.68362920625 0.633707325 0.6892942125 0.6343148390625 0.6970922421875 0.6346486812500001 0.70140243125 0.6032418875000001 0.7074749921875 0.5647711281250001
6 0.7195289921875 0.4468139984375 0.7157498421875 0.461558303125 0.7139183578125 0.4726338125 0.718452615625 0.47443470468750004 0.72425979375 0.4758935375 0.726638478125 0.46908407343749997 0.7280683781249999 0.46072851562499995 0.7337760624999999 0.43956606093749995 0.722984496875 0.436697615625 0.7195289921875 0.4468139984375
1 0.756763953125 0.4717170453125 0.759910384375 0.456381884375 0.7530943671875 0.4574608015625 0.7369527234375 0.469554078125 0.7310477515625 0.476141034375 0.7317479609374999 0.4822866078125 0.72834511875 0.49254423437500006 0.7214875968750001 0.5300245453125 0.717644665625 0.5454614140625 0.7240745984375 0.557318128125 0.7320524640625 0.5692830828125001 0.7362308843750001 0.5540200703125 0.7417660015624999 0.534185384375 0.7470612015625 0.5140746265625 0.7495707796875 0.5041392265625 0.7523924562500001 0.4934479109375 0.7536948812500001 0.48520572656249994 0.756763953125 0.4717170453125
2 0.7534685 0.4575224890625 0.7592559343749999 0.45610686093749997 0.7600785484375 0.44922447656250003 0.7619018875 0.44104682500000003 0.7624608687500001 0.4363076046875 0.7541723625000001 0.4360693859375 0.748843334375 0.435810534375 0.7414344500000001 0.43438235000000003 0.7382895328125 0.4481330296875 0.731306734375 0.475086084375 0.7419347578125 0.4662726234375 0.7485404546875001 0.4599253671875 0.7534685 0.4575224890625
2 0.7288423093749999 0.5849831937500001 0.7321475937499999 0.5665150640625 0.7247502796874999 0.5561495437499999 0.718240921875 0.54433101875 0.71387556875 0.5717869703125 0.709256984375 0.6008074531250001 0.706704440625 0.6167390890625 0.7054511921875 0.626432603125 0.703361196875 0.6367101125 0.7026581796875 0.6430335515625 0.7212406515625001 0.6433590578125 0.7219343546875 0.6354963406249999 0.722817453125 0.62979724375 0.724446846875 0.6201372734375 0.7252536625 0.612714 0.72594035 0.607008375 0.7288423093749999 0.5849831937500001