4 0.47005644375 0.64177749375 0.4894367078125 0.631601021875 0.5135994296875 0.6190438015625 0.5497164671875 0.5979157015625 0.5617559062499999 0.58525759375 0.5822444265625 0.5673772578125 0.569575678125 0.5500316734374999 0.519671125 0.45903963125 0.47671526406250003 0.3908471109375 0.357943896875 0.45758745625 0.42463148124999994 0.582415753125 0.4620579046875 0.64625859375 0.47005644375 0.64177749375
5 0.553242984375 0.5177776265625 0.6112582468750001 0.491381534375 0.558257965625 0.39629042812500004 0.5368616859374999 0.356049878125 0.4781858984375 0.38920026874999997 0.5008575140625 0.42868891875 0.553242984375 0.5177776265625
0 0.63072923125 0.5535880828125 0.6277083765625 0.5399479953124999 0.630083678125 0.52132298125 0.614511671875 0.4962047640625 0.6117884796874999 0.49250813281249994 0.5800443203125 0.5076831015625001 0.5538508390625 0.5173674796875 0.557138740625 0.5283247453125 0.57828634375 0.5640934859375 0.58992144375 0.56765069375 0.6003341859375 0.5625408234375 0.6094359921875 0.5646363531249999 0.63072923125 0.5535880828125
1 0.6039084296875 0.6143253328125 0.612251465625 0.612018096875 0.6239811171875 0.6065822625 0.6361253062500001 0.600926178125 0.6556071953125 0.590573509375 0.6404824687499999 0.5821324578125 0.6394597421875 0.5707158453125001 0.6384457078125 0.563812878125 0.6385340078125 0.5589819046875 0.61171445625 0.5740311734375 0.6019867265625 0.5797320609375001 0.59941136875 0.5858846328125 0.608106703125 0.601728965625 0.6039084296875 0.6143253328125
3 0.6580684171875 0.563219178125 0.6539059296875 0.556394621875 0.6443722625 0.5614608359375 0.638251671875 0.5644475421874999 0.639900653125 0.57154465 0.6402699546874999 0.5810106515625 0.6534028140625 0.5739376765624999 0.6617899890625 0.5692149468750001 0.6580684171875 0.563219178125
2 0.6522127609374999 0.5517130015625 0.6391690046875 0.5591760421874999 0.6379341734375 0.5643504734375 0.6450778390624999 0.5602885546875 0.6548584015625 0.556685821875 0.6522127609374999 0.5517130015625
2 0.545762746875 0.6140497234375 0.551923025 0.6104334890625001 0.5659859921875 0.6040608062499999 0.5790223421875 0.5974951374999999 0.5902655609374999 0.5916411140625 0.59922733125 0.5860344671875 0.60149691875 0.57964166875 0.5852625015624999 0.587906778125 0.5768851296874999 0.592117275 0.51915740625 0.6251780578125 0.5250870171875001 0.6235087625 0.545762746875 0.6140497234375
3 0.5404426625000001 0.6380797234375 0.5648076328125 0.623951675 0.5872792812500001 0.6118134828125 0.59849399375 0.60498183125 0.6080792765624999 0.600351496875 0.59929074375 0.585975184375 0.5816763984375 0.5965159484375 0.5636442671874999 0.6059014921875 0.52754084375 0.6231193859374999 0.5188221093750001 0.6250814515625 0.5041174546875 0.633590440625 0.48994321875 0.6413542999999999 0.47413172968749995 0.6495248874999999 0.4598728953125 0.657565325 0.47069512031249994 0.6766005609375 0.5000198499999999 0.6598591625 0.5168346296874999 0.6516641546875 0.5222811875 0.660822596875 0.5328828484375 0.6555714796875 0.5264909125 0.6458871875 0.5404426625000001 0.6380797234375
2 0.533003403125 0.6573567671875 0.5430781921875 0.6521943453125 0.55122305625 0.648440096875 0.55873315 0.643492665625 0.5696331859375 0.63808300625 0.580247634375 0.63033804375 0.5903922421875001 0.624947196875 0.6013240703125 0.6177988125 0.6065170234374999 0.6138913953125 0.6086438843749999 0.6052999515625 0.6079838015625 0.6001026296874999 0.6029623078124999 0.6018144890625 0.5986951890625 0.6047205328125 0.5913787265625 0.608610765625 0.5798671265625 0.6152351796875 0.5270236984375 0.6450380124999999 0.533003403125 0.6573567671875
2 0.4767648609375 0.68875830625 0.49057878125 0.6819915125 0.501072571875 0.67545854375 0.507687546875 0.670986778125 0.5141628328125 0.66697185625 0.5221807953125001 0.6611806062500001 0.5171722890625 0.6514067578125 0.505904034375 0.657203409375 0.49188061093749996 0.6646554578125 0.4806313859375 0.671207259375 0.47050579531250003 0.677353240625 0.47288627656250004 0.6818276625 0.4767648609375 0.68875830625
5 0.6300429000000001 0.5489487546875 0.6325590546875001 0.550739203125 0.6349978765625 0.549442459375 0.636865659375 0.5500134984375 0.6410949296874999 0.5462005984375 0.6397981859375 0.543761778125 0.6403692234375 0.5418939953125 0.6332371296875 0.528480478125 0.6313693484375 0.527909440625 0.6301499374999999 0.5285578125 0.62672370625 0.5397645078125 0.62802045 0.5422033296875 0.6274494125000001 0.5440711125 0.6300429000000001 0.5489487546875
2 0.6703949171875 0.5835633296875 0.66236825625 0.5688596515625 0.643165009375 0.579511353125 0.6385508140625 0.583148021875 0.644736828125 0.585571878125 0.650530290625 0.588408303125 0.6562290046875 0.5906831765625 0.6637688421875 0.58606459375 0.6703949171875 0.5835633296875