4 0.49636538750000003 0.62318300625 0.50309374375 0.6247363703125 0.714898075 0.49929558281249997 0.718729128125 0.48884088593749997 0.6725678453125 0.41865309531249995 0.6584897875 0.41823771093750006 0.6406871203125 0.3971188921875 0.622675028125 0.401464846875 0.6040450546875 0.37165065625000004 0.5956603546875 0.3711322921875 0.4157402109375 0.48125579218750003 0.4728710921875 0.583741425 0.49636538750000003 0.62318300625
0 0.6731891906249999 0.41596175156250004 0.71531395 0.4849582734375 0.7219388343750001 0.48107753124999997 0.775165146875 0.4489793125 0.769042521875 0.43667384218749994 0.7583144984375 0.41406156093749996 0.74108189375 0.38648362812500003 0.6886129203125 0.41668780937500005 0.676633109375 0.39693100000000003 0.6520034109374999 0.410901125 0.659534534375 0.4218176140625 0.6731891906249999 0.41596175156250004
3 0.7977209328125 0.43585633125 0.8013761359375 0.44284707343749996 0.8065635609375 0.4534520625 0.8157166 0.4787220328125 0.833020971875 0.47100797656250004 0.8231126171875 0.450194334375 0.8161489124999999 0.4355094078125 0.811230115625 0.4271096015625 0.7977209328125 0.43585633125
3 0.7618027265625 0.3698022015625 0.7691524281250001 0.368664221875 0.7756748234375 0.3588308703125 0.703414346875 0.2353333453125 0.6881006515625 0.2449024046875 0.7341684374999999 0.32373524374999996 0.7618027265625 0.3698022015625
2 0.7570500421874999 0.27373944687499996 0.7238326015625 0.222574603125 0.703095215625 0.23482262656250003 0.7563205234375 0.3260146640625 0.7773243203125 0.363836846875 0.78033318125 0.3570715453125 0.7934662078125 0.34309860937500003 0.7878923062500001 0.33046879375 0.7570500421874999 0.27373944687499996
2 0.8481346671875001 0.4431180859375 0.84364599375 0.43593470625 0.83922685 0.4273640484375 0.8112260156250001 0.42741742031249996 0.8205670046875 0.4446485203125 0.82648805 0.4564065734375 0.8481346671875001 0.4431180859375
2 0.8042024812499999 0.45074133906249997 0.8020773312499999 0.44336016718750004 0.7975093109375 0.43615893906250003 0.782383559375 0.4450182546875 0.7862567406250001 0.455773325 0.7950907140625 0.4744673453125 0.8064816078125 0.46877387812500004 0.8102136328125 0.46533648281250006 0.8042024812499999 0.45074133906249997
2 0.6874623875 0.24388096875 0.673041840625 0.2514717546875 0.7164431640625 0.3266077609375 0.7465691328124999 0.3816346015625 0.7625846187499999 0.37091688125 0.6874623875 0.24388096875
5 0.41749434062499996 0.541191384375 0.43809479375000004 0.5317734171875 0.4245368328125 0.5045475890625 0.4006236921875 0.5160355531249999 0.41749434062499996 0.541191384375
1 0.81241640625 0.42684395156250005 0.8401229765625 0.42685200468750006 0.8172859203125 0.381194109375 0.79343700625 0.341818259375 0.788589284375 0.3480755203125 0.7840313578125 0.3518459296875 0.777484928125 0.360548128125 0.7674978609374999 0.36855688125 0.7449735171875 0.37908108125 0.770803578125 0.42290645624999995 0.7817375265625001 0.4470027390625 0.81241640625 0.42684395156250005
2 0.6433726937500001 1 0.84654765625 0.8730421921874999 0.8605008390625001 0.8442032734374999 0.8708452687499999 0.8095889671875 0.8824528687500001 0.7626690578125 0.8930237546875001 0.6997626828125 0.8928230359375 0.63842214375 0.8868758921875 0.5830528953125 0.8808781359375001 0.5435103890625 0.8684137234374999 0.49923360624999996 0.847641809375 0.4425978234375 0.8257745671875 0.4562619921875 0.832610515625 0.47188057031249997 0.8144750500000001 0.4802878375 0.8092688499999999 0.46540590625 0.7922767140625 0.47617399843749997 0.6800097125 0.54208094375 0.329102884375 0.748481778125 0.47967904062500005 1 0.6433726937500001 1
0 0.6433726937500001 1 0.8519176890625 0.8696866234374999 0.8820512078125 0.75758225625 0.884330628125 0.735430171875 0.8733610296875 0.7031323296875 0.8774015046875 0.667212859375 0.889514278125 0.65158316875 0.886000821875 0.58698921875 0.8727569953125001 0.5215662296875 0.862509990625 0.510696146875 0.787560859375 0.552923396875 0.744701878125 0.5912200750000001 0.6939765625 0.6206136875 0.691904834375 0.63572674375 0.673269665625 0.6611897859375 0.6113670578125 0.6653245859375 0.46436783125 0.7433614015625001 0.43445585312499996 0.701020784375 0.42669249843749996 0.6978110765625 0.33517992812499997 0.7503883109375 0.325138884375 0.7509049453125 0.197214446875 0.5314402390625 0.1987678109375 0.5247118828125 0.2550835046875 0.48952193125 0.24380323124999997 0.4585697625 0.25167129843749997 0.4490470828125 0.24194092656250002 0.44821804531250004 0.2408029484375 0.44086834374999995 0.26574935625 0.4494624671875 0.27330501875 0.459711203125 0.2865557703125 0.4514312140625 0.28107010468750004 0.44449516562499997 0.2901808625 0.42958980156250004 0.23222094218749997 0.3368345421875 0.21058549062499998 0.344596165625 0.1923674390625 0.3375554046875 0.1665919921875 0.338691653125 0.13968029843750002 0.3140524546875 0.1305730046875 0.2921063296875 0.1414430859375 0.281859325 0.1400991453125 0.26312290781250003 0.1220905171875 0.230617375 0.1245793609375 0.183000515625 0.1099864 0.15411834375 0 0.22421450156249997 0 0.5946102609375 0.10485725937499998 0.7595795437499999 0.1146888796875 0.7845276828125 0.09646909687500001 0.7959126671875 0.22399701562500002 1 0.6433726937500001 1