4 0.6243713390625001 0.39070618437500004 0.6124539390625 0.3748574234375 0.58060363125 0.344510009375 0.5347727609375 0.3756454703125 0.499389990625 0.318982275 0.49065285937500003 0.325248821875 0.3754027734375 0.40288354843749996 0.40565065 0.4669871875 0.46378801875000003 0.5387314875 0.47769058906249995 0.5312670984375 0.510934521875 0.581586103125 0.5673214875 0.54563051875 0.5582207078125 0.531514253125 0.6360773765625 0.47988036406249995 0.6627923046875 0.4566772921875 0.6243713390625001 0.39070618437500004
6 0.40932259687499994 0.5445418203125 0.43801482031249994 0.5940329921874999 0.4762415328125 0.61361231875 0.4907259078125 0.6118588828125 0.672341403125 0.485493603125 0.6788944453125 0.4757783203125 0.671665121875 0.4603005546875 0.6622133578125 0.45510320625 0.64263041875 0.4701650796875 0.6366044171875 0.4825917515625 0.6224823453125 0.48955755468750006 0.5582207078125 0.531514253125 0.5654930125 0.544397196875 0.47670772812499995 0.6024035015625 0.39685526875 0.47231093125 0.3894673734375 0.44250819531249996 0.3698759125 0.4071333109375 0.34392687187500004 0.4179956234375 0.321209946875 0.4345836828125 0.34775962968749996 0.46490140625 0.3769131921875 0.4650646796875 0.40932259687499994 0.5445418203125
0 0.6011784328124999 0.322054746875 0.623958578125 0.3668688296875 0.6320044921875 0.3853851953125 0.6452887390625001 0.4182786734375 0.657393809375 0.4447846953125 0.6976137687499999 0.4200837234375 0.7101928125 0.39794176875 0.7403228203125 0.335808409375 0.739119496875 0.3079039734375 0.7231178218750001 0.261772290625 0.6314926453124999 0.3260106796875 0.617748371875 0.313206209375 0.6011784328124999 0.322054746875
6 0.5380609203125 0.3737172234375 0.5845323078125 0.3449872625 0.614129015625 0.3814417546875 0.621961565625 0.3855469296875 0.6247110453125 0.3779779 0.590747540625 0.3150093390625 0.5445789984375 0.320394309375 0.5278979109375 0.29971919687500004 0.5215665203125 0.28873358125 0.49533595156250004 0.3144749796875 0.5380609203125 0.3737172234375
5 0.348406765625 0.5343909484375 0.356915596875 0.5636891734375 0.3663673609375 0.5688865203125 0.395665584375 0.5603776890625001 0.40933680156249996 0.53661651875 0.3780097328125 0.469546203125 0.36558306093750004 0.46352020156249996 0.3463398265625 0.46585379062500004 0.32943018125 0.4874306125 0.3372246390625 0.4985777765625 0.33549114687500003 0.5186115703125 0.348406765625 0.5343909484375
1 0.7337379453125 0.25126644531250003 0.7528637703125 0.32070844374999996 0.7683415359375 0.31347912031249997 0.790521584375 0.3190161734375 0.796245971875 0.31227579687499996 0.7898103390625 0.2502154953125 0.7721132640625 0.2170756171875 0.7337379453125 0.25126644531250003
3 0.7765456234375 0.3991132578125 0.7707132171875 0.3256803640625 0.7648014937500001 0.31698106875 0.75391785 0.32613121875 0.7525971203124999 0.37000236875 0.7719864640625 0.44080006093749996 0.791674525 0.4731734484375 0.8032769140625 0.46528301718750004 0.7893469640624999 0.43601860468750003 0.7765456234375 0.3991132578125
3 0.7408180265625 0.2442625484375 0.7541495375 0.2332296640625 0.7321218609375 0.199524653125 0.7248163515625 0.19813086562499999 0.7185268296875 0.20920184375 0.7408180265625 0.2442625484375
2 0.7718434828125 0.31701916093750004 0.7710117000000001 0.3706436875 0.7888199234375 0.4333072171875 0.8087276140625 0.4595297828125 0.8225432796875 0.44370251875 0.8094188515624999 0.4307101078125 0.791572534375 0.37508856874999996 0.791048625 0.3217275609375 0.7718434828125 0.31701916093750004
2 0.7154788671875 0.17180755 0.7549781921875 0.23025475625 0.7669921015625001 0.2124434015625 0.7564862578125 0.201823278125 0.75818165625 0.1888314734375 0.71807910625 0.141756859375 0.7131452781250001 0.152564315625 0.7154788671875 0.17180755
2 0.781209671875 0.48824934375 0.7904741 0.4780070203125 0.7668331578124999 0.43750332187499996 0.7493387375 0.3754110765625 0.7573152796875 0.44822848125 0.781209671875 0.48824934375