5 0.35831576875 0.3759068 0.3480318140625 0.3710354375 0.31988613125 0.3721179625 0.3085196203125 0.3894383625 0.310546875 0.4130859375 0.3271484375 0.427734375 0.345703125 0.4287109375 0.3583984375 0.423828125 0.369140625 0.4072265625 0.36914101875 0.389979625 0.35831576875 0.3759068
5 0.3310546875 0.490234375 0.36328125 0.4931640625 0.37109375 0.4873046875 0.3642578125 0.470703125 0.328125 0.4716796875 0.3310546875 0.490234375
5 0.421875 0.5478515625 0.421875 0.49414064843750005 0.36796875 0.492578125 0.37265625 0.544921875 0.421875 0.5478515625
4 0.5953125 0.467578125 0.5927734375 0.3828125 0.5283203125 0.375 0.4521484375 0.37890625 0.4237132359375 0.382582728125 0.42233455937500003 0.4289981765625 0.3795955875 0.4271599265625 0.3796875 0.491015625 0.42265625 0.492578125 0.42421875 0.5363281484375 0.42578125 0.567578125 0.6234375 0.571484375 0.62890625 0.5595703125 0.626953125 0.4814453125 0.60390625 0.4753906484375 0.5953125 0.467578125
0 0.72965801875 0.410819575 0.6787109375 0.41015625 0.6185141515625 0.40993514218750005 0.5949292453125 0.41052476875000005 0.595703125 0.4619140625 0.5964033015625 0.46919221718750004 0.6105542453125 0.46889740625 0.609964621875 0.47302477343750005 0.61084905625 0.4777417453125 0.6279296875 0.478515625 0.6409198109375 0.4783313765625 0.6550707546875 0.4777417453125 0.744140625 0.4794921875 0.7591391515625 0.4783313765625 0.7520636796875 0.46388561250000004 0.741450471875 0.4394162828125 0.72965801875 0.410819575
6 0.650390625 0.4990234375 0.65234375 0.4970703125 0.65234375 0.4931640625 0.654296875 0.4912109375 0.654296875 0.4873046875 0.65625 0.4853515625 0.65625 0.4794921875 0.6552734375 0.478515625 0.6513671875 0.478515625 0.6494140625 0.4765625 0.6474609375 0.4765625 0.6455078125 0.478515625 0.6396484375 0.478515625 0.638671875 0.4794921875 0.640625 0.4814453125 0.640625 0.4833984375 0.638671875 0.4853515625 0.638671875 0.4892578125 0.6357421875 0.4921875 0.6298828125 0.4921875 0.62890625 0.4931640625 0.62890625 0.4951171875 0.626953125 0.4970703125 0.626953125 0.5048828125 0.6298828125 0.5078125 0.6376953125 0.5078125 0.638671875 0.5068359375 0.6416015625 0.50390625 0.6455078125 0.50390625 0.650390625 0.5009765625 0.650390625 0.4990234375
6 0.706539540625 0.3894410234375 0.7110092140625001 0.3995391703125 0.715809975 0.41046503906250004 0.7278946484375 0.4106305828125 0.717465409375 0.38546798125000004 0.7131612796875 0.37487319375 0.7014076921875 0.37553537187499997 0.706539540625 0.3894410234375
2 0.7410277890625 0.36618546093750004 0.7313320984375 0.3668780203125 0.7181736609375 0.367224284375 0.725791703125 0.3852305671875 0.729947 0.39665763125 0.73583366875 0.4094698046875 0.7469144578125 0.39596509375 0.7534936765625 0.3938874453125 0.7479532828125001 0.3803827328125 0.7410277890625 0.36618546093750004
1 0.7649207625 0.4150101890625 0.7545325218750001 0.394233709375 0.7470703125 0.396484375 0.73828125 0.4072265625 0.73828125 0.4130859375 0.74609375 0.4306640625 0.7666521140625 0.478032178125 0.7763671875 0.486328125 0.7841796875 0.490234375 0.791583890625 0.4943070984375 0.8009333062499999 0.496384746875 0.7929690109374999 0.4763008046875 0.7860434953125 0.46002590625 0.77496270625 0.43578666874999994 0.7649207625 0.4150101890625
2 0.8074482 0.5156922546875 0.79993358125 0.49728138906249997 0.7875344234375 0.49239686562499996 0.775135265625 0.4863851640625 0.7668691375 0.48037344062500004 0.7799754359375 0.5098648953125 0.8156885968750001 0.5901004640624999 0.8361641421874999 0.6341466953125 0.8517845828124999 0.63555078125 0.8600506890625 0.63555078125 0.8484030171875 0.6084980843750001 0.8228532140624999 0.552138275 0.8074482 0.5156922546875
6 0.746221734375 0.4797562796875 0.7488878703124999 0.48449608125 0.751953125 0.4931640625 0.7574787328125 0.503751509375 0.7613298187499999 0.51323109375 0.7785115796875 0.5526306609375 0.8128751046874999 0.6296523453125 0.8259095453124999 0.6293561265625 0.7636997156249999 0.48982835312499995 0.7583674453125 0.47827509843750005 0.746221734375 0.4797562796875
5 0.783203125 0.6123046875 0.7783203125 0.607421875 0.7705078125 0.607421875 0.765625 0.6123046875 0.765625 0.6142578125 0.763671875 0.6162109375 0.763671875 0.6181640625 0.765625 0.6201171875 0.765625 0.6259765625 0.7685546875 0.62890625 0.7802734375 0.62890625 0.78125 0.6279296875 0.78515625 0.6220703125 0.78515625 0.6162109375 0.783203125 0.6142578125 0.783203125 0.6123046875
2 0.6533203125 0.212890625 0.64783825625 0.21482822812500002 0.6600690625000001 0.2436297953125 0.7022850765624999 0.338714459375 0.715699509375 0.368305134375 0.741344775 0.36593788125 0.7109375 0.2958984375 0.669538075 0.2057537515625 0.6533203125 0.212890625
3 0.546875 0.2607421875 0.55859375 0.2333984375 0.560908303125 0.1886816296875 0.558168825 0.16197168906249998 0.5376227328125001 0.1653960375 0.5205009890625 0.168820396875 0.521484375 0.2158203125 0.517076640625 0.2297738125 0.5068359375 0.236328125 0.47119037031250005 0.24004685937499998 0.354077646875 0.24004685937499998 0.2917545015625 0.24210146875 0.2061457859375 0.2462106859375 0.166015625 0.2607421875 0.1664233421875 0.299630525 0.1876543046875 0.290727196875 0.2191583109375 0.2845633703125 0.2587890625 0.279296875 0.3444895125 0.2770298234375 0.5009765625 0.27734375 0.5322265625 0.271484375 0.546875 0.2607421875
2 0.5223183031249999 0.17780472812499998 0.519070728125 0.166979478125 0.49855146875 0.1711041984375 0.4346337796875 0.176180940625 0.1919634296875 0.183325075 0.17199924375 0.1825572453125 0.1635528421875 0.1829411484375 0.16346127187499998 0.206491640625 0.165053603125 0.25853834062500003 0.187818084375 0.2541227390625 0.208467834375 0.246027603125 0.27171380312500004 0.2438387515625 0.4606143796875 0.2395086515625 0.48659497968750004 0.2389673890625 0.503374115625 0.2395086515625 0.513116840625 0.2346372890625 0.51953125 0.2197265625 0.523400828125 0.202161540625 0.5223183031249999 0.17780472812499998
2 0.6169069265625 0.190979575 0.6052097640625 0.175233334375 0.5926019578124999 0.1659975484375 0.57686650625 0.1608367453125 0.5628789750000001 0.1601591046875 0.557836684375 0.16201679062500002 0.5596943703124999 0.1758167515625 0.5596943703124999 0.19120900624999998 0.559163603125 0.210051253125 0.5586328359375 0.232343490625 0.555182846875 0.2453472953125 0.5498729265625 0.255764165625 0.5444742109375 0.2647620390625 0.531427259375 0.27241020625 0.5242290265625 0.2733099921875 0.5090435546875 0.2764913671875 0.3424722015625 0.27780892343749997 0.2781375046875 0.2796085078125 0.25429317500000004 0.28050828125 0.22460023750000002 0.284107425 0.2106535546875 0.285906996875 0.1953572203125 0.289506140625 0.1773614734375 0.29490485624999996 0.16566425625 0.3016532515625 0.165850878125 0.3225760953125 0.167233840625 0.36337350156250003 0.3269660546875 0.3647564640625 0.3809016078125 0.3661394265625 0.44659234531249997 0.3661394265625 0.5551549328125 0.3654479453125 0.6063245609375 0.3661394265625 0.64075125625 0.3659879765625 0.668194728125 0.36733765625000003 0.6938386296875 0.36733765625000003 0.686640340625 0.3479922296875 0.634267209375 0.22730120625 0.6169069265625 0.190979575
2 0.6386364796875 0.1510629859375 0.6259765625 0.138671875 0.6092949609375 0.1272229890625 0.5888671875 0.12109375 0.565282684375 0.117595303125 0.5519873093750001 0.1203460703125 0.5542796156249999 0.14235220937499998 0.5771484375 0.142578125 0.6044921875 0.15234375 0.6276334109375 0.17261065 0.6363441734374999 0.1909491125 0.659267234375 0.180404490625 0.6533072390625 0.1694014203125 0.644596475 0.1588568125 0.6386364796875 0.1510629859375
2 0.5075165703125 0.15243837031250002 0.527230403125 0.14831221875 0.5231042515625 0.126764534375 0.4969719625 0.1295153015625 0.455710453125 0.13455838281250002 0.4052734375 0.13671875 0.3916015625 0.13671875 0.3131290140625 0.13730915 0.1641291171875 0.14235220937499998 0.1640625 0.1533203125 0.1641291171875 0.16619220625 0.24527675312500002 0.164816821875 0.343845915625 0.162524503125 0.439664309375 0.1597737359375 0.4716796875 0.15625 0.5075165703125 0.15243837031250002
3 0.55910328125 0.161854625 0.5720108703125 0.160835603125 0.5862771734375001 0.16389266875 0.6015625 0.1734035328125 0.614130434375 0.18665081562500002 0.626019021875 0.20906929375 0.6450407609375 0.25356657656250003 0.6834239125 0.33814537968749997 0.6956521734375001 0.36769703125 0.7163722828125 0.3673573375 0.700407609375 0.333050271875 0.6759510875 0.27734375 0.6480978265624999 0.2155231078125 0.6705163046875 0.2056725546875 0.65828804375 0.1801970109375 0.637907609375 0.19140625 0.6263586953125 0.1727241953125 0.6126515484375 0.158425753125 0.5974864125 0.1479279890625 0.571088403125 0.1422323203125 0.5538154078125 0.14331188125 0.5511165359375 0.119021740625 0.5230478859375001 0.124959340625 0.5263671875 0.150390625 0.5111727015625 0.1514085984375 0.49066102031250003 0.1541075203125 0.469069775 0.156806409375 0.4302055359375 0.16058489375 0.31469238125 0.1638235796875 0.163013925 0.16760203125 0.1635536734375 0.1827159015625 0.2245489703125 0.1827159015625 0.44855809375 0.1746191859375 0.51495116875 0.16760203125 0.5241168484375 0.1672894015625 0.55910328125 0.161854625