4 0.5210858046875 0.6565146421875 0.5476868109375 0.6043072281249999 0.5581946 0.600893040625 0.612382771875 0.48163638437499995 0.603792728125 0.4759871953125 0.6282592453125 0.43300915156249997 0.602778028125 0.419512503125 0.5471150859375 0.3916641375 0.509986240625 0.37582630781250004 0.48131348437500004 0.4341158296875 0.4986243453125 0.4455030296875 0.48846054062500005 0.4667198078125 0.4441586828125 0.5493649703125 0.454533859375 0.563419559375 0.420346171875 0.636969865625 0.4412291375 0.64761026875 0.4726530453125 0.6504692875 0.5078847609375 0.669516765625 0.5210858046875 0.6565146421875
0 0.5441400093750001 0.6112682171875 0.5215649109375 0.6539101234375 0.5163958734375 0.664054928125 0.5586090296874999 0.6878455 0.597210746875 0.7079704312499999 0.6241208515625 0.718877815625 0.663259834375 0.7410121671875001 0.67387384375 0.7474885921875 0.7027869453125 0.689847284375 0.6913718953125 0.68357465 0.5602953140625 0.611827603125 0.5441400093750001 0.6112682171875
1 0.757491603125 0.705155175 0.709778396875 0.691297321875 0.6799147734375001 0.75067883125 0.70931789375 0.774690734375 0.7170851468749999 0.782574546875 0.757491603125 0.705155175
2 0.6498637828125 0.8096700718750001 0.6283600875 0.85187345 0.6228458359375 0.8499883031250001 0.619106059375 0.857328028125 0.624987496875 0.859400234375 0.6560161171875001 0.8747478640624999 0.6611972671874999 0.8718406625 0.6688657578125 0.8655269390625 0.6820999546875 0.848157621875 0.71713711875 0.782929078125 0.71188729375 0.77894135625 0.6914974093749999 0.7608800390625 0.679227784375 0.751132271875 0.6498637828125 0.8096700718750001
2 0.6133725515624999 0.8690363671875 0.6120590781249999 0.869463140625 0.603192075 0.8868656125 0.6053590953125 0.8890657859375001 0.60798604375 0.8882122390625 0.6114665375 0.8899856390625001 0.614093484375 0.8891320921875 0.61583373125 0.8900187921875 0.6210876265625 0.8883116984375 0.6228278734375 0.8891983984375 0.637276084375 0.884503890625 0.638162784375 0.88276364375 0.6377360109375 0.8814501703125 0.6133725515624999 0.8690363671875
6 0.67442793125 0.7477621046875 0.6619463609375 0.7414389406249999 0.6153780249999999 0.8349855125 0.626011496875 0.8409693031250001 0.6396548609375 0.815100396875 0.67442793125 0.7477621046875
6 0.80993349375 0.4844816203125 0.7983376234375 0.4849602359375 0.7916940968749999 0.49040964374999996 0.6931667874999999 0.68432951875 0.7040847125 0.6906783671875 0.80993349375 0.4844816203125
2 0.8228180093749999 0.47507410625 0.71026355 0.6920896484375 0.7556960703125 0.7037171109375 0.8796757281250001 0.4657917203125 0.8671592875 0.461296528125 0.848737503125 0.47163855000000005 0.8228180093749999 0.47507410625
2 0.607018175 0.8496814984375 0.6108038328125 0.842251725 0.1427061 0.6012682218750001 0.1377436734375 0.609498525 0.607018175 0.8496814984375
3 0.646661828125 0.8797176015625 0.654676 0.8749056078124999 0.13742925781249998 0.6087607265625 0.1302490890625 0.6206692484375 0.365841525 0.7416231734375 0.5418198875 0.8314869687499999 0.592155525 0.8578755328125001 0.6399915093749999 0.8826198390625001 0.646661828125 0.8797176015625
2 0.4745756890625 0.7969051765625 0.24270884218750002 0.6792366390625 0.2231304234375 0.66910205 0.13028214062500001 0.621005359375 0.115739165625 0.6476879765625 0.1621905390625 0.6708826343750001 0.189373728125 0.685878828125 0.24503941562499998 0.7145167671875 0.3076629609375 0.7459515515625 0.3578190671875 0.771033846875 0.416100053125 0.8026235375 0.4683774359375 0.82926019375 0.5332575562499999 0.8618447515625001 0.56558813125 0.878318003125 0.576311003125 0.8831927796875 0.58775375 0.8866257531249999 0.6004403109374999 0.861983434375 0.4745756890625 0.7969051765625
3 0.5964372765625 0.8880888375 0.60359539375 0.8887413046875 0.6130004015625 0.86807781875 0.607164253125 0.8662802546874999 0.6006527140625 0.8629093953125 0.5883982328124999 0.885490121875 0.5964372765625 0.8880888375
3 0.6191526781250001 0.8555411640624999 0.6226994796875001 0.848580175 0.62227270625 0.8472667015625 0.6118312234375 0.8419465 0.61051775 0.8423732734374999 0.6069709484375 0.8493342625 0.607397721875 0.8506477359375 0.6178392046875001 0.8559679375 0.6191526781250001 0.8555411640624999