4 0.6176000890625 0.4613372046875 0.5962619453125 0.4500088203125 0.58936606875 0.45037021718750003 0.5724734453125 0.4740328046875 0.5445236546875 0.50804395 0.507731109375 0.48001460937499996 0.47061244062499996 0.4538279046875 0.3903799796875 0.5589890265624999 0.524281078125 0.6598427 0.5973226796875 0.575802884375 0.62839319375 0.5617278781249999 0.6683287250000001 0.5056993796875 0.6176000890625 0.4613372046875
0 0.7249086328125001 0.6440167421874999 0.7695023812499999 0.581973878125 0.66557048125 0.5123700515625 0.639251909375 0.546982921875 0.6818860453125 0.579668884375 0.687099884375 0.5947106875 0.6923291218750001 0.6080459765625 0.7249086328125001 0.6440167421874999
5 0.5236657499999999 0.4897704703125 0.5466721875 0.5065432750000001 0.5879146140625 0.44906332187500003 0.544177003125 0.4173743640625 0.4970398796875 0.46739074843750006 0.5236657499999999 0.4897704703125
5 0.2121343015625 0.4300341625 0.1971079328125 0.43358758750000004 0.178883671875 0.45528712968749996 0.188899296875 0.46167705000000003 0.20407022343749998 0.46088197500000005 0.22091530937499998 0.43925471250000003 0.2121343015625 0.4300341625
6 0.789256603125 0.5173403390625 0.7479456 0.566865409375 0.76209016875 0.5767210171875 0.8007236828125001 0.5250371546875 0.789256603125 0.5173403390625
6 0.7019915109375 0.6226959875 0.6128981359375001 0.744812253125 0.623624190625 0.7544700359375 0.71613608125 0.6325515968750001 0.7019915109375 0.6226959875
2 0.635267615625 0.759913428125 0.724674609375 0.643840021875 0.7155375765625 0.635613 0.62537529375 0.7517263875 0.635267615625 0.759913428125
2 0.8026734234375 0.526855353125 0.7624090515625 0.5755680125 0.77079070625 0.58383496875 0.8120508781250001 0.5324186640625 0.8026734234375 0.526855353125
1 0.7299565953125 0.6507561171875 0.7376614078125 0.6605737828125 0.7995496156249999 0.581800178125 0.777387353125 0.5868943625 0.7506162390625 0.6244706015625 0.7299565953125 0.6507561171875
2 0.729162084375 0.6500407375 0.637928225 0.7700556171875 0.6451854984375001 0.7765900953125 0.7371072984375 0.6571946390625001 0.729162084375 0.6500407375
2 0.8206103718750001 0.53505864375 0.7803302046875 0.5852237703125 0.7990955640624999 0.5819585296875001 0.829255928125 0.542869734375 0.8206103718750001 0.53505864375
5 0.40700632187499997 0.2165257578125 0.397785771875 0.225306765625 0.40525988437500005 0.23597877031249997 0.417238784375 0.22705320312500002 0.40700632187499997 0.2165257578125