4 0.5390625 0.5244140625 0.51953125 0.4404296875 0.599609375 0.4169921875 0.59765625 0.3876953125 0.5751953125 0.3046875 0.5576171875 0.3046875 0.5361328125 0.314453125 0.369140625 0.3525390625 0.369140625 0.3662109375 0.380859375 0.3876953125 0.380859375 0.4169921875 0.392578125 0.4638671875 0.3173828125 0.478515625 0.3046875 0.4873046875 0.330078125 0.5986328125 0.337890625 0.6181640625 0.34765625 0.6220703125 0.5 0.5849609375 0.501953125 0.5751953125 0.48828125 0.5419921875 0.5390625 0.5244140625
0 0.283203125 0.4638671875 0.314453125 0.3935546875 0.345703125 0.3486328125 0.365234375 0.3115234375 0.396484375 0.2666015625 0.40865779375000005 0.24004435468750002 0.419982784375 0.215347246875 0.3942442234375 0.220492459375 0.350488690625 0.2230651 0.33504558281249996 0.26011077031249996 0.244140625 0.4169921875 0.203125 0.5478515625 0.20017551249999999 0.5566985328125 0.2012050515625 0.5757358890625001 0.2109375 0.6279296875 0.2181925203125 0.6498272109375 0.254741284375 0.6400513250000001 0.3319569328125 0.6230720359374999 0.3021001828125 0.5067897968749999 0.283203125 0.4892578125 0.283203125 0.4638671875
6 0.507281653125 0.6220429578125 0.5011043890625 0.6014620390625 0.479998803125 0.6045491843749999 0.46558519687500005 0.60815085 0.45168637812499995 0.616383225 0.3595423390625 0.6400513250000001 0.3538798609375 0.64056579375 0.35027645937499996 0.6343915390625 0.34821738281250003 0.6251301203125 0.3307151625 0.6282172484374999 0.3203125 0.6318359375 0.3235083609375 0.6462255796874999 0.3265970109375 0.659088628125 0.3359375 0.6630859375 0.45631931875 0.6343915390625 0.478454478125 0.6297608296874999 0.492353296875 0.625644625 0.507281653125 0.6220429578125
1 0.42358615000000005 0.20660033281249998 0.4297634140625 0.182417746875 0.43359375 0.1552734375 0.43436228593750004 0.1488551703125 0.432337278125 0.1438285046875 0.4235206140625 0.134485103125 0.3937294359375 0.14948827343749999 0.3566659546875 0.152060896875 0.3566659546875 0.1685256203125 0.3612988953125 0.17778703906249999 0.3607841078125 0.1942517890625 0.3551216296875 0.2138036828125 0.365931834375 0.2148327078125 0.3813749421875 0.21328914375000002 0.3988771625 0.21123104218750002 0.41226119375000003 0.210202 0.42358615000000005 0.20660033281249998
2 0.3607591421875 0.1770938890625 0.3584526609375 0.1724830953125 0.3449570875 0.17386633125 0.3360795359375 0.1740968703125 0.3248904765625 0.17294418125 0.316125740625 0.171560940625 0.3090934171875 0.17017770625 0.30540300625 0.18885140625000002 0.2994060984375 0.2075251078125 0.30194325312500003 0.2068334921875 0.3072482203125 0.2075251078125 0.31555164062499996 0.2089083484375 0.3282374140625 0.21167481875 0.337463434375 0.213058059375 0.3483040109375 0.214441290625 0.3553127125 0.21437812812499998 0.3575300453125 0.20383646562500002 0.3607591421875 0.1946148890625 0.36122045625 0.186315465625 0.3607591421875 0.1770938890625
3 0.347724884375 0.1545010140625 0.330195428125 0.15380939531249999 0.322400071875 0.152664509375 0.315173003125 0.15114375625 0.3127005734375 0.1589376265625 0.3096575953125 0.1703433015625 0.31764541875 0.1716739578125 0.32829585 0.173384809375 0.3397070109375 0.173765003125 0.3516459375 0.17386633125 0.358565459375 0.1720220140625 0.3571815453125 0.169025 0.35625894687500004 0.16372259218750002 0.3560283046875 0.1533483140625 0.347724884375 0.1545010140625
3 0.463850446875 0.10710389843749998 0.448788121875 0.1225771359375 0.4341442046875 0.13219564374999998 0.42493947500000007 0.13512300156249998 0.435817815625 0.145577896875 0.434981025 0.15226903125 0.4571560609375 0.1401413453125 0.4671975828125 0.13135924062499998 0.47765754375 0.12174073437499999 0.463850446875 0.10710389843749998
2 0.4836273359375 0.172446290625 0.4936136234375 0.164622959375 0.5065688671874999 0.15356235625 0.4944233484375 0.14169246093750001 0.4870376390625 0.134694259375 0.4767000484375 0.12210139687499999 0.45376351562500006 0.140183459375 0.4389032484375 0.1482558125 0.43359375 0.1533203125 0.431640625 0.1767578125 0.428567640625 0.19159999375 0.4250589390625 0.2037396640625 0.43882387187500005 0.1986140359375 0.4515091703125 0.19294885 0.4674333 0.1835068828125 0.4836273359375 0.172446290625
6 0.4643821640625 0.329425334375 0.48354676406249997 0.32463646874999996 0.4794400375 0.3150588296875 0.4705422078125 0.3006923 0.44921875 0.2939453125 0.4294752671875 0.295219340625 0.4116795609375 0.2863257953125 0.3994140625 0.267578125 0.37109375 0.3056640625 0.39662168750000004 0.30548112031249997 0.416015625 0.3076171875 0.42673748125 0.3061652359375 0.44316429375000005 0.3095858453125 0.4547998640625 0.3171111796875 0.4643821640625 0.329425334375
6 0.5393944578125 0.4627616234375 0.5311810515625 0.447026871875 0.5244140625 0.44921875 0.5291276875 0.477128140625 0.5393944578125 0.477128140625 0.5441855609374999 0.48602169687499996 0.546923346875 0.4962834890625 0.5489767109375 0.507913525 0.5489767109375 0.527068896875 0.561296796875 0.525016534375 0.561296796875 0.507913525 0.5546875 0.4814453125 0.548292240625 0.46960281718749997 0.5393944578125 0.4627616234375
5 0.6083984375 0.458984375 0.6270039109375001 0.4716551796875 0.63671875 0.4580078125 0.646484375 0.4443359375 0.6337890625 0.41796875 0.599609375 0.4248046875 0.6083984375 0.458984375
5 0.53911679375 0.5303750671875 0.49609375 0.5419921875 0.498046875 0.5595703125 0.5047000453125 0.57987765625 0.501953125 0.6025390625 0.509765625 0.6376953125 0.497984621875 0.636931503125 0.4635679890625 0.6444827453124999 0.4769988359375 0.68727313125 0.5223281203125001 0.675526740625 0.541015625 0.6845703125 0.7421875 0.6357421875 0.73046875 0.5673828125 0.7080078125 0.4921875 0.53911679375 0.5303750671875
5 0.583984375 0.7314453125 0.5908203125 0.748046875 0.60546875 0.7470703125 0.607421875 0.7041015625 0.5927734375 0.69921875 0.58203125 0.7041015625 0.583984375 0.7314453125
5 0.1376953125 0.798828125 0.154296875 0.7978515625 0.158203125 0.7685546875 0.1376953125 0.759765625 0.12890625 0.7919921875 0.1376953125 0.798828125
2 0.102711190625 0.8467175484375 0.0849068859375 0.8852749546875 0.075015575 0.9139458828125001 0.1116133421875 0.9109799046875 0.17392840781250002 0.9060366640625 0.2728411734375 0.9050480171874999 0.516199640625 0.9060366640625 0.609375 0.9072265625 0.8688703921875 0.9030706859375 0.912839996875 0.901093425 0.8950356921875 0.8368310343750001 0.102711190625 0.8467175484375