4 0.480041621875 0.55816340625 0.49199931250000006 0.5647916625 0.46907873437500003 0.6000985171875 0.4759212828125 0.6139404140625 0.4992608625 0.6201784140625 0.508924928125 0.6087869421875001 0.5445837109375 0.6028721234375001 0.571339775 0.6110039125 0.630613409375 0.5020571234375 0.628710040625 0.49541928437499994 0.54918403125 0.45357041093749995 0.5527764796875 0.4410465 0.5772484999999999 0.4412128828125 0.5941070421875 0.41482791093750004 0.5908665234375 0.3985164234375 0.5174121328125 0.357799990625 0.48762025937500003 0.3491019828125 0.41944390781249996 0.47209537968750004 0.4041176421875 0.51384494375 0.47946582031249996 0.55114489375 0.480041621875 0.55816340625
5 0.41862795625000004 0.679009503125 0.44315078281250003 0.6362849749999999 0.461679546875 0.59934675 0.390694746875 0.562232346875 0.3800578046875 0.55760276875 0.36851635312500003 0.5800856921875 0.3387132390625 0.632190340625 0.41862795625000004 0.679009503125
0 0.4658213328125 0.5984177468749999 0.4831397234375 0.5626271953125 0.392941309375 0.5101076859375 0.371982746875 0.5464021703124999 0.34192052031250003 0.5339412171875 0.3367144546875 0.5403016796875 0.3266469578125 0.5372428859375 0.2871546546875 0.6069731468749999 0.3337875765625 0.6319817140625 0.3806245375 0.5520330062500001 0.4658213328125 0.5984177468749999
3 0.7309937328125 0.3310378328125 0.6433071906250001 0.285782059375 0.640847184375 0.2922343515625 0.64862704375 0.2943136859375 0.654142025 0.30853625625 0.7275964140625 0.3492526890625 0.7309937328125 0.3310378328125
2 0.6541228609374999 0.2884276125 0.73175508125 0.33369296875 0.7397204875 0.33140892499999997 0.740277125 0.31831879375 0.65012099375 0.269460990625 0.6541228609374999 0.2884276125
2 0.7344843546875001 0.35208531718749997 0.6520531093749999 0.30626179531250003 0.6425745890625 0.3132898890625 0.7245701875 0.35874079062500003 0.7344843546875001 0.35208531718749997
1 0.263619340625 0.5900502890625 0.2782321671875 0.595917196875 0.3136479109375 0.534039825 0.280810646875 0.514721275 0.2654652171875 0.5363621968750001 0.2497030515625 0.5758920265625 0.26114016875 0.5763939375 0.263619340625 0.5900502890625
3 0.47372528750000004 0.23027337656250002 0.45669065625 0.22191330156250003 0.45128027499999995 0.23740075 0.298192103125 0.5215342875 0.31099366875 0.529712684375 0.47042360937499994 0.2381842984375 0.47372528750000004 0.23027337656250002
2 0.4623005359375 0.2196111359375 0.44366679531250003 0.2108493953125 0.2797806546875 0.5156580546875 0.2945205640625 0.5281579171875 0.4623005359375 0.2196111359375
3 0.2753914859375 0.601041921875 0.2579283953125 0.5902454171875 0.24211723125 0.6206330624999999 0.256859590625 0.6274819843749999 0.25815226875 0.6260993265625 0.2714183640625 0.612238265625 0.2753914859375 0.601041921875
2 0.259060834375 0.5841737984375001 0.2518471953125 0.5790586546875 0.23800529843749998 0.5859012031249999 0.224748784375 0.6098165859375 0.2293072890625 0.6156930765624999 0.2406891796875 0.6153028203125 0.259060834375 0.5841737984375001