4 0.6591273015625 0.4247509015625 0.6280225296874999 0.4167278875 0.5962033828125 0.3905538125 0.5739471484374999 0.3991007375 0.5448012953125 0.3794416125 0.5380228265625 0.3807592125 0.509099271875 0.42014738906250004 0.49320561406249996 0.4541889765625 0.5293172703125 0.4879701734375 0.468155546875 0.5786461578125001 0.445708846875 0.6224030296875 0.5857899062499999 0.7133550546875 0.592568375 0.712037453125 0.6253716765624999 0.6564190437499999 0.6224729546875001 0.6415064125 0.5973941843749999 0.6210567265625 0.626882871875 0.577337946875 0.647970746875 0.584494215625 0.6845776109374999 0.5267295515625 0.6711349515625 0.5082387859375 0.6858983421875 0.48285840156250004 0.6901558875 0.44685789531250003 0.6591273015625 0.4247509015625
5 0.5150078640625 0.4794963046875 0.4907196546875 0.46311369999999996 0.488347971875 0.45091245625000004 0.5290600109375 0.3853152421875 0.5247246375 0.3739382953125 0.546458203125 0.3616793109375 0.5654892515625 0.32802041875 0.47742594531250004 0.269844421875 0.43695214687500006 0.3385010171875 0.41736920624999996 0.353562890625 0.3079676375 0.449395 0.3113934 0.46701902031250003 0.32434711250000003 0.475756409375 0.34580965625000004 0.513792021875 0.364675090625 0.5312287062500001 0.40572370468749996 0.5035528265625 0.42387476562500004 0.5028384531250001 0.44982028281249997 0.5132712421875001 0.4532079515625 0.5379372499999999 0.4096018453125 0.5936135 0.41480921249999997 0.6203736156249999 0.434688409375 0.639900134375 0.441788384375 0.6275592546875 0.42812972031249996 0.6024400234375 0.45637019375000004 0.5542055765625 0.489471978125 0.543550490625 0.4982093671875 0.530596778125 0.48932273750000005 0.521068828125 0.490189484375 0.51105193125 0.516325465625 0.4862747734375 0.5150078640625 0.4794963046875
0 0.6555517531249999 0.8589637625 0.68015755625 0.8224841578125 0.5762504749999999 0.7232553234375 0.4702469609375 0.65175505 0.4748234703125 0.6432507640625 0.4510935296875 0.6283909375000001 0.4079717171875 0.688828896875 0.40710497187500005 0.69884579375 0.616021671875 0.8326942031250001 0.6555517531249999 0.8589637625
1 0.7038370265625 0.8719013062500001 0.7153480421875 0.8536270968749999 0.686915 0.8356079140625001 0.675481734375 0.8563092625 0.7038370265625 0.8719013062500001
3 0.69820718125 0.8877218609374999 0.7113226546875 0.8953895171875 0.7614515625 0.8236941249999999 0.7526815625000001 0.814831515625 0.7250304015625 0.83920891875 0.69820718125 0.8877218609374999
3 0.8227378421875 0.6222756984375 0.814000453125 0.6352294109375001 0.8147910140624999 0.6392964921875001 0.8175024015625001 0.6387694515625 0.8428978859375 0.6561267734375 0.8528811015625 0.6413260468749999 0.8240935359374999 0.622012178125 0.8227378421875 0.6222756984375
3 0.8338415015624999 0.671858125 0.846533975 0.6795545453125 0.91778878125 0.575661328125 0.910784884375 0.568581246875 0.8999393343750001 0.5706894078125 0.8338415015624999 0.671858125
5 0.353670909375 0.6628040640624999 0.3932526796875 0.605868053125 0.350626075 0.5747601515625 0.33262425625 0.5979561875 0.315828890625 0.5984070421875 0.301592540625 0.6264988140625001 0.353670909375 0.6628040640624999
5 0.5833639484375001 0.36069045625 0.6060329453125 0.3759808875 0.621586896875 0.354667584375 0.5956170375000001 0.33686479999999996 0.5825733890625 0.35662337499999996 0.5833639484375001 0.36069045625
5 0.636232878125 0.4010627875 0.6200407375 0.3901410515625 0.61868504375 0.390404571875 0.6121320015625 0.40011985625 0.6129225625 0.4041869375 0.6274954890625 0.41401649999999995 0.6315625703125 0.41322593906250005 0.6370234390625 0.40512986875 0.636232878125 0.4010627875
5 0.651145509375 0.398164065625 0.648434121875 0.39869110625 0.6429732546875 0.4067871765625 0.6437638140625 0.4108542578125 0.6534790984375001 0.4174073 0.6548347921875 0.4171437796875 0.6602956609375 0.40904770937499996 0.6597686203124999 0.406336321875 0.6608607937500001 0.40471710781250003 0.6605972734375001 0.4033614140625 0.6525012046875001 0.3979005453125 0.651145509375 0.398164065625
2 0.8466832156249999 0.7020362062500001 0.8531638609375 0.6906100328125 0.8289480484375 0.67593831875 0.8443106984375 0.6528271265625001 0.8126252859375 0.6364778859375 0.701995515625 0.8117618312499999 0.689896878125 0.835813534375 0.7144481984375 0.8540478984375 0.7324619343750001 0.8335497500000001 0.745828571875 0.8201245515625001 0.76368899375 0.8269869109375 0.7984297578125 0.7742399671875 0.8466832156249999 0.7020362062500001
2 0.69519200625 0.8912879796875 0.7027793828125 0.8763142984375 0.6737975625 0.85844010625 0.661585090625 0.8716727484375 0.69519200625 0.8912879796875
2 0.8558777203125001 0.6045786234375 0.835843925 0.6028451312499999 0.8246205765625 0.624723565625 0.8540680406250001 0.638696396875 0.8857410765625 0.591739190625 0.8882270374999999 0.582814465625 0.8803944874999999 0.5787092921875 0.8558777203125001 0.6045786234375