4 0.5084653875 0.4851943296875 0.5096528203124999 0.47962522500000004 0.4941329375 0.470493821875 0.49527217187500006 0.463544490625 0.473701196875 0.439423390625 0.46237019375 0.43152761875 0.471278134375 0.44918137343750003 0.389906096875 0.3746360015625 0.329022375 0.45814203593749997 0.315542959375 0.3996479703125 0.2547793625 0.4665054875 0.285206065625 0.5026640859375 0.3653906703125 0.5827785624999999 0.397907059375 0.6037536218749999 0.4439287796875 0.631805025 0.49453674375 0.5792311640625 0.453976596875 0.5429917875 0.5084653875 0.4851943296875
5 0.5202959109374999 0.5469671375 0.5127681953125001 0.529265184375 0.49557889531250005 0.511900621875 0.48448888281249997 0.5109059828125 0.456660890625 0.5450435921875 0.481040515625 0.5704485218750001 0.4893700734375 0.5715395578125 0.5202959109374999 0.5469671375
6 0.4549870734375 0.41796634531250004 0.46150261875 0.406683540625 0.443559671875 0.407310121875 0.3904187484375 0.3497437234375 0.3686725125 0.36017648750000003 0.36891350625 0.3670776203125 0.3940467765625 0.37449140625 0.4799450828125 0.4599339953125 0.50970101875 0.48100545156249996 0.5122204796875 0.4740079203125 0.50069668125 0.46059124375 0.5031679421875 0.4522134859375 0.49174054062500006 0.44155726250000005 0.48650882500000003 0.450031415625 0.4549870734375 0.41796634531250004
0 0.318138734375 0.30334172656249997 0.2654161453125 0.3420667140625 0.3060978609375 0.388617928125 0.31299899375 0.388376934375 0.3613375921875 0.347995440625 0.3597163734375 0.34114250625000003 0.318138734375 0.30334172656249997
1 0.1992069640625 0.29561695781249997 0.20363683593749998 0.303753721875 0.23438740937500002 0.313735165625 0.25733860937499997 0.3378080671875 0.2790848453125 0.3273753046875 0.31124631406250003 0.29861400625 0.2812011859375 0.269261190625 0.277524959375 0.24313328125 0.2676223796875 0.2365695390625 0.24640632812500002 0.2621847953125 0.1992069640625 0.29561695781249997
6 0.301533703125 0.4090515703125 0.32730143125 0.40813872812499996 0.3595411109375 0.37569637031249997 0.3666122734375 0.354531728125 0.3051314796875 0.388652646875 0.301533703125 0.4090515703125
3 0.236249621875 0.3274892328125 0.240149309375 0.3204435046875 0.22329739843750002 0.31274052812500003 0.1473542671875 0.35408599375 0.1063215625 0.395617125 0.1239646046875 0.4085064375 0.1576424359375 0.37169155 0.236249621875 0.3274892328125
2 0.24388087343749998 0.3231724265625 0.1754407859375 0.3669242875 0.1549783796875 0.3745484 0.127005790625 0.4045453296875 0.1414828359375 0.423386515625 0.1934422015625 0.37471647343750003 0.2603813046875 0.3385593265625 0.24388087343749998 0.3231724265625
2 0.1911183984375 0.30142705468750003 0.124885053125 0.3438153578125 0.0875882671875 0.3838112640625 0.1060613984375 0.398367175 0.1460222390625 0.35551441875 0.22053694531249998 0.312836925 0.1911183984375 0.30142705468750003
2 0.298245890625 0.2824850734375 0.316574425 0.2929003046875 0.3390261078125 0.2630961703125 0.31922095 0.24996868437500003 0.2980048984375 0.27558394062499997 0.298245890625 0.2824850734375
3 0.2840580359375 0.271925246875 0.2952444453125 0.2756803375 0.3162677015625 0.244544175 0.3022726421875 0.2395052546875 0.28238861875 0.2636920859375 0.2840580359375 0.271925246875
2 0.2796106328125 0.2237137125 0.27452351406250003 0.2363285453125 0.28224402187500003 0.2595514046875 0.2980837625 0.2382696234375 0.2796106328125 0.2237137125