4 0.4931640625 0.455078125 0.41883660312500004 0.5275035671875 0.4016500609375 0.5403872484375001 0.416015625 0.5634765625 0.423828125 0.5791015625 0.4521897609375 0.609866065625 0.4716253109375 0.6289390906250001 0.4871834375 0.644337140625 0.49352233125 0.6509609843749999 0.5479792390625 0.6008501984375 0.6482491546875 0.5009738671874999 0.5541805203125 0.402424371875 0.4931640625 0.455078125
5 0.3961230046875 0.45922935625 0.44388580624999996 0.5014340875000001 0.5200292984375 0.4315541609375 0.5532556359374999 0.400419515625 0.5068359375 0.3515625 0.474609375 0.3837890625 0.3961230046875 0.45922935625
0 0.437076596875 0.5103813374999999 0.4434244265625 0.5008641421875 0.4212069140625 0.4839446921875 0.3952865546875 0.46015170312500003 0.3916015625 0.462890625 0.36936612343749997 0.48235848125 0.3661922078125 0.5008641421875 0.359315375 0.5130250109375 0.376448 0.5298160640625 0.3857647734375 0.530473209375 0.39422854687500003 0.53840419375 0.40639527500000006 0.53840419375 0.437076596875 0.5103813374999999
1 0.3715223140625 0.5381342171875 0.3502746296875 0.5159012515625 0.34894663125 0.5205469515625001 0.34595867343750003 0.5268518171875 0.341642740625 0.5374705609375 0.32471096718750003 0.5411207359375 0.3403147640625 0.556716996875 0.3502746296875 0.565676553125 0.3599024671875 0.5743042859374999 0.36720638125 0.578949975 0.366874375 0.565676553125 0.3798221984375 0.5530668109375 0.379158209375 0.546430115625 0.3715223140625 0.5381342171875
3 0.325042971875 0.51888776875 0.331682875 0.525856309375 0.342173953125 0.53645990625 0.345294709375 0.527515496875 0.34894663125 0.5212106140625 0.34396670937499996 0.5165649250000001 0.3363308359375 0.50893270625 0.33035492187500004 0.51424206875 0.325042971875 0.51888776875
2 0.3436347046875 0.5152375765625 0.3492786359375 0.5212106140625 0.34961061875 0.5159012515625 0.33931879375 0.504950684375 0.33533484375 0.50893270625 0.3436347046875 0.5152375765625
2 0.3799543875 0.55326390625 0.38688534531249996 0.5612457375 0.3959257390625 0.5701311671875 0.406472846875 0.58022140625 0.4180581375 0.590427246875 0.42289195468749996 0.5956865609374999 0.4398986984375 0.6107772828125 0.44508115937500004 0.6141072890625 0.3995419 0.5656131515625 0.39276160937500004 0.5591373265625 0.37965304375 0.5464868796875 0.3799543875 0.55326390625
3 0.3751160078125 0.5715977671875 0.383843309375 0.5814097734375 0.40178419062500004 0.5995876578125 0.4209538859375 0.62022200625 0.43201332812500004 0.6317674171875 0.42306927656250004 0.63915973125 0.43167241718750005 0.6472810250000001 0.43955865625 0.6401151828125 0.453242721875 0.6528682734375 0.4763913890625 0.6774518734375 0.49230609843749995 0.6624125000000001 0.48102110312499996 0.6505545109375 0.46828934999999994 0.6381181078125 0.45700439375 0.626549346875 0.44543005 0.614112934375 0.43766593593750003 0.609687490625 0.40817408437499997 0.5826663171875001 0.39367393906250003 0.5684187921875 0.379911078125 0.5531886734375 0.36730333593750003 0.5643672921875 0.3751160078125 0.5715977671875
2 0.4317520984375 0.6307995765625 0.38993118125000004 0.5868490625 0.380859375 0.5771484375 0.375 0.5712890625 0.3717689796875 0.5672624140625 0.3674674 0.5641572125 0.3653166109375 0.5689344468749999 0.3648386421875 0.57777231875 0.3686622703125 0.5830272734374999 0.37702644375 0.5930594640625 0.38515164999999996 0.601180753125 0.39303788906250003 0.6116906625 0.4018800140625 0.6200508078125 0.4076154640625 0.6269777984375 0.41430680000000003 0.6329493312500001 0.422432021875 0.6408317640625001 0.4317520984375 0.6307995765625
2 0.44839211562500003 0.6486081953125 0.43931100624999997 0.6397703109374999 0.4316637515625 0.6476527437499999 0.43763816875000006 0.65553516875 0.4426566671875 0.6612678484375001 0.44767518125 0.66747825 0.45580038749999996 0.676793846875 0.4670322859375 0.6873037625 0.47276771875 0.68180994375 0.476352378125 0.67822701875 0.4684661390625 0.6693891515625 0.45962401406250003 0.6598346765625 0.44839211562500003 0.6486081953125
5 0.3671875 0.4892578125 0.3662109375 0.48828125 0.3642578125 0.48828125 0.353515625 0.4990234375 0.353515625 0.5009765625 0.3515625 0.5029296875 0.3544921875 0.5078125 0.3564453125 0.5078125 0.3583984375 0.509765625 0.361328125 0.5087890625 0.365234375 0.5048828125 0.365234375 0.5029296875 0.3671875 0.5009765625 0.3671875 0.4892578125
2 0.31822422499999997 0.5344226046875 0.324084265625 0.5410438125 0.33019908125 0.5405344828125 0.3365686875 0.539515840625 0.34319306875 0.5390065109375 0.33984375 0.5341796875 0.32459384999999996 0.518378928125 0.3126189765625 0.5300933578125 0.31822422499999997 0.5344226046875