4 0.5 0.4951171875 0.5005206281250001 0.4377444265625 0.498046875 0.3505859375 0.3408203125 0.3515625 0.341796875 0.4521484375 0.3466796875 0.45703125 0.35546875 0.4873046875 0.35546875 0.6083984375 0.5390625 0.6162109375 0.5390625 0.5107421875 0.5283203125 0.50390625 0.5087890625 0.50390625 0.5 0.4951171875
0 0.3297156546875 0.4535685671875 0.3230500703125 0.439410134375 0.3405471515625 0.4319144671875 0.3388807875 0.3694506796875 0.3072193515625 0.3744477703125 0.28972227031250003 0.37278209375000004 0.2638932375 0.37361493281249997 0.263671875 0.4267578125 0.26722603125 0.44690576875000004 0.3130517546875 0.44274151718750004 0.33721442343749997 0.49854250625 0.33721442343749997 0.5127009703125001 0.35221189375 0.5127009703125001 0.3547115046875 0.494378253125 0.345546371875 0.482718334375 0.3297156546875 0.4535685671875
5 0.541015625 0.4404296875 0.541015625 0.3564453125 0.5029296875 0.35546875 0.501953125 0.4384765625 0.541015625 0.4404296875
5 0.62890625 0.5849609375 0.62890625 0.6123046875 0.6357421875 0.619140625 0.67578125 0.6201171875 0.68359375 0.6162109375 0.6806640625 0.578125 0.6376953125 0.576171875 0.62890625 0.5849609375
1 0.255859375 0.4423828125 0.25390625 0.3759765625 0.2275390625 0.375 0.2281061765625 0.44414003125 0.255859375 0.4423828125
3 0.2265625 0.4423828125 0.2281061765625 0.371944803125 0.2138671875 0.375 0.213818921875 0.44175994999999996 0.2265625 0.4423828125
1 0.212890625 0.4423828125 0.2108928890625 0.3751182078125 0.189453125 0.3779296875 0.189453125 0.4482421875 0.212890625 0.4423828125
2 0.2265625 0.3720703125 0.248046875 0.3740234375 0.255859375 0.3701171875 0.255859375 0.3447265625 0.2257677234375 0.3441193703125 0.2265625 0.3720703125
2 0.2593683953125 0.6624035765625 0.2529296875 0.4453125 0.22740108281250002 0.4452611734375 0.22935823281249998 0.6637077515625001 0.2593683953125 0.6624035765625
2 0.21435321875 0.6610994453125 0.21370080468750002 0.44330493750000005 0.1908670546875 0.4485215796875 0.1928242046875 0.6604473453125 0.21435321875 0.6610994453125
2 0.2109375 0.3720703125 0.211091240625 0.34428096406250003 0.1882574453125 0.34623720625 0.1882574453125 0.376232840625 0.2109375 0.3720703125
3 0.2130484359375 0.660539428125 0.22935823281249998 0.66314778125 0.22479151874999997 0.444049096875 0.215658 0.44470117499999995 0.2130484359375 0.660539428125
3 0.224609375 0.3740234375 0.224609375 0.3427734375 0.2138671875 0.341796875 0.2109375 0.3720703125 0.224609375 0.3740234375