4 0.5087527406250001 0.569572784375 0.5297531625 0.567302503125 0.5473480875 0.5684376640625 0.58026763125 0.5644646328125 0.58203125 0.4892578125 0.5768622125 0.427112109375 0.5556640625 0.42578125 0.5166015625 0.42578125 0.49853636718749994 0.4356257015625 0.4716796875 0.42578125 0.4599609375 0.42578125 0.44688670625000004 0.427112109375 0.4248046875 0.427734375 0.395237084375 0.42938240937499994 0.39453125 0.4423828125 0.396484375 0.5634765625 0.4013671875 0.5703125 0.4258863234375 0.570140375 0.4599410203125 0.5684376640625 0.4809414421875 0.5690052140625 0.5009765625 0.5703125 0.5087527406250001 0.569572784375
5 0.3828125 0.3017578125 0.423828125 0.3037109375 0.427734375 0.2919921875 0.416015625 0.2666015625 0.3916015625 0.26171875 0.3828125 0.3017578125
0 0.476457521875 0.7359741671875 0.4592865609375 0.7285594953125 0.451171875 0.7021484375 0.451171875 0.6767578125 0.466796875 0.6474609375 0.4696740421875 0.6161281046875 0.4541015625 0.6171875 0.4111328125 0.619140625 0.404296875 0.6416015625 0.404296875 0.6591796875 0.4046378171875 0.6807858828125 0.404296875 0.7158203125 0.408301228125 0.7533204234374999 0.431640625 0.7509765625 0.4501953125 0.75 0.4612377875 0.7484620203125 0.48465276875 0.7484620203125 0.476457521875 0.7359741671875
1 0.39453125 0.7763671875 0.38851887500000004 0.7818945921875 0.42578125 0.7822265625 0.49988622187500004 0.777498578125 0.472044346875 0.7555184046875 0.4072265625 0.759765625 0.39453125 0.7763671875
5 0.4438847 0.5707749296875 0.4011989234375 0.568107075 0.4020882390625 0.5938961703125 0.4072265625 0.6171875 0.45811337500000004 0.6179066843750001 0.4883491078125 0.6170173796875 0.4874598546875 0.5956747203125 0.4847919703125 0.56899635 0.46522765 0.5707749296875 0.4438847 0.5707749296875
6 0.3826266453125 0.75392543125 0.4072123578125 0.75392543125 0.406431834375 0.7410473484375 0.394334109375 0.7429986078125 0.38184615 0.7429986078125 0.3826266453125 0.75392543125
6 0.5911908375 0.731291215625 0.5830078125 0.732421875 0.578125 0.7373046875 0.5791015625 0.7421875 0.6005568421875 0.74143760625 0.6228010390625001 0.74065711875 0.622410778125 0.7301204984375 0.6083618000000001 0.7301204984375 0.5911908375 0.731291215625
2 0.5794833734375 0.7488522765625001 0.5712881546874999 0.7500230218749999 0.572265625 0.7587890625 0.5728491453125 0.762120590625 0.57421875 0.7685546875 0.5794833734375 0.76992551875 0.597825065625 0.7683645171875 0.629825528125 0.7664133109375 0.6294352671875 0.74690101875 0.59899585 0.7476815328125 0.5794833734375 0.7488522765625001
2 0.40234375 0.7646484375 0.4046516390625 0.7609498453125 0.3744456359375 0.76122028125 0.3746710015625 0.771135978125 0.375 0.7802734375 0.3744456359375 0.782403809375 0.3947279734375 0.7819530968749999 0.39453125 0.7744140625 0.400390625 0.7685546875 0.400390625 0.7666015625 0.40234375 0.7646484375
5 0.5040224765625 0.4286842828125 0.5444378750000001 0.4251391 0.5576171875 0.42578125 0.5703125 0.4267578125 0.5712890625 0.373046875 0.50390625 0.3740234375 0.50390625 0.4033203125 0.5040224765625 0.4286842828125
5 0.482421875 0.4326171875 0.4951171875 0.447265625 0.501953125 0.4462890625 0.51171875 0.4228515625 0.5048828125 0.41796875 0.4853515625 0.419921875 0.482421875 0.4326171875