4 0.5455703484375001 0.30594283437500003 0.5733877171875 0.31426401406250004 0.61770194375 0.33757966875 0.6392857921874999 0.34014752187499997 0.6955338421875 0.3684925734375 0.7138075546875 0.362645375 0.7578667046875001 0.2703692859375 0.7544810484375 0.261745596875 0.7103445609375 0.240589028125 0.6914666296875 0.23318144062499999 0.6747249171874999 0.23639125625 0.6554767984375001 0.22515474375000002 0.6436029375000001 0.22111222656249999 0.63166810625 0.215906575 0.560483284375 0.1799897359375 0.5405657796875001 0.1917904984375 0.5058694625 0.2669474453125 0.5377727015625 0.287771340625 0.5383860140625 0.2994740296875 0.5455703484375001 0.30594283437500003
0 0.6130597578125 0.10095791093749999 0.594837040625 0.091691903125 0.5568366921875 0.17881705625 0.5985639890625001 0.197552065625 0.6255991375 0.2113659953125 0.6313837015625 0.2104797953125 0.6372011984375 0.19909585937500002 0.6128134390625 0.178798984375 0.60785666875 0.1732276671875 0.606145084375 0.16282144062499998 0.6151797953125 0.13494191875 0.6229295859375 0.10479735781249999 0.6130597578125 0.10095791093749999
5 0.36360950625 0.5658220843749999 0.352209325 0.590867109375 0.3538489703125 0.6034939140625 0.387722121875 0.615409334375 0.4085678890625 0.584001871875 0.3792130921875 0.565004334375 0.36360950625 0.5658220843749999
5 0.531977959375 0.4944124953125 0.514113121875 0.5080614875 0.5166727359375 0.5382423265625 0.5351467390625 0.5548763937500001 0.5566016703125001 0.5537519875 0.5782651859375 0.5379481109375 0.5766296875 0.5067409375 0.5493275578125 0.48959163125 0.531977959375 0.4944124953125
5 0.6081808375 0.3437334703125 0.61444105625 0.35122860624999996 0.61906163125 0.3460969390625 0.583446615625 0.319604265625 0.54947124375 0.305738396875 0.5337612921875 0.32318606562499996 0.5281102375 0.3459739859375 0.5373472390625 0.3542910203125 0.5342640921874999 0.37009904374999997 0.5453493234375 0.3763634109375 0.5562342640625 0.3601465109375 0.5720422875 0.363229659375 0.5810789984375 0.34906542812499997 0.5988374703125 0.35204635624999997 0.6081808375 0.3437334703125
5 0.59778625625 0.46260445156249996 0.58680324375 0.45829053281250004 0.5815652109375 0.47029987812499996 0.5934723375 0.4735874640625 0.59778625625 0.46260445156249996
2 0.6896669531249999 0.0253961875 0.6750134796875 0.0358374203125 0.6555698375000001 0.0603486921875 0.72152908125 0.09282115156250001 0.793036846875 0.12569379218750001 0.8398140140624999 0.1481164203125 0.8603497765625001 0.104892421875 0.6896669531249999 0.0253961875
3 0.679161409375 0.07285688125 0.6555102703125 0.060451590624999996 0.6459045984375 0.071490478125 0.7993784234375 0.1451242390625 0.8314061015625 0.16231187656249998 0.838801265625 0.148308596875 0.787979596875 0.12329259374999998 0.7464870078125 0.105194815625 0.7395582828125 0.1020492703125 0.7339319703125 0.0988354671875 0.71557949375 0.09083074062499999 0.7067614671875 0.0862247546875 0.6987821140625 0.0827444609375 0.679161409375 0.07285688125
2 0.746732234375 0.12147074843750001 0.7229712984375001 0.10903804531250001 0.6954230828125 0.0963321828125 0.6721817828125001 0.08481556875 0.64502995 0.07067396875000001 0.6266812578125001 0.098519825 0.6431407703125 0.106618684375 0.6740305765625 0.12009266562500001 0.6852918203125 0.1279922734375 0.6983604328124999 0.134382159375 0.728284940625 0.1474351265625 0.757367396875 0.16241886875 0.7872919046875 0.1754718375 0.801325821875 0.1822828140625 0.8150373140625 0.19194057656250002 0.830139771875 0.1632952796875 0.80232364375 0.1473281734375 0.772795521875 0.13283946875 0.746732234375 0.12147074843750001
1 0.634226409375 0 0.6355747296875001 0.00989006875 0.6307608 0.028471503125 0.62035145 0.05072259999999999 0.6073606796875 0.0697325609375 0.5985909828125 0.086458053125 0.6252812609375 0.09877367031249999 0.6451339625 0.072651209375 0.6547014546875001 0.061945739062500005 0.6659447359375 0.046403778125 0.6899478625000001 0.025851975 0.674992646875 0.016581321875 0.649806690625 0.005360209375 0.6428141203125 0 0.634226409375 0
2 0.585482559375 0.0800437375 0.5987466328125 0.08465439531249999 0.613283221875 0.058328243749999995 0.5894645953125 0.04558846875 0.56746906875 0.030823771875 0.5506535765625 0.059681106250000004 0.562651121875 0.0677346 0.585482559375 0.0800437375
3 0.6007078578125 0.0300465109375 0.5867863546875001 0.0220938484375 0.5753958171875 0.016420334375 0.56746906875 0.030823771875 0.5918443421874999 0.0449814171875 0.6032348203125 0.050654975000000005 0.614675778125 0.057290554687499995 0.6230835031249999 0.04286186875 0.6160723531250001 0.037923509375 0.6007078578125 0.0300465109375
2 0.5842451921875 0 0.5744590671875 0.016951760937499998 0.5818251890624999 0.019459804687500002 0.5947090828125 0.0260197640625 0.6231339234375 0.043823934375 0.6343268046875 0.027319906249999998 0.6360783343749999 0.0055225484375 0.633865571875 0 0.5842451921875 0