4 0.5540266546875 0.5718442984375 0.553230253125 0.5579876046875001 0.3663450234375 0.4197933421875 0.3567965703125 0.42130566875 0.303123553125 0.48853453125 0.27134335625 0.5439062125 0.308118009375 0.57303875625 0.30755034531250003 0.587111496875 0.38612381875 0.641784271875 0.39933237187500004 0.636895675 0.457796490625 0.67937234375 0.47524550000000004 0.6836001078125 0.49454576093749997 0.6553741515625 0.5267580515625 0.6027306 0.5443152 0.593748540625 0.5522568999999999 0.580654028125 0.5540266546875 0.5718442984375
5 0.40210465624999997 0.259552684375 0.357609990625 0.3205004515625 0.3753101953125 0.34419765 0.3930898875 0.35422339062499997 0.4171589640625 0.326402415625 0.4277465125 0.2839666421875 0.40210465624999997 0.259552684375
0 0.3948207765625 0.6613810546875001 0.3805298578125 0.6825709718749999 0.36195515 0.7070696140625 0.35642841875000003 0.7232142515625 0.3414021375 0.7417617265625001 0.38389267656250003 0.7718575515625 0.4030660421875 0.7454676796874999 0.4240830046875 0.7165403109375 0.446464571875 0.70493795625 0.46003743437500005 0.711177925 0.46828960625000005 0.7014812109374999 0.47158540000000004 0.686976378125 0.46526495468749995 0.6823843046875 0.45445669375 0.675801728125 0.41053484375 0.642339865625 0.3948207765625 0.6613810546875001
0 0.533379346875 0.48562439062499996 0.5066106234375 0.5108383859375001 0.49892611249999996 0.5064623609375001 0.49433404062499997 0.51278280625 0.5563904749999999 0.560283640625 0.5658033578125 0.575572184375 0.5498793671875 0.6074582421875 0.4858741859375 0.6889081046875 0.472030184375 0.7162698765625 0.487034896875 0.7138933625 0.49944704843750004 0.6951480734375 0.5910724468749999 0.5673751031250001 0.5866837296875 0.5484942453125 0.568006225 0.5276816578125 0.566561684375 0.5097327703125 0.533379346875 0.48562439062499996
1 0.38085624375 0.7777194390625 0.3393057765625 0.748807875 0.3274674984375 0.7651018671875 0.31847536249999997 0.77835705625 0.3107724921875 0.7880805718749999 0.2912572703125 0.7885835609375 0.357303928125 0.8321009734375 0.3524730921875 0.8132711859375 0.368600178125 0.793709890625 0.38085624375 0.7777194390625
3 0.3204199390625 0.7735704203125 0.3281093671875 0.7622600390625001 0.19071740625 0.6613828734375 0.1764772578125 0.6512182109375 0.1705211203125 0.657754703125 0.1652782078125 0.662965521875 0.21311634062499998 0.6971516265625 0.3204199390625 0.7735704203125
2 0.21992425624999998 0.72707994375 0.2985553421875 0.7869071375 0.3136012640625 0.7856961578125 0.32053776875 0.775220375 0.212366584375 0.6966294078125 0.1672931125 0.6638591015624999 0.136919421875 0.6667734015625 0.21992425624999998 0.72707994375
2 0.3132938421875 0.7294824296875 0.19672218125000002 0.646613446875 0.17867314375 0.63437313125 0.1753292390625 0.6527983234375 0.19377450624999998 0.6655823515625 0.2380053234375 0.69569420625 0.2819568046875 0.728975940625 0.3281951546875 0.7618955109375001 0.3393432421875 0.748408425 0.3132938421875 0.7294824296875
2 0.44763994531250006 0.8480026734375 0.47027794843750004 0.865124703125 0.4932367375 0.8818052406250001 0.5047161484375 0.8901455203124999 0.5147397140625001 0.8744922624999999 0.45782567500000004 0.8358401593749999 0.44763994531250006 0.8480026734375
3 0.5049576124999999 0.8916701125 0.448322959375 0.8498480265625 0.4433939546875 0.8631315046875001 0.4977796328125 0.90062125 0.5049576124999999 0.8916701125
2 0.4406523703125 0.862466228125 0.4283757875 0.8644106484374999 0.42263569843750004 0.8723112046875 0.4232838375 0.8764033984375 0.43750483906250004 0.8867355609375001 0.45402953906250004 0.8977749078124999 0.4866565484375 0.9200579484375 0.4973607765625 0.9027155203125 0.4449606109375 0.8631821531250001 0.4406523703125 0.862466228125
5 0.4740934421875 0.376160290625 0.46562522343749996 0.384492940625 0.4675696421875 0.396769521875 0.4754702 0.4025096125 0.49054269531249994 0.39173266562500003 0.4840739890625 0.37737609375000003 0.4740934421875 0.376160290625
3 0.6019561765625 0.7767279703125001 0.61990948125 0.7465031671875 0.74588185625 0.5631914796874999 0.778314215625 0.513037971875 0.8064210234375 0.47034450000000005 0.79720963125 0.45945955312500003 0.7834479703125 0.47538135625000005 0.611109690625 0.7291989234375 0.5162618015625 0.8715164609375 0.5292291890625 0.8801366343750001 0.532934340625 0.8783454484375 0.5466513156249999 0.8594656515624999 0.5636650703125 0.8338425468749999 0.5712855828125 0.8233538109375 0.5803810406250001 0.80752643125 0.595198390625 0.7876503515625 0.6019561765625 0.7767279703125001
2 0.8097468843750001 0.46536321875000003 0.7755527765625 0.5190444046875 0.7369748359375 0.574348103125 0.5548071890624999 0.8482400546875001 0.5319455734375 0.87970636875 0.550063115625 0.8944720703125 0.583876165625 0.8413153265625001 0.63640869375 0.7657019875 0.8088780140624999 0.5035141453125 0.875726221875 0.40432722187500003 0.8461203140625001 0.38441986250000004 0.8314036671875 0.4057784265625 0.79639840625 0.457267571875 0.8097468843750001 0.46536321875000003