0 0.382837465625 0.23625937812500003 0.3848173125 0.31000943125 0.4555983515625 0.3105044125 0.45703125 0.2939453125 0.454608378125 0.23477447499999998 0.3971916203125 0.23625937812500003 0.382837465625 0.23625937812500003
4 0.5654296875 0.337890625 0.5239044890625 0.3401305609375 0.5239044890625 0.3539896234375 0.4991558734375 0.3544846046875 0.471437434375 0.3534946578125 0.469952540625 0.31191745625 0.42144528281250004 0.30647280781249997 0.3818359375 0.310546875 0.3759078125 0.31241241249999996 0.376953125 0.3720703125 0.381847490625 0.5569260609375 0.55859375 0.5556640625 0.5932006359375 0.5544512187499999 0.595703125 0.5458984375 0.5932006359375 0.343100359375 0.5654296875 0.337890625
6 0.45510336406249996 0.309514465625 0.5068359375 0.310546875 0.5095503 0.336170825 0.508065371875 0.352504728125 0.5239044890625 0.3534946578125 0.5205078125 0.296875 0.45609330468750003 0.296078509375 0.45510336406249996 0.309514465625
5 0.470703125 0.5869140625 0.4736328125 0.55859375 0.44140625 0.5595703125 0.4423828125 0.587890625 0.470703125 0.5869140625
1 0.4482421875 0.169921875 0.3645234453125 0.1723623046875 0.381847490625 0.1971106640625 0.383827371875 0.2297784703125 0.41996035468750004 0.2292834890625 0.4526285296875 0.22779859375 0.451171875 0.1982421875 0.4654977921875 0.1698874703125 0.4482421875 0.169921875
2 0.37999401875 0.194635821875 0.37207449531250003 0.185231453125 0.3642578125 0.173828125 0.36464992343749997 0.19562576874999998 0.37999401875 0.194635821875
3 0.38246892187500003 0.212454628125 0.381973934375 0.1961207171875 0.3641549359375 0.1961207171875 0.3641549359375 0.212454628125 0.38246892187500003 0.212454628125
2 0.36464992343749997 0.2312633828125 0.381973934375 0.2297784703125 0.381478946875 0.21393952343749997 0.3641549359375 0.2144344890625 0.36464992343749997 0.2312633828125
2 0.5606589046875 0.20898987343750003 0.45275494062500005 0.21294959375000003 0.453249928125 0.22779859375 0.4898778640625 0.22680868125 0.576498021875 0.224333821875 0.61906556875 0.2238388734375 0.61956055625 0.2070099796875 0.5606589046875 0.20898987343750003
3 0.4522599875 0.1990905234375 0.453249928125 0.21195966406250003 0.61906556875 0.20602006718750002 0.61906556875 0.1896861546875 0.4522599875 0.193645875 0.4522599875 0.1990905234375
2 0.462690490625 0.175929659375 0.45714904843750004 0.1860049046875 0.45311895468749996 0.1930575875 0.47881107187499994 0.192553809375 0.6173472859375 0.188523725 0.617851 0.16686192500000002 0.467224403125 0.170388284375 0.462690490625 0.175929659375