4 0.5461438234375 0.7454890828125 0.5521561421875 0.737793665625 0.5047117984375 0.578037796875 0.49600652187499994 0.5638008359375 0.410128415625 0.589651175 0.451128396875 0.71958664375 0.47192944062500003 0.7643415390625 0.5461438234375 0.7454890828125
4 0.40049724375 0.886596334375 0.4384808390625 0.8528500593749999 0.46803226562500005 0.8232605124999999 0.43833333906250005 0.7740323796874999 0.349644309375 0.674998303125 0.278435209375 0.729659184375 0.23019264218750002 0.7787172515624999 0.2863926078125 0.851128815625 0.327586946875 0.8919882906250001 0.35639351874999997 0.9236004890625 0.40049724375 0.886596334375
0 0.5707917 0.832906271875 0.5569885375 0.7998151 0.5491976953125 0.759028509375 0.5411656578125 0.75027464375 0.51948329375 0.7540686953125 0.4935252 0.758907034375 0.4588046796875 0.7678470484375 0.44570560937500003 0.777380565625 0.46581217500000005 0.8119158843750001 0.4822488734375 0.8595863984375001 0.5005213281249999 0.8498830265624999 0.51802730625 0.91313121875 0.5338689 0.9526301734375 0.5616768578125 0.9423513828125 0.5874575734375 0.9370779046875001 0.5860124703125 0.9228724046875 0.5842096515625 0.8855248953125001 0.5707917 0.832906271875
1 0.536976859375 0.9607063281249999 0.541259690625 0.9745195546875 0.5444746312500001 0.98691756875 0.57097184375 0.9766711953125 0.5932398812499999 0.9712875484374999 0.588745346875 0.9445648343749999 0.5710536796875 0.9483635843749999 0.552502603125 0.95407454375 0.536976859375 0.9607063281249999
6 0.5870486953125 0.9307739843749999 0.5880178 0.936689184375 0.598688978125 0.9351401796875001 0.5970687828125001 0.9278566203124999 0.5870486953125 0.9307739843749999
6 0.5065293734375 0.955122321875 0.5104944265625 0.963808034375 0.51486613125 0.96206553125 0.520839984375 0.9587033703125 0.5338126640625 0.953227165625 0.53023166875 0.945701153125 0.5225894234374999 0.9483271437499999 0.5146801812499999 0.950744503125 0.5065293734375 0.955122321875
3 0.5372823015625 0.9644073875 0.536769296875 0.9602376578125 0.5321895609375 0.9617594015625001 0.5122522515625 0.9726120874999999 0.5061788109375 0.97632440625 0.4996029328125 0.9815823343750001 0.4956499046875 0.9848369484375 0.501708690625 0.98708195625 0.5133091875 0.9774089453125001 0.5189279875 0.9744512593750001 0.5282332359375 0.969597821875 0.5372823015625 0.9644073875
2 0.5171418609375 1 0.5212720296875 0.9962191875 0.5264185046875001 0.9928044015624999 0.530740740625 0.9919681328125 0.5331040625 0.9905920781249999 0.53888339375 0.9873523328125 0.544001709375 0.9853851328125 0.5417578734374999 0.9769500734375001 0.537873221875 0.963892071875 0.52646709375 0.970535403125 0.5212913984374999 0.972892028125 0.5133294828125 0.977887684375 0.5090499296875 0.9812261124999999 0.5048861421875 0.984416346875 0.50073471875 0.9876093359375 0.5022615484374999 0.993581975 0.5005421140624999 0.9973730625 0.50001799375 1 0.5171418609375 1
2 0.606169228125 0.9444438484375001 0.5888229265625 0.948498540625 0.5932039437500001 0.9703873703125 0.608466825 0.9689993343750001 0.606169228125 0.9444438484375001
3 0.5891019984375 0.9479574921875 0.5977909359375 0.9461223984375 0.606167928125 0.9444355734375 0.6060797046874999 0.9410347859374999 0.601145571875 0.9420796125 0.5885800921875 0.944609859375 0.5891019984375 0.9479574921875
5 0.4182801734375 0.6220448140625 0.39779200625 0.620948990625 0.37782815625 0.614161334375 0.3478414921875 0.63765079375 0.3346284953125 0.6544124265625 0.3508211984375 0.67449194375 0.366236496875 0.6925112312499999 0.4142599640625 0.7548031671875 0.4414484515625 0.7783623000000001 0.471193415625 0.7637566078125 0.46304715312500005 0.7466360953125 0.447277509375 0.7089912468749999 0.442615725 0.69558595625 0.4410568640625 0.6902066765625 0.43905692343749997 0.677934209375 0.4182801734375 0.6220448140625
5 0.5560776140625 0.66774019375 0.5483821953125 0.661727875 0.5339769249999999 0.6690623765625 0.5427603640625 0.6979199656249999 0.5610071890625 0.68522363125 0.5560776140625 0.66774019375
5 0.57084204375 0.73132500625 0.5597075453125 0.7313007109375 0.5488853703125 0.7451524625 0.55571494375 0.7554454125000001 0.5723568328125 0.74366196875 0.57084204375 0.73132500625