4 0.57421875 0.4443359375 0.572265625 0.3623046875 0.5673828125 0.353515625 0.5537109375 0.3515625 0.5458984375 0.33984375 0.5166015625 0.33203125 0.473854890625 0.3415191015625 0.47171345000000003 0.33081198125 0.46689519375 0.3281352015625 0.46528913281250006 0.309397734375 0.4278137953125 0.3099330890625 0.3828433828125 0.31046845156249997 0.3790958453125 0.321710934375 0.37748978437499997 0.32920591093749996 0.380859375 0.5224609375 0.3857421875 0.53125 0.435546875 0.5302734375 0.46092087656249997 0.5306493734375 0.5560178703124999 0.5326033953125 0.556640625 0.4677734375 0.57421875 0.4443359375
5 0.5605773671875001 0.5788487453125 0.556669240625 0.533906096875 0.5267071375000001 0.533906096875 0.43938432031249997 0.53368005 0.43938432031249997 0.5463675515624999 0.4127402421875 0.5641300796875 0.40132136406249996 0.5971176 0.40893392031250003 0.6199551109375 0.4279654421875 0.6237613921875 0.4431905546875 0.6123426359375 0.45375599062500005 0.6133698843750001 0.4589668578125 0.6283508203125 0.47134243124999997 0.6309561359375 0.48241544375 0.6211860109375 0.5071666796875001 0.6316074984375 0.5286612468749999 0.6329101781250001 0.5458984375 0.625 0.554715221875 0.6179292875 0.560546875 0.5986328125 0.5605773671875001 0.5788487453125
0 0.473899196875 0.29608794843749997 0.4660202 0.29608794843749997 0.45288845 0.2987142515625 0.4391001390625 0.30856293749999997 0.469959653125 0.31184583906249996 0.469959653125 0.3269471546875 0.4758689234375 0.33876556562500004 0.4988494859375 0.3348260875 0.5166015625 0.33203125 0.5415274953125 0.3381089671875 0.5389011625 0.28886557968750004 0.5375879515624999 0.2337129890625 0.4712728640625 0.2356827234375 0.473899196875 0.29608794843749997
1 0.556899471875 0.165418125 0.4970703125 0.1640625 0.4658203125 0.166015625 0.44882414062500003 0.165418125 0.47265625 0.1982421875 0.4755859375 0.2265625 0.533203125 0.2255859375 0.5390625 0.2236328125 0.5390625 0.1962890625 0.5546875 0.1748046875 0.556899471875 0.165418125
2 0.4404296875 0.171875 0.36397321250000003 0.1755675015625 0.364816075 0.1991666609375 0.380859375 0.1982421875 0.473541984375 0.197902425 0.4617422859375 0.18525999843750002 0.4521484375 0.173828125 0.4404296875 0.171875
3 0.47520482968750005 0.2156258109375 0.47520482968750005 0.195202340625 0.362874553125 0.1994572703125 0.3623046875 0.21484375 0.47520482968750005 0.2156258109375
3 0.5392832656250001 0.2122305 0.628382428125 0.20881798749999997 0.628382428125 0.1943513953125 0.539704696875 0.1949525234375 0.5392832656250001 0.2122305
2 0.38335844375 0.21518038593750002 0.3635518109375 0.21602322499999999 0.3635518109375 0.2290870484375 0.4495211546875 0.2278228109375 0.473963415625 0.2282442234375 0.473963415625 0.21602322499999999 0.38335844375 0.21518038593750002
2 0.538861834375 0.2257157359375 0.55859375 0.2255859375 0.6282025421874999 0.223608675 0.6290454046875 0.20970202656249998 0.538861834375 0.2122305 0.538861834375 0.2257157359375
2 0.5569828578125 0.1692462890625 0.5546875 0.1748046875 0.5527686609375 0.1802030375 0.55078125 0.1826171875 0.539704696875 0.1945311265625 0.5527686609375 0.1949525234375 0.564453125 0.1943359375 0.6277811109375 0.1928454484375 0.6286239734375 0.1776745484375 0.6290454046875 0.16840345 0.5569828578125 0.1692462890625
5 0.3994140625 0.572265625 0.408203125 0.5732421875 0.416015625 0.5634765625 0.4111328125 0.556640625 0.3984375 0.5654296875 0.3994140625 0.572265625