4 0.6195901375 0.530633334375 0.57421875 0.4599609375 0.5146484375 0.400390625 0.4638671875 0.427734375 0.392578125 0.4814453125 0.396484375 0.5009765625 0.4375 0.5634765625 0.4765625 0.6162109375 0.5007087875 0.636874390625 0.5684161015625 0.5872952171875 0.55267015625 0.5747036999999999 0.589673025 0.547159725 0.6195901375 0.530633334375
0 0.6220703125 0.677734375 0.6064453125 0.654296875 0.5673828125 0.6328125 0.5556640625 0.6328125 0.5439453125 0.6171875 0.5386888937500001 0.6128226703124999 0.52357969375 0.62079369375 0.5 0.6376953125 0.5625 0.7236328125 0.5741626328125 0.739747359375 0.5729515484375 0.7506425140624999 0.6430742828125 0.699671753125 0.63364069375 0.69578894375 0.6220703125 0.677734375
5 0.4365234375 0.38671875 0.384765625 0.4345703125 0.38671875 0.4462890625 0.41015625 0.4658203125 0.51171875 0.3974609375 0.51171875 0.3876953125 0.4912109375 0.357421875 0.4365234375 0.38671875
5 0.3671875 0.3974609375 0.380859375 0.3876953125 0.3701171875 0.369140625 0.353515625 0.3798828125 0.3671875 0.3974609375
5 0.548828125 0.4228515625 0.552734375 0.4091796875 0.5380859375 0.400390625 0.533203125 0.4130859375 0.548828125 0.4228515625
6 0.62897378125 0.6878727046875001 0.6323620359375 0.6949167625 0.727803434375 0.6228666781250001 0.7191057765625 0.61152900625 0.6246697453125 0.6803928234375001 0.62897378125 0.6878727046875001
6 0.573674675 0.7389559921875 0.5701761359375 0.7340904609375001 0.56640625 0.7294921875 0.5634765625 0.7265625 0.5576171875 0.728515625 0.5537109375 0.732421875 0.5439453125 0.740234375 0.5377878609375 0.74372925625 0.547759353125 0.7565444890624999 0.5546875 0.7509765625 0.5615234375 0.74609375 0.566981821875 0.7419969484375 0.568359375 0.7392578125 0.573674675 0.7389559921875
2 0.5651127781249999 0.7651570796875 0.5529862624999999 0.7741498390625 0.555724509375 0.7778642437500001 0.5750878171875 0.763788615625 0.5727407328125 0.7604652109375001 0.5693359375 0.76171875 0.5651127781249999 0.7651570796875
1 0.609917715625 0.7409575203125 0.62187780625 0.73209288125 0.6313237765624999 0.724456428125 0.64521489375 0.7134877171875 0.6550776125 0.70682318125 0.6463759296875 0.706560271875 0.6427615515625 0.70924560625 0.6294615078125 0.7190203484375 0.584280478125 0.7512769578125 0.573800253125 0.7600292578125 0.5753335421875 0.7637755015625001 0.5821481578125 0.7598589687499999 0.5921997203125 0.7527070703125001 0.6010587109375 0.7457254484375 0.609917715625 0.7409575203125
2 0.7473301828125 0.6366749671874999 0.74464945625 0.6339955078124999 0.6478989187499999 0.7041484984374999 0.6527730140625 0.7060971859375 0.667395253125 0.6948921890624999 0.682992303125 0.6836871999999999 0.717354571875 0.6576234203125 0.7473301828125 0.6366749671874999
5 0.4199285328125 0.5663393328125 0.42778476249999997 0.5652175359375 0.44921875 0.5966796875 0.455281703125 0.5876531765624999 0.42722362187499996 0.548951675 0.4131946203125 0.5568041609375001 0.4199285328125 0.5663393328125