0 0.3621146859375 0.5862537234375 0.343969171875 0.583052421875 0.32698556875 0.5488372359375 0.2478453328125 0.5797587109375 0.2707790203125 0.6406449828125 0.372441990625 0.6023557484375 0.3621146859375 0.5862537234375
4 0.5561606593749999 0.4337899375 0.5122802703125 0.45039575625 0.4958398328125 0.398461671875 0.48274298125000004 0.3869010375 0.306701046875 0.45170705624999996 0.3110083078125 0.49104381718749995 0.320519803125 0.51458559375 0.3311105515625 0.5355848125 0.3474451609375 0.5395177671875 0.37524799375 0.60833219375 0.3841469515625 0.612109578125 0.5460492359375 0.548803321875 0.5490949671875 0.5380934578125001 0.53219171875 0.5052434078125 0.576462196875 0.4896030984375 0.5561606593749999 0.4337899375
6 0.30144085781249996 0.5559981984375 0.3143092265625 0.5539588109375 0.3146203703125 0.5390875078125 0.3107700765625 0.5269507921875001 0.2997126125 0.5282585281250001 0.30144085781249996 0.5559981984375
6 0.2888204703125 0.4726236140625 0.31003842187499997 0.5251398859374999 0.3300797375 0.5466340984375 0.3462803625 0.5808741296875 0.36545933750000004 0.5902670890625 0.3482045453125 0.54463105 0.32537175937499996 0.5297599953125001 0.311547934375 0.48977253750000005 0.3018444109375 0.46314857343750004 0.2900552953125 0.46264540312499997 0.2888204703125 0.4726236140625
1 0.1928594109375 0.6209330828125 0.22191414843750001 0.682258178125 0.2381223109375 0.65214874375 0.26365781093749996 0.6435221390625 0.23879080312499998 0.583416978125 0.2157886515625 0.5916571937499999 0.1910947109375 0.582675575 0.1838510859375 0.5856021890625 0.1928594109375 0.6209330828125
2 0.182691825 0.5822505265625 0.2114372625 0.58896055625 0.199344675 0.556170728125 0.1735356015625 0.48782826406249996 0.1500300390625 0.4955518453125 0.182691825 0.5822505265625
2 0.1974341515625 0.475841871875 0.19082078593750001 0.47788908750000003 0.230083871875 0.5827217796874999 0.237867121875 0.5785238859375 0.1974341515625 0.475841871875
2 0.28377161875 0.7240597765625 0.2925855625 0.721777484375 0.2748338515625 0.67523355625 0.26439867499999997 0.6467986859375 0.25515211875 0.64737476875 0.28377161875 0.7240597765625
2 0.237324003125 0.658890478125 0.231646796875 0.6674041 0.22135744218750003 0.681040578125 0.2447121390625 0.7416141140625 0.26892247343750003 0.7312414453125 0.2615716796875 0.720615571875 0.237324003125 0.658890478125
3 0.266985875 0.73084165625 0.28408416875000003 0.72629789375 0.2672426296875 0.6825136359374999 0.2558226359375 0.6460966953125 0.23885396406249998 0.65395965 0.266985875 0.73084165625
3 0.188893421875 0.48044107656249996 0.17455292656250002 0.4874172375 0.21378571875 0.5893066609375001 0.2194104640625 0.5901938859375 0.23047213437499997 0.584816534375 0.1998940515625 0.50539245 0.188893421875 0.48044107656249996