4 0.48154484843749995 0.341845521875 0.47748599062499997 0.336258984375 0.3782912015625 0.3195593375 0.352731009375 0.4746974125 0.4384294515625 0.49077530156250004 0.495177303125 0.499236159375 0.5024832453125 0.5092919265625 0.499427884375 0.5285827140625 0.5044992125000001 0.5402620234375 0.6086694671874999 0.556760971875 0.6296735421874999 0.374205421875 0.51007065625 0.355262184375 0.48154484843749995 0.341845521875
0 0.538009875 0.341205453125 0.524025725 0.33899058125 0.47269161249999997 0.3063961984375 0.48397331875000005 0.261786096875 0.46462940937499997 0.2551238640625 0.412106178125 0.2470291234375 0.40724304218749996 0.2724098734375 0.4061510640625 0.2899521046875 0.39626255625 0.32044201875 0.45769663437499997 0.33185935624999996 0.46783716406250003 0.31575027499999997 0.48077855625000004 0.3245486609375 0.5070929703125 0.3447445046875 0.51717559375 0.3556208125 0.5356637531249999 0.3560182796875 0.538009875 0.341205453125
5 0.3517964515625 0.518053753125 0.4347468390625 0.5311918046875 0.43892848281249996 0.49230469218749995 0.35678986562500004 0.48028395 0.3517964515625 0.518053753125
5 0.5964390500000001 0.6527086765625 0.59075665 0.6448875234375 0.563749546875 0.64061001875 0.5536937796875 0.6479159609375 0.548901065625 0.69066123125 0.5860597984375 0.6995128015625001 0.5911401 0.692407559375 0.5964390500000001 0.6527086765625
1 0.416001040625 0.23753453281249998 0.48128418437500003 0.2498518375 0.487361325 0.222715215625 0.4191612390625 0.2113392 0.416001040625 0.23753453281249998
3 0.41605494062500004 0.21142139375000002 0.48586722499999996 0.22091565468750002 0.487245565625 0.208231534375 0.421299990625 0.19783564843749998 0.41605494062500004 0.21142139375000002
1 0.4218820265625 0.19491646093749998 0.4880059765625 0.20741210468750002 0.497459646875 0.1851797671875 0.428012809375 0.17418046874999998 0.4218820265625 0.19491646093749998
2 0.4149885703125 0.231441759375 0.4164203875 0.2099163578125 0.3889378984375 0.204758875 0.38483024375 0.234575034375 0.40990826875 0.23854700312500002 0.4149885703125 0.231441759375
2 0.48463610625 0.2474165234375 0.6980471953125 0.2877364859375 0.7040299375 0.2582998171875 0.48857896562500003 0.22219418906250002 0.48463610625 0.2474165234375
2 0.488790009375 0.2083565609375 0.7038010453125 0.24307151093749998 0.706524853125 0.22170554375 0.4975144109375 0.1866199953125 0.488790009375 0.2083565609375
2 0.3913934109375 0.1902883625 0.41886467656250004 0.1944837265625 0.4265239 0.1727340640625 0.3968975609375 0.1680417125 0.3913934109375 0.1902883625
3 0.7034768609375 0.2582122171875 0.7034520359374999 0.2416951859375 0.48986288437500003 0.2105080796875 0.48779003750000005 0.21942714218749998 0.7034768609375 0.2582122171875
3 0.3877897421875 0.20340423749999997 0.41865500312500004 0.2082928140625 0.41886467656250004 0.1944837265625 0.3885056515625 0.1926415359375 0.3877897421875 0.20340423749999997