4 0.5515537593750001 0.403181109375 0.35254837031249997 0.3301465421875 0.3195200046875 0.42192025624999996 0.34188472187499996 0.43112545625000004 0.31640625 0.4912109375 0.4013671875 0.529296875 0.435948021875 0.5435602625 0.44449925312499994 0.547505359375 0.4892286390625 0.5639431984375001 0.5056732765625 0.5238348562499999 0.5181712109375 0.489644146875 0.544921875 0.4208984375 0.5515537593750001 0.403181109375
5 0.5 0.5458984375 0.5029296875 0.5546875 0.53125 0.5615234375 0.5546875 0.5087890625 0.5546875 0.5009765625 0.5227123953125 0.48774749687499996 0.5 0.5458984375
0 0.341796875 0.3466796875 0.2774928109375 0.3245942796875 0.256184784375 0.3861163484375 0.32010882343749997 0.40859553281250005 0.341796875 0.3466796875
2 0.193916296875 0.5170122578125 0.2501457796875 0.37858763125 0.22098965312500002 0.368846615625 0.165033846875 0.50147019375 0.193916296875 0.5170122578125
1 0.2005472109375 0.29028390625 0.176871634375 0.36245401093749996 0.20350666718750002 0.361270878125 0.222447103125 0.3689611515625 0.2502659109375 0.37842607500000003 0.270390121875 0.3210449203125 0.25390625 0.3232421875 0.2392578125 0.31640625 0.2005472109375 0.29028390625
6 0.2952494734375 0.42811695624999996 0.33372229375 0.4429059265625 0.3354979359375 0.4322578703125 0.31655749843750003 0.42338450468750005 0.31774127343749997 0.40859553281250005 0.3035359359375 0.40504619531249997 0.2952494734375 0.42811695624999996
3 0.23901999062499998 0.3121715546875 0.2484902296875 0.287917659375 0.22895788437500003 0.2825936328125 0.22185523593749998 0.3032981875 0.23901999062499998 0.3121715546875
2 0.1863418734375 0.36541179375 0.18045685 0.37479345 0.16621766093749998 0.4109617984375 0.13366371562499998 0.48490657343750004 0.14727718437499998 0.4914137140625 0.18045685 0.41385595000000003 0.1921756 0.38260595 0.1999553421875 0.3642286796875 0.1863418734375 0.36541179375
3 0.1490528671875 0.4931883640625 0.16562575468750002 0.50028708125 0.2177120046875 0.370735821875 0.21060931562500002 0.36541179375 0.20350666718750002 0.3636371234375 0.1490528671875 0.4931883640625
2 0.2212633296875 0.3003403859375 0.2283660171875 0.283776765625 0.2147525484375 0.28141051875 0.21179309062499999 0.29383324375000003 0.2212633296875 0.3003403859375
2 0.2465944546875 0.3176571390625 0.2649430234375 0.3241642796875 0.26953125 0.3193359375 0.275390625 0.2998046875 0.2490234375 0.2890625 0.2394917671875 0.31174155468750003 0.2465944546875 0.3176571390625