4 0.6304055234375 0.3157494515625 0.6620058125 0.3716862390625 0.6624875046875001 0.3785747578125 0.630771353125 0.4001747328125 0.640675328125 0.42301766562500004 0.6572751453125 0.44262349843750004 0.692025396875 0.42582072968749995 0.69841358125 0.4369779375 0.7514211671875 0.5218754703124999 0.800890565625 0.4996502328125 0.8444885828125 0.46691215 0.8094378578124999 0.40145222187499996 0.8181285828125 0.395136590625 0.8072518703125 0.37554556875 0.7941593218749999 0.355628821875 0.7854289234375 0.3613764578125 0.7401690953125 0.28176966875 0.7202426171874999 0.2534972875 0.6771421656250001 0.2797005515625 0.63439055 0.30316685 0.6304055234375 0.3157494515625
0 0.7238699828125 0.2558923109375 0.762249784375 0.319129978125 0.8659199765625001 0.2630769234375 0.8273019500000001 0.196431396875 0.7843425109375 0.2205342671875 0.7238699828125 0.2558923109375
1 0.9340810359375 0.253259334375 0.87896991875 0.1669270265625 0.8649933484375 0.1547773796875 0.8604314828125 0.1753664359375 0.8328004609375 0.19242469375 0.845444103125 0.21408514687500002 0.872937671875 0.260390871875 0.8994336609375001 0.2429439984375 0.9340810359375 0.253259334375
3 0.8868454124999999 0.25167518437499997 0.9833367359375 0.41077379531249997 0.996795753125 0.4032684265625 0.9002250406250001 0.2430338359375 0.8868454124999999 0.25167518437499997
2 1 0.36464961875 0.932592678125 0.2534488015625 0.900748525 0.2441831765625 0.996763975 0.40306623750000004 1 0.40155456875000006 1 0.36464961875
2 0.940760984375 0.3736765921875 0.969330940625 0.41999745624999996 0.9832482499999999 0.411048675 0.9737031796875 0.39529715312499997 0.9642719921875 0.3782385359375 0.9393385796875 0.338448840625 0.8862665249999999 0.2517640765625 0.8742165500000001 0.2605822390625 0.91881458125 0.334867396875 0.940760984375 0.3736765921875
2 0.84693620625 0.1833735078125 0.8375528578125 0.169742465625 0.8211245999999999 0.142958246875 0.80875965 0.1506256359375 0.825635215625 0.1774980296875 0.8334204640625 0.19135596562499999 0.84693620625 0.1833735078125
3 0.8220126656250001 0.14302618281249999 0.8471376234375001 0.1835014015625 0.860077809375 0.17508956874999998 0.8353177593750001 0.1351681390625 0.8220126656250001 0.14302618281249999
2 0.8632348875 0.1643873125 0.8656175890625001 0.155320025 0.8390320875 0.1322096015625 0.834752025 0.13581894218749999 0.8405619546875001 0.14315462031249998 0.8460514265624999 0.1517351390625 0.85070154375 0.1599669359375 0.8604825046875 0.17456317500000001 0.8632348875 0.1643873125
5 0.6929701390624999 0.45812518593749996 0.6963035765625001 0.46619873125 0.70831755625 0.45982087031249996 0.7036064140625 0.4518436640625 0.6929701390624999 0.45812518593749996
5 0.5838356499999999 0.3324834765625 0.5555496718749999 0.3467926125 0.591963446875 0.410141096875 0.6293804328125 0.388642515625 0.6626247640625 0.3736013078125 0.6447839125 0.3444062421875 0.625907959375 0.3114300625 0.5838356499999999 0.3324834765625