4 0.4659279484375 0.44199758593749994 0.46361726875000003 0.45801047031250003 0.45453564062499996 0.477407625 0.4856525921875 0.49315342656250005 0.504218328125 0.503846378125 0.53984799375 0.5000714453125 0.5464090484375 0.484790146875 0.5457309734375 0.4625314203125 0.5578953765625 0.44553700625000003 0.5659375468750001 0.445120634375 0.5871494562499999 0.3875763359375 0.6045682765625 0.3356868328125 0.571953653125 0.3224472625 0.5411538546875 0.3122237875 0.5028733843750001 0.29896958125 0.4854923015625 0.30224114375 0.4045472 0.27797174375 0.3839836625 0.3342966328125 0.381497209375 0.35956521874999997 0.3949880609375 0.36361011875 0.4101443953125 0.3998236953125 0.4468841828125 0.41380080625 0.475856290625 0.4226360203125 0.4659279484375 0.44199758593749994
0 0.5935127828125 0.23597850468749998 0.58400660625 0.2643280078125 0.5725192859375 0.2777057375 0.5608202515625 0.28699425624999997 0.5396562453125 0.3073253265625 0.6006214187500001 0.331537121875 0.5940240375 0.297093546875 0.5993109359375 0.2804189390625 0.6038883187499999 0.26195911562499996 0.6126673874999999 0.2425843078125 0.6056490640625001 0.240997134375 0.5935127828125 0.23597850468749998
3 0.5469473671875 0.1873095390625 0.5261621843750001 0.1807524484375 0.502125915625 0.16932041250000002 0.47483309218749997 0.1604919546875 0.4329262640625 0.1464596078125 0.429931578125 0.15970001875 0.45686001718749997 0.169074040625 0.5565673734375001 0.20725734999999998 0.5944695734375001 0.21797155156249998 0.5950336296875001 0.202539809375 0.5662864843750001 0.19489556875 0.5469473671875 0.1873095390625
2 0.5960352999999999 0.21925356406250002 0.565558340625 0.2097906046875 0.508570009375 0.1884785359375 0.4640427671875 0.17196035468749998 0.4286496046875 0.1612657453125 0.424253278125 0.1737608515625 0.47885543124999996 0.191107334375 0.59473965 0.22845312187500003 0.5960352999999999 0.21925356406250002
2 0.676434325 0.2557103765625 0.679996528125 0.24816544375 0.649027246875 0.2370922984375 0.6175212921875 0.22618327031250002 0.61428729375 0.23480165 0.63350676875 0.240076721875 0.6537108046875 0.248572146875 0.676434325 0.2557103765625
3 0.6212313765624999 0.21365520781249997 0.6174151203125 0.225971759375 0.6307967375 0.230354471875 0.65044440625 0.237727384375 0.6801536390625 0.24737609374999997 0.6839360859375 0.236407809375 0.6638130140625 0.23185619218750003 0.647394484375 0.2248340234375 0.6313500671875001 0.21903546875000002 0.6212313765624999 0.21365520781249997
1 0.6234525484375 0.21654405937500001 0.6336595515625 0.2076255609375 0.6516497718750001 0.194989534375 0.6200596968750001 0.185023840625 0.6024513515625001 0.1770274765625 0.600357490625 0.1906014640625 0.598689565625 0.19819279843749998 0.59544770625 0.2042898515625 0.5945383203125 0.21824813125000003 0.5954683546874999 0.224207703125 0.595083878125 0.2287851640625 0.613700178125 0.234243425 0.6181399203125 0.2239661984375 0.6234525484375 0.21654405937500001
2 0.4826897109375 0.164583034375 0.5203873531250001 0.1784793 0.560215284375 0.19350830000000002 0.5962242984375 0.204798878125 0.598193478125 0.19081703125 0.6037996359375 0.177061240625 0.5492652437500001 0.162068603125 0.5089956984375 0.1485126078125 0.47480338906249997 0.13701381875000002 0.455186053125 0.1315143671875 0.4430618078125 0.1254092765625 0.43452265468749995 0.148535628125 0.4497513609375 0.154583603125 0.46621988437499995 0.15904054375 0.4826897109375 0.164583034375
2 0.6641926234375 0.23207471875 0.6842094999999999 0.23654097031250002 0.6954996062500001 0.205867971875 0.6809383984374999 0.202758328125 0.6529552828125 0.193670228125 0.6357073703125 0.2065048953125 0.624772540625 0.21690538125 0.6483247609375 0.22633995156250003 0.6641926234375 0.23207471875
5 0.4652850234375 0.45439761562500003 0.468506203125 0.4369741328125 0.47366539531249996 0.421588325 0.44839019375 0.41419210624999997 0.40874808125 0.4006675140625 0.3975947140625 0.43300959375000003 0.42506872968750004 0.445298853125 0.4495660984375 0.454600575 0.4652850234375 0.45439761562500003
5 0.4772968765625 0.7689787828125 0.4861138484375 0.750501971875 0.47618990156249996 0.7417001562500001 0.465326678125 0.737303403125 0.45632680312499996 0.7512879578125 0.45861095625 0.7587590890625 0.467089465625 0.7635512906249999 0.4772968765625 0.7689787828125