4 0.421770690625 0.32678771093750003 0.4258085421875 0.3399949296875 0.4115750203125 0.3501232390625 0.41825431562500004 0.3625228859375 0.40768854218749995 0.36575316875 0.417707484375 0.384352640625 0.40916063593749996 0.39418653125 0.39657593593749996 0.390813203125 0.39859486093749996 0.3974168125 0.4111795625 0.40079013906250005 0.40710802968750004 0.4063674453125 0.3988892796875 0.403103484375 0.40648551250000003 0.41377862500000007 0.40534984375 0.424235034375 0.3161212703125 0.4110781484375 0.3083819921875 0.4235534828125 0.288074665625 0.5366307359375 0.28976549375 0.556332196875 0.418472675 0.5805260015625 0.43226873125000004 0.5878614953125 0.5120671984375 0.593792253125 0.5331147359374999 0.52092549375 0.5433357578125 0.42681781875 0.5212789453125 0.383015265625 0.48862267812500004 0.36122751875 0.4760716578125 0.33906966562499996 0.4467550390625 0.3234817421875 0.421770690625 0.32678771093750003
5 0.5527064562499999 0.7503356328125 0.5484161921874999 0.764644840625 0.5679746078125001 0.7861044890625 0.581366878125 0.7921192609375 0.6022376890625 0.7611875 0.6003281281249999 0.750217940625 0.5781282703125 0.7295658625 0.566645559375 0.7345206515625 0.5589399609375 0.7282114609375 0.54826481875 0.73580769375 0.5455140093749999 0.7409812140625001 0.5527064562499999 0.7503356328125
0 0.5674589921875001 0.2008728328125 0.567741421875 0.18960080625 0.5243586687499999 0.1879503703125 0.488387453125 0.18310166249999998 0.4737499859375 0.2747917609375 0.47083275 0.2872753359375 0.46926076875 0.30500045781249996 0.44638572343750005 0.306401396875 0.44284819375 0.3237953265625 0.48024199999999995 0.3393946296875 0.4957326046875 0.36262265781249997 0.528511096875 0.393615109375 0.539693653125 0.352444675 0.5474663890625 0.312316728125 0.5591079609375 0.2528292 0.563554934375 0.22164130625 0.5674589921875001 0.2008728328125
5 0.43231073750000004 0.62106459375 0.45982716406249996 0.62131700625 0.45835506875 0.59288364375 0.433883871875 0.5931443828125 0.43231073750000004 0.62106459375
5 0.3548592953125 0.6086395921875 0.43179981562499997 0.6184659390625 0.4325764828125 0.58746793125 0.36277594375 0.571057003125 0.3548592953125 0.6086395921875
6 0.5868773859374999 0.18890775937499998 0.5678476531250001 0.18923327343750002 0.5674206453124999 0.197129196875 0.577500925 0.19726707500000001 0.5934129046875001 0.197894771875 0.6069573593750001 0.19697351875 0.6058784453125 0.1897274140625 0.5868773859374999 0.18890775937499998
1 0.49326872499999996 0.17517987343750002 0.513850725 0.1780043984375 0.5215425890625001 0.17819701875 0.53854790625 0.18041884531250002 0.5562423953125 0.180733725 0.5689275140625 0.1813080125 0.5738060265625 0.1709113015625 0.5806717078125 0.157998834375 0.5637207156249999 0.158728784375 0.545164175 0.1569812609375 0.5082017875 0.1525919671875 0.483972709375 0.146853975 0.49326872499999996 0.17517987343750002
2 0.5810111796874999 0.1581550671875 0.577765259375 0.1645595640625 0.5711394921874999 0.1766735234375 0.5694107546875 0.181456921875 0.5805171953125 0.181252425 0.590991484375 0.181180584375 0.60626339375 0.1810928046875 0.6126344765625 0.18366571874999998 0.6127553359375 0.1788420484375 0.6128320421875 0.1725692703125 0.61255715 0.164276571875 0.6117454999999999 0.15814242812499998 0.5962917359375 0.1584793890625 0.5810111796874999 0.1581550671875
2 0.40614489843749996 0.13294929375 0.38415327499999996 0.1275680328125 0.3540604734375 0.11590687343749999 0.325341884375 0.10537084687500001 0.3191105453125 0.124911928125 0.33387796875000003 0.13160676093749998 0.36276006875 0.14183521875 0.3889133234375 0.1490347265625 0.4175073859375 0.158321071875 0.447553671875 0.1656180890625 0.4747075734375 0.1701936734375 0.4897892546875 0.17150634843749998 0.48599830781250003 0.1548943484375 0.48515370156250004 0.151289315625 0.4617488515625 0.1463401484375 0.4335283125 0.14080285937499998 0.40614489843749996 0.13294929375
3 0.40459788124999996 0.159426440625 0.418130603125 0.162128053125 0.4312148109375 0.165340159375 0.4563799140625 0.170481953125 0.491902028125 0.1755133578125 0.49072145 0.172451440625 0.4663328703125 0.16761139687499998 0.45180521718750005 0.16580135000000001 0.41538134062500004 0.1567341296875 0.39973665468749997 0.152722290625 0.3840341953125 0.147743534375 0.3673782796875 0.1424450703125 0.3550517234375 0.1385123421875 0.34817246874999996 0.1356035484375 0.33994239843749996 0.1334744875 0.330503996875 0.129392196875 0.3182010734375 0.1252371671875 0.31448726875 0.1329836125 0.319746953125 0.132988325 0.32537560625 0.1345818515625 0.33114265625 0.13700228125 0.33866321093749996 0.13942775937500002 0.34310196249999997 0.140843915625 0.3464562390625 0.141852975 0.3700790203125 0.15046807499999998 0.38371229375000004 0.1546876578125 0.39312864687500004 0.15669853125 0.40459788124999996 0.159426440625
3 0.3391582140625 0.1512945484375 0.3622384984375 0.1593187296875 0.384171353125 0.16689014375 0.4074503796875 0.1728174203125 0.42922041718750004 0.1785716578125 0.45154689374999996 0.1830938046875 0.47463805 0.1870769171875 0.48278186874999995 0.187666328125 0.487124984375 0.1886744859375 0.48776888124999995 0.1834870609375 0.47779863125000005 0.18143860625 0.4737604359375 0.1810804921875 0.47011065625 0.1806036359375 0.4631320875 0.1796579703125 0.4576911265625 0.178879284375 0.4386370140625 0.17476824062500002 0.4170176453125 0.16956611093750001 0.3909578375 0.1638908484375 0.368568478125 0.15717800625 0.3546684140625 0.1523044296875 0.348259490625 0.15015535468750002 0.3212094234375 0.140964371875 0.31960239375 0.1430991109375 0.3391582140625 0.1512945484375