6 0.599099621875 0.22343713593749998 0.6136818453124999 0.21204634375000003 0.62542905625 0.2012806703125 0.6175244625 0.2018345203125 0.6033247078125 0.2008036171875 0.5947963609375 0.2072920890625 0.5863910171875 0.210569790625 0.57552840625 0.214959534375 0.556091828125 0.2198399453125 0.5363180062499999 0.2191462875 0.476779934375 0.214734784375 0.39847701875 0.20881258281249998 0.3985415671875 0.21341067656249998 0.398263171875 0.22402131718749999 0.49523496875 0.2323672640625 0.5419428109375 0.2358918 0.5521779328124999 0.2351213328125 0.57740518125 0.2322342015625 0.599099621875 0.22343713593749998
5 0.52210764375 0.460196140625 0.5635312796874999 0.46543585624999995 0.5714022671875 0.46676568906250004 0.5795664140625 0.3689270484375 0.3905816984375 0.35750978906249997 0.3855318640625 0.41876620156250005 0.3822842140625 0.4496655328125 0.45680350937499997 0.4540266375 0.46073781562500005 0.42319945625 0.49337132031250003 0.4231581875 0.506990915625 0.4241433234375 0.5220663765625 0.4275626359375 0.52210764375 0.460196140625
6 0.548686178125 0.6533903171875 0.5474787453125 0.6685284015625 0.5565473375 0.670552471875 0.565642953125 0.5667977953125 0.5734576687499999 0.5538143890625 0.5687053109375 0.5376614109375 0.5721850703125 0.46658020625 0.565276884375 0.46722226874999995 0.548686178125 0.6533903171875
0 0.5478443078125 0.6935474453125 0.548943246875 0.64793223125 0.5424989171875 0.6477168359375 0.47809388124999996 0.6430249421875 0.4619945109375 0.6560619562500001 0.45826717656250004 0.682182621875 0.40022428125 0.6784938890625 0.39948063437500003 0.6899638828125 0.4007799328125 0.6951816421875 0.407272284375 0.69494015625 0.42126678437500004 0.6936394796875 0.43086125 0.6946478984375 0.44091397343749994 0.7044810984375001 0.45239325937499997 0.7100415578125 0.44678187031250005 0.7821154609375001 0.446123584375 0.804342825 0.5166270640625 0.8103672609375 0.5380523734375 0.813081090625 0.5450172156249999 0.725668378125 0.5478443078125 0.6935474453125
4 0.520786578125 0.4492419671875 0.520820953125 0.42825681718749997 0.505147640625 0.42588571249999996 0.46426933125 0.4223130015625 0.45809552499999995 0.4535091390625 0.3943360984375 0.44961660937500003 0.373131725 0.6559144234375001 0.3754705921875 0.6749777796875 0.45719388437499997 0.68305175625 0.46991586406249997 0.646093165625 0.4899525921875 0.642307459375 0.5481328234375 0.6504239921875 0.552309621875 0.6175704375 0.5641962578124999 0.4684515734375 0.521579821875 0.46235286093749994 0.520786578125 0.4492419671875
6 0.3709881796875 0.7943280109375 0.35854206093749996 0.7930198703125 0.3500858015625 0.7918450921875 0.3492677875 0.7969069546875 0.39914145156249997 0.8012909140625 0.44565045156250005 0.8050352437500001 0.44609640937500006 0.8007922484375 0.43528804374999996 0.800228225 0.4035178078125 0.7977470125 0.3709881796875 0.7943280109375
3 0.38495645 0.8075601640625001 0.36588801718749997 0.8059741453125 0.343041496875 0.804074159375 0.3410015890625 0.802453221875 0.34065723281250004 0.8076413 0.41227546718749997 0.8141949 0.4361088515625 0.8159480234375 0.4396842890625 0.8167586531250001 0.44161448124999997 0.8172967859375 0.44341766250000003 0.8123523171875 0.38495645 0.8075601640625001
2 0.3376225609375 0.8328449265625 0.3627367765625 0.8350278953125001 0.40354691249999997 0.83845166875 0.43321838125 0.8422074890625 0.43933943124999997 0.8426225234375 0.44155834374999997 0.8193386468750001 0.440417003125 0.817163796875 0.432964728125 0.8163805312499999 0.4015036453125 0.8137588015624999 0.37297828125 0.811445628125 0.3408234625 0.809274509375 0.3394386390625 0.8177382906249999 0.3376225609375 0.8328449265625
1 0.518045746875 0.8497532781249999 0.5366347296875 0.8510220937499999 0.5385600328125 0.8500828453124999 0.540364584375 0.837258203125 0.541670028125 0.824837740625 0.5389119703125 0.8206663984375 0.4562432 0.8135500796875 0.444171971875 0.8118504281250001 0.4414512078125 0.8181857859375 0.4395049125 0.8367035578124999 0.439565271875 0.8426462609375 0.518045746875 0.8497532781249999
3 0.596189165625 0.82965465625 0.607869175 0.8309791625 0.6084135359375 0.8255313624999999 0.60159695625 0.825354528125 0.5823893296875 0.824094453125 0.5561222453125 0.8220186343749999 0.5385552453125 0.8197156187499999 0.5420742093750001 0.825336871875 0.5533892734375 0.8262978046875 0.5864548890625 0.82885985625 0.596189165625 0.82965465625
2 0.5378250984374999 0.851109259375 0.540765203125 0.85124449375 0.5442390374999999 0.8512620421875001 0.5542625328125 0.8517942046875 0.577385403125 0.853355603125 0.607175640625 0.8559653328125 0.6086931671875 0.8415270234375001 0.609397215625 0.8315215796875 0.5453906203125001 0.8248837343750001 0.54236661875 0.8248801203125 0.5409764828125 0.8261480062500001 0.5404057718749999 0.8375571015625001 0.539058109375 0.8488845390625 0.5378250984374999 0.851109259375
6 0.539330953125 0.807596575 0.5382047875 0.8121935562499999 0.6014229578125 0.8184093921875 0.6015560062499999 0.8130650234375001 0.57623984375 0.811261528125 0.539330953125 0.807596575
6 0.3932373234375 0.67664194375 0.373602909375 0.6749520953125 0.3723160671875 0.658742934375 0.386933934375 0.5107009359375 0.391354078125 0.4562688640625 0.392306728125 0.45076181562500006 0.3837641140625 0.45023775625000007 0.3647671921875 0.6665472109375 0.3639322859375 0.6780476 0.3723582734375 0.6796808546875 0.399873546875 0.6810775546875 0.4009627421875 0.6778277296875 0.3932373234375 0.67664194375