4 0.43468539218749996 0.42958517812499997 0.4406627328125 0.46619696718750003 0.44340270468750004 0.4916120796875 0.46397836718749996 0.48928395468749997 0.5993665796875 0.47025638281250004 0.5932980875 0.4039645140625 0.5784205703125 0.3282346703125 0.4839363234375 0.336582765625 0.44072643593749994 0.343761571875 0.42158373125 0.34820001093749997 0.421774625 0.36731528125 0.43468539218749996 0.42958517812499997
0 0.496081353125 0.33183218124999997 0.49307894531249996 0.32445009687500004 0.48484958125000005 0.25560303906250004 0.41593853750000004 0.266599196875 0.4221072890625 0.3176597984375 0.42671297968750005 0.3436561359375 0.496081353125 0.33183218124999997
5 0.45398231562499997 0.5229311156249999 0.49900158125000005 0.5139465546875 0.5052057859375 0.540630559375 0.5627373953125 0.5294326890625001 0.558472065625 0.4880159953125 0.5928305640625 0.4816310921875 0.5927036 0.4733494828125 0.5335117328125001 0.48011215625 0.4486761078125 0.49255375937499996 0.4492160171875 0.5111517234375 0.45398231562499997 0.5229311156249999
5 0.420100034375 0.47178281875000005 0.43194520000000003 0.48589664531250004 0.44271875625 0.4853686796875 0.432070640625 0.4306540703125 0.420178434375 0.437256209375 0.420100034375 0.47178281875000005
2 0.4788804953125 0.236827878125 0.4818648671875 0.24835371093749997 0.5541215562499999 0.23819869531250001 0.572185725 0.2356599421875 0.5669070921875 0.20295506093750001 0.4828280921875 0.2164270296875 0.47605829999999993 0.21674691406250002 0.4788804953125 0.236827878125
3 0.5668427781250001 0.20330538125 0.5645850203125 0.18724059843750002 0.5193722921874999 0.19564258437499998 0.47521543906249997 0.20184842500000003 0.4756594734375 0.2171442234375 0.5184312125 0.210791790625 0.5668427781250001 0.20330538125
2 0.5645850203125 0.18724059843750002 0.563126890625 0.17686545781250002 0.5616217140625 0.16615557812499998 0.4934263375 0.1760811171875 0.48806871406249996 0.1792231390625 0.4848488171875 0.1878667234375 0.477567625 0.1967397578125 0.47645944843750004 0.20099100781249998 0.510627696875 0.1965303 0.5645850203125 0.18724059843750002
1 0.3864978796875 0.19861740625 0.394505340625 0.207048209375 0.40257035312499995 0.2110341625 0.4039919921875 0.2162950609375 0.40782829062500003 0.2314554109375 0.41085442343749995 0.2457057109375 0.4129710703125 0.2607664390625 0.452967265625 0.2541214515625 0.4672576171875 0.2514304890625 0.48183546406250005 0.24835784218749998 0.47851131406249997 0.23926879531249998 0.4768702875 0.2251651125 0.47595412968749995 0.20260070625 0.47707277968749995 0.19652653125 0.4829183625 0.1905270625 0.4849412875 0.183075590625 0.4914070671875 0.1756823234375 0.425170475 0.185083890625 0.41643247343749995 0.1858780109375 0.37924826718750004 0.1931516625 0.3864978796875 0.19861740625
3 0.40774381093749995 0.2276629640625 0.4036996859375 0.21292952187499997 0.3614666921875 0.220639065625 0.3419755515625 0.22308511874999998 0.344619121875 0.23671244218749998 0.39896712968750003 0.228402859375 0.40774381093749995 0.2276629640625
2 0.346066928125 0.2520356265625 0.3501242421875 0.2706643234375 0.41296606249999995 0.26039255156249996 0.4069242625 0.2276435515625 0.34489104843749996 0.236841740625 0.346066928125 0.2520356265625
2 0.33830268124999996 0.198642103125 0.339953228125 0.21038634687500002 0.342369959375 0.2223168984375 0.36320206875 0.22034911093749998 0.403462296875 0.213250975 0.3909220625 0.202534071875 0.3784479828125 0.192287890625 0.33830268124999996 0.198642103125