4 0.5998133484375 0.4742671234375 0.6088523515625 0.45562711718750004 0.544083790625 0.41194017031249996 0.5275900375 0.4067047296875 0.4383334125 0.5337939828125 0.397094334375 0.596679809375 0.386925065625 0.6239810203125 0.46140890937499995 0.6742210078124999 0.46980659375 0.6739955796875 0.47692476875 0.6599496953124999 0.48667814531250003 0.659460746875 0.603540725 0.4862048484375 0.5998133484375 0.4742671234375
0 0.5344066 0.3983451390625 0.5327492921875 0.4042949546875 0.548150871875 0.4111496109375 0.5664543046875 0.382267278125 0.551052725 0.37541262343750004 0.5344066 0.3983451390625
0 0.3367231703125 0.691422875 0.3469654953125 0.7006873046875 0.3537439640625 0.6993697046875 0.3955481765625 0.6321532765625 0.380146596875 0.6252986218750001 0.3367231703125 0.691422875
5 0.547061828125 0.36211920468750003 0.5502621640625 0.3713455421875 0.628813090625 0.42079496875 0.6897112937500001 0.328763290625 0.6057756859375 0.2733259546875 0.547061828125 0.36211920468750003
1 0.6898429890625 0.29968667031249996 0.6955403828125 0.2935070359375 0.6370328296875 0.25318101249999997 0.6248606046875 0.24489789687500002 0.622965025 0.2565692 0.6206883171875 0.27042723281250003 0.67574159375 0.30756113749999997 0.6806659953125 0.30246202968749997 0.6898429890625 0.29968667031249996
2 0.5868389078125 0.2380473484375 0.582647928125 0.2446273140625 0.6208898515625 0.270873434375 0.623443396875 0.2597798609375 0.6252564984375 0.24588657500000002 0.600317946875 0.23077240625 0.5940778515625 0.226827990625 0.5868389078125 0.2380473484375
2 0.681876384375 0.3021536296875 0.6752999859375 0.30779504687500003 0.6791656703125 0.3106544234375 0.6952687531249999 0.3215160890625 0.7105624500000001 0.3320837390625 0.7142590625 0.33407327656249997 0.7202155234375 0.32524246093750003 0.7239488203125 0.3204546078125 0.7266914359375 0.316762021875 0.694896071875 0.294056134375 0.688507971875 0.300858853125 0.681876384375 0.3021536296875
3 0.5922218765625 0.22531153750000002 0.5841258078125 0.2198506703125 0.580058725 0.2206412296875 0.5702291625 0.23521415625 0.5704926828125 0.23656985000000003 0.58182718125 0.244215065625 0.583182875 0.2439515453125 0.5930124375 0.22937861874999999 0.5922218765625 0.22531153750000002
5 0.5738041671875 0.2753198375 0.5770806875 0.27046219531250004 0.576553646875 0.2677508078125 0.582014515625 0.2596547375 0.5812239546875 0.25558765625 0.5731278843750001 0.25012678906249997 0.5717721906250001 0.250390309375 0.5521130656250001 0.2795361609375 0.5523765859374999 0.2808918546875 0.56047265625 0.28635272343749996 0.5672511250000001 0.285035121875 0.569435471875 0.28179669375 0.56890843125 0.27908530625 0.5710927796874999 0.275846878125 0.5738041671875 0.2753198375
5 0.5848370515625 0.2886513484375 0.5877738671875 0.2965219921875 0.5967747765625 0.28492397343750003 0.5889422265625 0.2808187984375 0.5848370515625 0.2886513484375
0 0.350154178125 0 0.3502096515625 0.0008189765624999999 0.37231351562500004 0.0204400078125 0.8937004265624999 0.37211992031249996 0.9356857109375 0.421642403125 0.9611041874999999 0.4293638046875 0.9836620359375001 0.41513058437500006 1 0.41100256249999995 1 0.23414528437499998 0.652865340625 0 0.350154178125 0