4 0.430649078125 0.4882073875 0.44291095937499997 0.6635604421875 0.501859309375 0.6525857421875 0.5235638359375 0.654983803125 0.530676090625 0.64469699375 0.6113289671875 0.636120353125 0.6011993375 0.4772602984375 0.430649078125 0.4882073875
1 0.5428017265625 0.8181016828125 0.527398671875 0.8358208703125 0.5330189265625 0.8461962828124999 0.563286740625 0.8450586984375 0.622780065625 0.8418774671874999 0.6249532796875 0.8309570828125 0.6112670687499999 0.8172299078125 0.59540764375 0.8144231187500001 0.5428017265625 0.8181016828125
0 0.5621358046875 0.7306023609375 0.5377130921875 0.731331215625 0.5406694765625 0.80160868125 0.5722520828125 0.8052738937499999 0.60886233125 0.7968401734375 0.6053266875000001 0.788276884375 0.591824359375 0.791178953125 0.5824436125 0.7830243953125 0.577497896875 0.7402965578125 0.58537996875 0.7270190765625 0.5931734375 0.7264741046875 0.6021454562499999 0.7287835609375 0.6038689765624999 0.739431459375 0.6023703015625 0.7179994187500001 0.5810745046875 0.7214464609375 0.5727360640625 0.7141979640625 0.5621358046875 0.7306023609375
6 0.6331287734375 0.667880165625 0.62600984375 0.6360727140625 0.5640708203125 0.6462775953125 0.5625311828124999 0.652258940625 0.5562773515625 0.6468225671875001 0.5340754921875 0.6513119140625 0.5636211265625 0.667845878125 0.5804752171875001 0.6568778546875 0.5941137875 0.655924153125 0.606669090625 0.6814777734375 0.6194015984375 0.6815663765625 0.6331287734375 0.667880165625
6 0.5364869046875 0.7137959109375 0.530996215625 0.6632746046875 0.5235638359375 0.654983803125 0.442004896875 0.6646027484375 0.4268266875 0.6715377953125 0.4225688640625 0.6806460546875 0.4236588078125 0.69623299375 0.4308187015625 0.7006270609375 0.46548058281250004 0.6923295828125 0.490223421875 0.7101783390625 0.507486240625 0.705055415625 0.5229845765625 0.7166979796875 0.5364869046875 0.7137959109375
2 0.6460729109375001 0.8424504109375001 0.64190641875 0.8160388656249999 0.61919678125 0.8186333031249999 0.6293949859375 0.8384780656249999 0.6460729109375001 0.8424504109375001
2 0.524952971875 0.8428445203124999 0.53618680625 0.8215010843749999 0.435232796875 0.8197499515625 0.4230452609375 0.8274548171875 0.4250412671875 0.84199945 0.4849433203125 0.8446633203125 0.524952971875 0.8428445203124999
2 0.396227109375 0.8355403953125 0.395086903125 0.8196203843750001 0.3819960296875 0.8144766578124999 0.37512866875 0.8323718250000001 0.396227109375 0.8355403953125
3 0.3994809703125 0.8124604906249999 0.47107322656250006 0.8143069031250001 0.649662465625 0.8108524859375 0.6466270265625 0.800615771875 0.510029503125 0.8043626515625 0.387606884375 0.79664870625 0.38828809999999997 0.8063905421875001 0.3994809703125 0.8124604906249999
3 0.40170182343749994 0.8162209828125 0.3943647234375 0.8372919328125 0.41230875781250004 0.8419108468750001 0.4219143515625 0.8392812640624999 0.42458489843749997 0.821473471875 0.40170182343749994 0.8162209828125
3 0.378568053125 0.8483852421875 0.5053806953125 0.8569394609375 0.6510128374999999 0.846749 0.6506896765625 0.8421275749999999 0.6049722734375 0.8392069203125001 0.5153271625 0.8469491265625001 0.381141915625 0.835434328125 0.378568053125 0.8483852421875