4 0.678107015625 0.57893838125 0.5967210328125 0.45478594218749996 0.47768975625000004 0.5315397109375 0.4728702078125 0.5418582203125 0.46993339218749997 0.5497288640625 0.519909859375 0.6255684015625 0.5371211171875 0.6528315203124999 0.553164015625 0.6643914453125 0.6767894140624999 0.5857168500000001 0.678107015625 0.57893838125
0 0.612020853125 0.6294037953125 0.5639714734375 0.6594576171875 0.5640785015625001 0.684966240625 0.5927553734375001 0.72981689375 0.6523107031250001 0.6908277890625001 0.612020853125 0.6294037953125
5 0.4811123890625 0.463266071875 0.48932273750000005 0.47893117187499995 0.5091364359375 0.5092875875 0.52390159375 0.50134089375 0.5372673031249999 0.49131934375 0.55779046875 0.478482559375 0.528851403125 0.4325949765625 0.4811123890625 0.463266071875
5 0.6265937796875 0.6195742328125 0.6141671078125001 0.625600234375 0.615297375 0.6342614375 0.62618101875 0.6434115890625 0.6383060765625 0.6316992921875 0.6265937796875 0.6195742328125
1 0.6553327265625 0.69705973125 0.5967719859375 0.7357718015625 0.6233647421875 0.7737074374999999 0.619028753125 0.8064760828124999 0.62973045 0.79886239375 0.70692568125 0.749149446875 0.7039126812500001 0.7429361109375 0.68112940625 0.7371005734375 0.6553327265625 0.69705973125
3 0.5683922406249999 0.8128064046875 0.6058401625000001 0.7883351359375 0.6246113546875 0.776461459375 0.620764565625 0.7684228796875 0.6168371968749999 0.763509665625 0.560285846875 0.7999751171875 0.5683922406249999 0.8128064046875
2 0.56629839375 0.7968299046875 0.577177234375 0.7888670390625 0.5943647203125 0.7782114250000001 0.616347278125 0.764008996875 0.5963601093750001 0.7353033765625 0.5899166953125 0.7396495140625 0.58089591875 0.74573410625 0.558338921875 0.7600115 0.5400825859375 0.7723255546875001 0.559924890625 0.8008163890625 0.56629839375 0.7968299046875
2 0.62317644375 0.7778400078125001 0.56883194375 0.8135583437499999 0.5741273140625001 0.822798940625 0.579342678125 0.8305310359375 0.6194367171875 0.8037997828125001 0.621099378125 0.792365890625 0.6223526921875 0.7849580781250001 0.62317644375 0.7778400078125001
5 0.48484915468749995 0.6032772046875 0.49701230625 0.598606896875 0.4901576515625 0.5832053171875 0.477467459375 0.5905870125 0.48484915468749995 0.6032772046875
3 0.692613071875 0.7329894625 0.7205657125 0.7137085484375 0.7598728125 0.6897554375 0.750181175 0.6753869953125 0.6747178140625001 0.7254343875 0.683618296875 0.7386298953125 0.692613071875 0.7329894625
2 0.7596750234375 0.6894622046875 0.684204765625 0.73823431875 0.6919656734374999 0.7402524609375 0.6994264265625 0.741193103125 0.70483458125 0.74351829375 0.7081900953125 0.7472279796875 0.771535428125 0.70578094375 0.7596750234375 0.6894622046875
2 0.7493969093749999 0.6754893203125001 0.7447454312499999 0.6679607187500001 0.7393028078125 0.6592591515625 0.73184895 0.649882184375 0.65701229375 0.6985523484375 0.6649238343749999 0.7102816890625 0.6750110484375 0.7252365984375 0.6805824859375 0.7214786156249999 0.7352262671875 0.6854742093749999 0.7493969093749999 0.6754893203125001