4 0.5986328125 0.412109375 0.4208984375 0.412109375 0.396484375 0.4169921875 0.4013671875 0.5234375 0.5234375 0.5283203125 0.5341796875 0.5234375 0.6416015625 0.5234375 0.640625 0.4169921875 0.5986328125 0.412109375
5 0.1953125 0.4912109375 0.2001953125 0.58203125 0.32421875 0.5810546875 0.33203125 0.5791015625 0.33203125 0.5166015625 0.3251953125 0.490234375 0.1953125 0.4912109375
0 0.6281943578125 0.5235268484375 0.6053494453125 0.5235268484375 0.6072532093749999 0.5477992671874999 0.8033383437499999 0.5435158999999999 0.8019104968749999 0.5320935828125 0.6591796875 0.529296875 0.6286702421875 0.52971394375 0.6281943578125 0.5235268484375
0 0.5712890625 0.529296875 0.56228944375 0.52828614375 0.5615234375 0.55078125 0.5283203125 0.552734375 0.46685244531250003 0.551606721875 0.3974609375 0.544921875 0.3647765265625 0.5406603171875 0.346215059375 0.53542509375 0.33193703750000003 0.5311417265625 0.33384076875 0.5454196109375 0.46234319375000005 0.561125296875 0.556640625 0.5634765625 0.6596060328125 0.5649327359375 0.6600819812500001 0.54589555625 0.5732421875 0.55078125 0.5712890625 0.529296875
6 0.39951977968749997 0.48830805625 0.3700118046875 0.48973583906249996 0.3719155375 0.4963988625 0.37857863125 0.5025859406250001 0.35430596875 0.5368528765625 0.365234375 0.5380859375 0.38619359062499997 0.5073452515625 0.3919048203125 0.514484203125 0.399995696875 0.518291625 0.39951977968749997 0.48830805625
6 0.2505310015625 0.449635203125 0.19481745 0.448778053125 0.19567460781249998 0.4916341609375 0.2308169609375 0.4916341609375 0.39624335781250003 0.489919921875 0.39624335781250003 0.48306296875 0.249673903125 0.48306296875 0.2505310015625 0.449635203125
6 0.365252475 0.4273890609375 0.3690599390625 0.48116910625 0.3814342296875 0.48259690468749994 0.39714009843750003 0.48116910625 0.39666418124999997 0.4140630234375 0.3647765265625 0.4140630234375 0.365252475 0.4273890609375
5 0.51953125 0.5458984375 0.52734375 0.5302734375 0.5068359375 0.529296875 0.505859375 0.5439453125 0.51953125 0.5458984375
5 0.3994140625 0.53125 0.4267578125 0.53125 0.4326171875 0.5390625 0.443359375 0.5380859375 0.4560546875 0.537109375 0.466796875 0.5244140625 0.3984375 0.5244140625 0.3994140625 0.53125
2 0.8185838328124999 0.590097675 0.827174259375 0.58723423125 0.840775840625 0.5750645421875 0.8400599468750001 0.4805705015625 0.81640625 0.4931640625 0.8185838328124999 0.590097675
1 0.158203125 0.5166015625 0.166015625 0.5576171875 0.185546875 0.5732421875 0.1875 0.4755859375 0.1728515625 0.47265625 0.166015625 0.4775390625 0.158203125 0.5166015625
2 0.1880287734375 0.479854640625 0.1880287734375 0.41041584999999997 0.170132028125 0.41041584999999997 0.170132028125 0.479854640625 0.1880287734375 0.479854640625
2 0.171563765625 0.5636107140625 0.169921875 0.5986328125 0.178722503125 0.5972563359375 0.189453125 0.5986328125 0.189453125 0.5888671875 0.185546875 0.5712890625 0.171563765625 0.5636107140625