4 0.584319909375 0.4399450984375 0.57599995 0.4218479484375 0.48675539062500006 0.420297546875 0.42960024375000005 0.4280244578125 0.41642140000000005 0.5112324046875 0.42125536874999997 0.5950762078125 0.4551727890625 0.5908615 0.50129868125 0.5913953046875 0.495961053125 0.6108372890625 0.5798793265625 0.6111503234375 0.5872684109375 0.58024040625 0.58787415 0.5146170390625 0.584319909375 0.4399450984375
0 0.5809352734375001 0.6113978484375 0.5519243781250001 0.611583946875 0.5350155296875 0.61401621875 0.5333285796875 0.6206370859375 0.5330320562499999 0.640166084375 0.5235513890625 0.6470541937500001 0.5045773609374999 0.6873957796875 0.5057126875 0.715541259375 0.5069642609375 0.7369486109375 0.5016145859375001 0.7456347953125 0.5883049312499999 0.7456538984375001 0.58092113125 0.737551390625 0.58088450625 0.7176593234374999 0.5809352734375001 0.6113978484375
5 0.560075959375 0.38996189062500003 0.5547679624999999 0.3793332046875 0.48476857031250004 0.37104295625 0.42330518125000005 0.3794857921875 0.42450829375000004 0.4160317078125 0.4302483828125 0.42393226406249995 0.5525948046875 0.4195392203125 0.560075959375 0.38996189062500003
5 0.5303757515624999 0.339114496875 0.5471766203125 0.3389789265625 0.5479052375 0.31672179843750004 0.5281601921875 0.31778934062499997 0.5303757515624999 0.339114496875
5 0.4039541546875 0.45752131093750004 0.415150503125 0.46628605468749995 0.42205130312500005 0.449201353125 0.4106389078125 0.441800675 0.4039541546875 0.45752131093750004
6 0.5074860625000001 0.7354914265625 0.506086825 0.727801096875 0.5051722984375 0.719219896875 0.38829480781250003 0.7190160062500001 0.387922371875 0.7333007296875 0.5074860625000001 0.7354914265625
6 0.612689440625 0.7193922578125 0.60565371875 0.7201840984375 0.5931610890625 0.71960374375 0.5877048296875 0.7187395578125 0.581816478125 0.7206035 0.5811683390625 0.72469569375 0.580821234375 0.730631659375 0.58085074375 0.7366243453125 0.5853283171875 0.73374426875 0.5880528046875 0.7351505703125001 0.5948767703125 0.7352565953125 0.6032772046875 0.7351888109375 0.6121549390625 0.7356210953125 0.612689440625 0.7193922578125
2 0.5977404703125 0.7524895578125 0.5942491203125 0.7534767125 0.5943037375 0.7575449843750001 0.6182424296875 0.7575509406250001 0.6182744453125 0.752936421875 0.6031780765625 0.7527889140624999 0.5977404703125 0.7524895578125
1 0.5931357046875 0.7537467890625 0.5795125515625 0.7528261515625 0.5240003703125 0.7532867484375 0.507494959375 0.7531963859374999 0.5029924671875 0.7531483828125001 0.4961071921875 0.7584758015624999 0.5080036140625 0.7580703640625 0.5256890109375 0.75877924375 0.53781955625 0.7594050625000001 0.5527059765625 0.759546740625 0.5626755796875 0.758196884375 0.5739463484375 0.75863795 0.5862820140625 0.758515796875 0.5940972343750001 0.7576788078125001 0.5931357046875 0.7537467890625
2 0.5003427375 0.7520924078125 0.380835015625 0.7522059859375 0.380241209375 0.7559494046874999 0.41680517968749997 0.7552778375 0.45992474375 0.75616624375 0.47912915 0.7560635546875 0.497544921875 0.7565338500000001 0.5003427375 0.7520924078125
5 0.603615675 0.494932609375 0.5876504 0.4968258546875 0.58769910625 0.5446281546875 0.5979097890625 0.548367040625 0.5967572609375 0.51031504375 0.603772459375 0.5066048203125 0.603615675 0.494932609375