4 0.7455336109374999 0.570025434375 0.7477552296875001 0.56478240625 0.7511111796875001 0.5465598828125 0.734979575 0.4738788921875 0.729192903125 0.46778903749999995 0.5327440828125 0.494411959375 0.50427596875 0.50235753125 0.5080344421875 0.5501511390625 0.46575568437500003 0.55806535 0.4760849375 0.6315618093750001 0.5175325484375 0.6247505671875 0.5345656125 0.712779828125 0.5584220171875 0.7106974046875 0.5609508984375 0.7231814484375 0.5680004859375 0.7630253140625001 0.604238546875 0.7575303156250001 0.6509216859375 0.7501011015625 0.6494386640625 0.7372880140625 0.7086367859375 0.7311914500000001 0.7038037578125 0.70113246875 0.6996689296875 0.6651210203125 0.704441484375 0.663568771875 0.7001460890625 0.6323413484375 0.6905303546875 0.6340103609375001 0.6907249203125 0.62210548125 0.67975925 0.5559617 0.7010489125 0.57627735 0.7455336109374999 0.570025434375
0 0.726675971875 0.46350191250000006 0.7259567421875001 0.4356076015625 0.8450003390624999 0.43493494374999997 0.84064865 0.369096925 0.6137007859375 0.3609367234375 0.5526401796875 0.368532071875 0.540204328125 0.37126597656250004 0.5354735859375 0.3867232359375 0.546571265625 0.4867380109375 0.726675971875 0.46350191250000006
6 0.7879534890625 0.49996332499999996 0.7869634578125 0.4668334703125 0.7843440125 0.436806590625 0.762714703125 0.43664692812499994 0.7783683390625 0.5480283406249999 0.737959203125 0.6213840937499999 0.7018465 0.628896690625 0.700953184375 0.63834915 0.7286573203125 0.6331231749999999 0.7418117578125 0.6277457703125 0.7786540671875 0.5811492125 0.7977536093750001 0.5493032765625 0.7903998921875 0.51737038125 0.7879534890625 0.49996332499999996
6 0.45113759218749994 0.5638286625 0.4521698234375 0.5806840734375001 0.458863815625 0.6339723453125 0.459315321875 0.6415188828125 0.5094881078125 0.63446755625 0.50737555 0.6259368624999999 0.47477603124999995 0.6323448218750001 0.4733510328125 0.6191259578125 0.46628364843750003 0.5688389078125 0.4653987203125 0.5569539828125001 0.5091374125 0.5509822859375 0.5083219453125001 0.545179934375 0.504628296875 0.524044659375 0.47467352343749997 0.5232825984375 0.46997414062500004 0.5249292140625 0.465274759375 0.526575828125 0.4577944328125 0.5365025578125 0.450298425 0.5533346078125 0.45113759218749994 0.5638286625
2 0.9110861859374999 0.73295978125 0.8684650296875001 0.4413124984375 0.8507861515625 0.44182478437499995 0.8882349312500001 0.7363542609375 0.9110861859374999 0.73295978125
2 0.9455461359375 0.7296527171875 0.90932195625 0.45134898906250004 0.88312446875 0.4370251328125 0.9238277781249999 0.732705034375 0.9455461359375 0.7296527171875
3 0.92431105 0.7300828828125 0.88641573125 0.44273433124999995 0.8703991468750001 0.4410406765625 0.9093925515624999 0.7330309828125 0.92431105 0.7300828828125
1 0.9060802015625 0.3639829140625 0.8866191421874999 0.370975128125 0.8451406 0.3735870328125 0.8480365671874999 0.4362942546875 0.8845465156250001 0.44108229843749996 0.9076753406250001 0.44664960625 0.9060802015625 0.3639829140625
2 0.86558474375 0.3716999546875 0.8656945031250001 0.32336270312500004 0.8463533296874999 0.3260809265625 0.8445969546875001 0.3697187984375 0.86558474375 0.3716999546875
2 0.9038687953125001 0.36037038906249996 0.9054918671875001 0.329491390625 0.8845053109375 0.325629546875 0.8846424046875001 0.36903235625 0.9038687953125001 0.36037038906249996
3 0.8813295046875 0.37145949375 0.884126128125 0.35627405625 0.8825265546875001 0.330858709375 0.8695627375000001 0.3228190578125 0.8697248 0.373090428125 0.8813295046875 0.37145949375