4 0.602349590625 0.41232281562499995 0.5837745140624999 0.3611840671875 0.5864046187499999 0.3433702578125 0.5807684984375 0.3249784171875 0.56010294375 0.323533340625 0.526267346875 0.3322428484375 0.519514284375 0.3595762578125 0.5051200984374999 0.337686290625 0.45878882968749995 0.3469064546875 0.4439231046875 0.341713621875 0.3773406 0.3633620859375 0.36663695 0.37784245781250003 0.3885070578125 0.4610537453125 0.4263794265625 0.45401095781249995 0.4228533125 0.4648399109375 0.4272754390625 0.4609958140625 0.43220822343750004 0.46964739062499994 0.446994625 0.5196103765625 0.6012804265625 0.48700783281250004 0.610606371875 0.47243112187499997 0.602349590625 0.41232281562499995
0 0.5001583484375 0.3096505234375 0.47516700468749995 0.3106718390625 0.4615247125 0.2681846671875 0.43977046875000003 0.262510140625 0.37357331718750003 0.278647790625 0.36306234531250003 0.2903727546875 0.3550401203125 0.30004853125 0.3530585796875 0.3057131046875 0.3614723375 0.3210663078125 0.361646234375 0.3304225015625 0.37112645 0.3532364671875 0.3857994984375 0.36118470937499997 0.4439231046875 0.341713621875 0.464492321875 0.3445364015625 0.5051200984374999 0.337686290625 0.5070758328125 0.32951640625 0.5001583484375 0.3096505234375
5 0.45363504531250004 0.5196011125 0.453789315625 0.5569917890625 0.46317319062499995 0.5811834609375001 0.4822683671875 0.58528760625 0.5510282484375 0.572098040625 0.602109065625 0.5147545828125 0.6011840890625 0.48838553593749995 0.5088105671875 0.5026927546875 0.45363504531250004 0.5196011125
2 0.3907892890625 0.24583769531250002 0.3714633140625 0.24942699687499997 0.3023643921875 0.266205728125 0.3099855453125 0.283933575 0.3766117578125 0.2698513546875 0.3907892890625 0.24583769531250002
2 0.5700020125 0.20109929218749997 0.454931634375 0.230018203125 0.461371334375 0.2497471671875 0.5768759125 0.222257634375 0.5700020125 0.20109929218749997
1 0.36608724375 0.2075178546875 0.3905295234375 0.2341469515625 0.3974704390625 0.270377353125 0.41558934374999995 0.26456275156250003 0.4388744578125 0.2555252828125 0.458740340625 0.2486077984375 0.452497225 0.219097990625 0.46032016249999996 0.1864184546875 0.36608724375 0.2075178546875
3 0.5679259156249999 0.18478235625 0.457208365625 0.2111207828125 0.4526899015625 0.2163425828125 0.45498093281249996 0.23014926406249997 0.57088176875 0.20212663125 0.5679259156249999 0.18478235625
3 0.3892481578125 0.23267290937500001 0.3797969078125 0.22924313281250003 0.2993864625 0.248292021875 0.3040335890625 0.266332234375 0.39362659375 0.2445699125 0.3892481578125 0.23267290937500001
2 0.3083489921875 0.22147812656250002 0.2932878875 0.22698153125 0.2986225453125 0.25005028125 0.3740934171875 0.2316131859375 0.3875739671875 0.229869746875 0.3626872171875 0.208212759375 0.3083489921875 0.22147812656250002
2 0.461333521875 0.18566530312500001 0.4574077703125 0.202065171875 0.450909865625 0.21550605156249997 0.4755868703125 0.20704186406249997 0.5665109078125 0.18514656093749998 0.5659144203124999 0.1605565078125 0.5323187390624999 0.17071286875 0.500953453125 0.1754670703125 0.461333521875 0.18566530312500001
5 0.424905384375 0.45529232343750003 0.4036617984375 0.46211346875 0.409683271875 0.47499449374999997 0.4282677890625 0.4666029671875 0.424905384375 0.45529232343750003