0 0.40704072968749994 0.6592100140625 0.35021419374999996 0.7029732281250001 0.3017146828125 0.7400078171875 0.3264584578125 0.7738932765625 0.4405724765625 0.6888627875 0.53406035625 0.6129702499999999 0.5050510265625 0.5771467109375 0.40704072968749994 0.6592100140625
5 0.49867191875000005 0.5588791109375 0.49795011562499997 0.565746621875 0.5409700640625 0.6188718343749999 0.6197545890625 0.556329984375 0.5753611390625 0.5030604109375 0.568349265625 0.503712109375 0.49867191875000005 0.5588791109375
4 0.32495478437499997 0.5072924984375 0.300813334375 0.5255852578125 0.292487053125 0.534293246875 0.29471677343749997 0.5402363265625 0.390833525 0.6600275328125 0.4411416265625 0.630598246875 0.5024335984375 0.57593858125 0.48594742343749997 0.5478209859375001 0.45581580156249996 0.5079307484375 0.40491595 0.44906162343749995 0.3959271265625 0.4531120171875 0.3893715109375 0.4577749265625 0.3798443828125 0.46355267656250004 0.32495478437499997 0.5072924984375
5 0.6778101859375 0.435998921875 0.742399815625 0.384986696875 0.7426583984375 0.3757372046875 0.7294564015625 0.355763721875 0.676040271875 0.28310445781250004 0.6191398203125 0.3243566046875 0.601069821875 0.3377327984375 0.601577159375 0.3461181734375 0.668393240625 0.433938775 0.6778101859375 0.435998921875
5 0.4851338390625 0.510418821875 0.4675816265625 0.48874364375 0.4570079859375 0.47404484843750005 0.44408236093750003 0.48370775468750005 0.44075791249999996 0.4889130421875 0.4508028046875 0.50244199375 0.46835172968750005 0.523344121875 0.47336152656249997 0.5183599 0.4851338390625 0.510418821875
6 0.426890578125 0.6404397937499999 0.3926688296875 0.663658471875 0.29036035 0.536208209375 0.2697346765625 0.55291055 0.3756626703125 0.6837207281250001 0.426890578125 0.6404397937499999
1 0.2724864484375 0.76256294375 0.2476670453125 0.7649679296875 0.267036234375 0.7905676140625 0.29000763281249997 0.820055415625 0.29718078281250004 0.7947386375 0.318186946875 0.776996575 0.2934281015625 0.7469657546875 0.2724864484375 0.76256294375
3 0.273236253125 0.7615389312499999 0.2849862171875 0.753348196875 0.249602896875 0.7107738875 0.145070059375 0.577204671875 0.1333401484375 0.5862496625 0.1644035203125 0.62460973125 0.21644135625 0.689991559375 0.273236253125 0.7615389312499999
2 0.283464096875 0.75322360625 0.2940351296875 0.7457532171875 0.2881962703125 0.7381151390625 0.1553971328125 0.569497003125 0.1445407109375 0.57735743125 0.2062447234375 0.65585466875 0.24797863437499998 0.70839330625 0.265670384375 0.7305772671875 0.283464096875 0.75322360625
2 0.254947640625 0.763782746875 0.26470651875 0.7634197703125001 0.2729142015625 0.7621062265625 0.2477490671875 0.73049035 0.23652394999999998 0.7155493328125 0.13344433125 0.5865131703124999 0.11430450625 0.601564775 0.21952115625 0.73089709375 0.246562265625 0.764290084375 0.254947640625 0.763782746875
2 0.28757174218750003 0.8182166843750001 0.312961015625 0.8519210796875001 0.332509940625 0.836090671875 0.2986992609375 0.7949257375000001 0.28757174218750003 0.8182166843750001
3 0.298753928125 0.7944054671874999 0.3328521296875 0.8353375765625 0.342160971875 0.8268474156250001 0.310773596875 0.7851481328125 0.298753928125 0.7944054671874999
2 0.30973300312499996 0.78503876875 0.342339109375 0.8276551734375 0.3524010390625 0.8195071828125 0.3189871890625 0.7770688890625 0.30973300312499996 0.78503876875