4 0.5190652250000001 0.3869046984375 0.479858353125 0.34336105781250004 0.46374192656249996 0.33421865156249997 0.43464055312500005 0.361735740625 0.4050273578125 0.3726304484375 0.3876099 0.388313196875 0.439668890625 0.45050891249999997 0.4332848359375 0.466769896875 0.497467284375 0.535132828125 0.5127760734375 0.5529960765624999 0.4990022890625 0.5684756484375 0.541784484375 0.617357946875 0.5735490640625 0.5924501265625 0.6201076484375 0.551144040625 0.6412274250000001 0.53151225625 0.6064710484375 0.49633105312500003 0.613306275 0.4886510890625 0.5300986265625001 0.3874829359375 0.5190652250000001 0.3869046984375
0 0.637338440625 0.2731498140625 0.6467410546875 0.26413648125 0.6038944749999999 0.21594251562500003 0.5953183515625 0.22494536874999999 0.5632417890625 0.256455425 0.5400716625 0.273955996875 0.5079939828125 0.303386046875 0.47337665781249993 0.33729154375000003 0.4809952328125 0.345752828125 0.5138376421874999 0.3810988796875 0.5292976875 0.3763772546875 0.637338440625 0.2731498140625
1 0.6956197234375 0.2351915875 0.6365524765624999 0.1708681765625 0.6310903671875 0.18049366718749998 0.6089038703125 0.21129747187499998 0.65311898125 0.26092633125 0.6956197234375 0.2351915875
2 0.5277090265625 0.12049688750000001 0.5225643203125 0.12402071249999999 0.5280763281249999 0.1301424171875 0.532914771875 0.1268943125 0.5646087859375 0.1620940796875 0.6081229312499999 0.2110372890625 0.6174515703125001 0.19844605625 0.632472075 0.175722871875 0.6365109171875 0.170512275 0.5857852265625 0.116574625 0.5685064640624999 0.10322241562500001 0.559465159375 0.099108578125 0.5537081125000001 0.0976414171875 0.5277090265625 0.12049688750000001
2 0.5038297875 0.097066928125 0.5010714359375 0.09692236875 0.499547703125 0.0996084390625 0.512616659375 0.11412298750000001 0.513995834375 0.11419526718749999 0.5343162015625 0.09589872656250001 0.5343884812499999 0.0945195515625 0.533081584375 0.09306809687499999 0.5179106578125 0.092273021875 0.5164592031249999 0.0935799171875 0.5109425015625 0.0932908 0.509491046875 0.0945976953125 0.506732696875 0.0944531359375 0.5038297875 0.097066928125
6 0.6043588921875 0.21553491249999998 0.5533422531250001 0.15949105 0.533468409375 0.13803476875 0.5247459828125 0.1465668125 0.5939391765625001 0.2248730890625 0.6043588921875 0.21553491249999998
6 0.8033892187499999 0.4347729125 0.6477795015625001 0.2629978296875 0.6388768 0.27195611406250003 0.784237028125 0.43376758593750003 0.7920645937499999 0.43731183749999997 0.8033892187499999 0.4347729125
2 0.6533825328125 0.2600354359375 0.8182695484375 0.440525115625 0.8441950453124999 0.4371351484375 0.864665834375 0.44235686718749995 0.8755923453125 0.43477535156249997 0.6942575703125 0.23704536874999999 0.6533825328125 0.2600354359375
2 0.51844701875 0.1407320765625 0.5128673874999999 0.13453526875 0.1217469546875 0.4879913828125 0.12867045 0.494656875 0.51844701875 0.1407320765625
3 0.45459976874999997 0.1689843921875 0.30787618437500003 0.3013327046875 0.11161654531250001 0.4791410328125 0.1216342078125 0.48878541875000003 0.55237283125 0.097835896875 0.5433863015625 0.09526208750000001 0.5361921125 0.094185146875 0.49639039843750005 0.130467175 0.45459976874999997 0.1689843921875
2 0.5033296828125 0.1243549875 0.48469750468750006 0.1038358578125 0.474533178125 0.11011345624999999 0.465437365625 0.11759741406249999 0.43847201875 0.1418771203125 0.3842361390625 0.190143596875 0.3406341390625 0.2294030140625 0.29251504375000004 0.275000540625 0.250559740625 0.312209534375 0.1982059625 0.3587813703125 0.15184908125000002 0.400850834375 0.1294734375 0.422371571875 0.090608075 0.45679839062500005 0.1115614796875 0.4788078203125 0.18879769375 0.40831908125 0.2050859703125 0.393462553125 0.3985972875 0.21979191718750002 0.5033296828125 0.1243549875
3 0.4994518140625 0.0976922734375 0.49270647343749996 0.1001751640625 0.48561395 0.10476598906250001 0.5032951921875 0.123405603125 0.5087124140625 0.11846429218750001 0.51388445625 0.115217471875 0.4994518140625 0.0976922734375
3 0.5129116421875 0.1348828953125 0.518139225 0.1406887140625 0.5195184 0.14076099375 0.528227128125 0.13291961875 0.5282994078125001 0.13154044375 0.5230718249999999 0.12573462500000002 0.52169265 0.1256623453125 0.512983921875 0.1335037203125 0.5129116421875 0.1348828953125