4 0.46540885625 0.472784440625 0.45042262343750006 0.4922424625 0.45926502812500003 0.49940290000000004 0.44422672187499995 0.517665746875 0.427451825 0.5430363390624999 0.43785825312500004 0.5627727078125 0.5086203796875 0.6150483437500001 0.5274121828125 0.63529205 0.5316027953125 0.6487383515625 0.56651365 0.677008603125 0.5764168875 0.67874508125 0.6369335375 0.6071167890625 0.6346938703125 0.5990201359375 0.6031074640625 0.575955171875 0.597757815625 0.5779061171875 0.5998531234375 0.5846292671875 0.5842372609375001 0.5946026125 0.582430675 0.5906264671875 0.662832203125 0.48357998281250003 0.569953825 0.4058553546875 0.5448719546875 0.3918274625 0.48341488593750004 0.467720621875 0.4738971375 0.476575875 0.46540885625 0.472784440625
5 0.3512185390625 0.47201349375 0.3684779234375 0.45758217968750003 0.37409620781249997 0.44661666406249995 0.345351146875 0.4225186703125 0.3238782984375 0.44282833593750004 0.3311046390625 0.4587329203125 0.3512185390625 0.47201349375
0 0.587263990625 0.6674254203125 0.59579028125 0.6780975312499999 0.645898603125 0.7166501578125 0.6854705015625 0.6624009484375 0.638091278125 0.6240340109375 0.6519590453124999 0.604755928125 0.61586101875 0.5729093953125 0.605458196875 0.5609987484375 0.595678990625 0.568769503125 0.6385205375 0.605205209375 0.587263990625 0.6674254203125
1 0.6671972734375 0.6993995953125001 0.6520762 0.7206583703125 0.6683208078125 0.734860015625 0.677466171875 0.7417241609375 0.6872712625 0.7669575984375 0.698280446875 0.7533623875 0.7386434000000001 0.69705374375 0.744171203125 0.6863487546875 0.7177391156249999 0.6888876703125 0.6903153390625001 0.668911796875 0.6671972734375 0.6993995953125001
3 0.7991170703125 0.575183840625 0.786711090625 0.56723160625 0.7195099265625 0.6599149515625 0.70545185 0.6776810375 0.716221253125 0.6876585296875 0.7313883890625 0.6711043984375 0.7692667156249999 0.6159246921875 0.7991170703125 0.575183840625
2 0.7171110140625 0.6893819625 0.7398595140625 0.6879513984375001 0.7434919296875 0.6871875890625 0.7561270734375001 0.6709661812500001 0.8108609921875001 0.597168328125 0.8181779921875 0.5859076265625001 0.8088133640624999 0.5793712484375 0.8009693796875 0.573542859375 0.7225113203125 0.681442715625 0.7171110140625 0.6893819625
2 0.7420373687499999 0.6293981359374999 0.771605471875 0.58588549375 0.785762603125 0.5664635375 0.7709029000000001 0.5544303859374999 0.7631464640625001 0.565948140625 0.69984585625 0.654461171875 0.689725021875 0.66825224375 0.704976528125 0.6785086312499999 0.7420373687499999 0.6293981359374999
2 0.67851498125 0.7780488453125 0.68709753125 0.7659311921875 0.6779245296874999 0.7437617171875 0.6683235140625 0.7556179843749999 0.661310675 0.766298290625 0.6489013140625 0.7829693734375 0.6647721343749999 0.7963666328125 0.6711728234375001 0.788462440625 0.67851498125 0.7780488453125
3 0.6354611234374999 0.7726310421875 0.6489013140625 0.7829693734375 0.6785205796875 0.7436990671875 0.666272453125 0.73323544375 0.6354611234374999 0.7726310421875
2 0.6451768921875 0.730330534375 0.6285975328125 0.7524151625 0.6225961875 0.76137798125 0.635398478125 0.7720349921875 0.6511334796875 0.752603884375 0.666601778125 0.733502125 0.6518442656250001 0.7220970140625 0.6451768921875 0.730330534375
5 0.48548945625 0.6063701 0.49300451875 0.6250216890625 0.5001607515625001 0.6270468890625 0.5090534625 0.6191688515625 0.49192388437499995 0.6015277890624999 0.48548945625 0.6063701
4 0.393914475 0.5146217265625 0.3897091078125 0.5262998421875 0.4036707703125 0.5376057734375 0.41632480312500003 0.5486233546875 0.4170101546875 0.559195871875 0.42607515781250005 0.5603719796875 0.44940070781249997 0.5068264453125 0.43448547031249996 0.4986012171875 0.42015952656250005 0.48686710624999996 0.40265673125 0.5036498453125 0.393914475 0.5146217265625
5 0.41380349843750003 0.4528182703125 0.41004182031249997 0.469877740625 0.4208112234375 0.4798552328125 0.43787484218749995 0.45723164687500006 0.4226962109375 0.4449402328125 0.41380349843750003 0.4528182703125