4 0.49609375 0.4775390625 0.494938090625 0.42081852656249996 0.43700412499999997 0.4235435296875 0.408037165625 0.4232028953125 0.360667615625 0.42388414062499996 0.31023104687499997 0.42490601874999995 0.3118642390625 0.4687326609375 0.291792334375 0.47038917500000005 0.291015625 0.5009765625 0.2958984375 0.5078125 0.310546875 0.5068359375 0.311769884375 0.5523999078124999 0.330308246875 0.5502822296875001 0.3387829296875 0.5531940140625 0.35520261249999996 0.5531940140625 0.4441867484375 0.5523999078124999 0.49344583281250004 0.55054694375 0.49768315625000004 0.5471057671875 0.498046875 0.5400390625 0.49609375 0.4775390625
5 0.6884765625 0.46875 0.666015625 0.4736328125 0.66796875 0.5615234375 0.677734375 0.5634765625 0.75390625 0.5615234375 0.755859375 0.4775390625 0.7509765625 0.470703125 0.6884765625 0.46875
0 0.22165276718750002 0.47060114999999997 0.2421875 0.4697265625 0.23968430000000002 0.46279597031249997 0.2314453125 0.45703125 0.22188179843750003 0.4532275390625 0.22165276718750002 0.47060114999999997
0 0.29157182187499997 0.5124292515625 0.28918831875 0.5021057124999999 0.2844213125 0.5015762921875 0.28515625 0.4931640625 0.2666015625 0.490234375 0.26429395312500004 0.5047527734374999 0.2791246578125 0.5060762984375 0.2791246578125 0.5537234234375 0.29296875 0.5537109375 0.3095703125 0.552734375 0.310546875 0.5478515625 0.3074618578125 0.5121645453125 0.29157182187499997 0.5124292515625
0 0.6456755234375 0.4763155015625 0.630598459375 0.4944347265625 0.5756966593749999 0.49391703593749997 0.5829478484374999 0.5060827984375 0.64930111875 0.5071181874999999 0.6524087546875 0.5115185624999999 0.666393175 0.5112597171875 0.6653572953125 0.467255890625 0.6586240640625001 0.466220509375 0.650336996875 0.47191511875 0.6456755234375 0.4763155015625
2 0.1895935453125 0.45365169375000003 0.2138858171875 0.45208519843749995 0.213102171875 0.4125313859375 0.1885663734375 0.41371839687499995 0.1895935453125 0.45365169375000003
3 0.189453125 0.4541015625 0.1885663734375 0.41318241875000006 0.168726184375 0.412646459375 0.168726184375 0.45445147500000005 0.189453125 0.4541015625
2 0.1605995640625 0.45678467031250003 0.168043978125 0.45521818906249994 0.168043978125 0.4129230203125 0.1547224140625 0.4125313859375 0.1547224140625 0.456001415625 0.1605995640625 0.45678467031250003
1 0.21460675937499998 0.469314759375 0.2140851484375 0.4607122875 0.21460675937499998 0.45210980625 0.2021484375 0.453125 0.1924382078125 0.45341321562500003 0.18451287656249998 0.4540515 0.168121346875 0.4555787828125 0.16256488593750001 0.4566895390625 0.1546469375 0.45655070000000003 0.154882034375 0.46983612968750005 0.16796875 0.4697265625 0.177572215625 0.47009680937500004 0.1861788515625 0.46983612968750005 0.1958286734375 0.4687934 0.21460675937499998 0.469314759375
5 0.582911209375 0.5656915890625 0.58203125 0.5576171875 0.58203125 0.5029296875 0.5751953125 0.494140625 0.5400390625 0.490234375 0.5283203125 0.484375 0.5009765625 0.484375 0.498046875 0.4873046875 0.5 0.5322265625 0.49609375 0.5478515625 0.49609375 0.5673828125 0.51171875 0.5673828125 0.5361328125 0.56640625 0.5634765625 0.56640625 0.5740507375 0.566372846875 0.582911209375 0.5656915890625
0 0.7803503609375 0.4072289640625 0.72032843125 0.4092800171875 0.70339918125 0.42415007187500003 0.685956871875 0.45389021406249996 0.6695406453125 0.4574795265625 0.666462609375 0.47183683125 0.7059641937500001 0.46876027656249997 0.7244324796875 0.46927305312499995 0.73930970625 0.46927305312499995 0.7444398015625 0.45132640156250003 0.75367394375 0.43902013437500004 0.7803503609375 0.43902013437500004 0.7803503609375 0.4072289640625
6 0.7813763734375 0.58259320625 0.7789535234375 0.440558428125 0.763050284375 0.4400456703125 0.7654730984375 0.583618759375 0.7813763734375 0.58259320625
3 0.17276450625 0.5436411359375 0.17444250781249998 0.5682397953125 0.1733238140625 0.5984290578125 0.1923410296875 0.598988134375 0.19010371875 0.494443834375 0.19010371875 0.46984515625 0.1718087703125 0.4701152890625 0.17276450625 0.5436411359375
2 0.1909447328125 0.46872703906249996 0.19318208125 0.598988134375 0.2060466359375 0.5995471734375 0.21555529999999998 0.6001062515625 0.2138772984375 0.4692861171875 0.2021313609375 0.46816798125 0.1909447328125 0.46872703906249996
2 0.15556246093749998 0.46984907500000006 0.15769311875 0.59869226875 0.1739394640625 0.5984260734375 0.1721974 0.5740503546875 0.1710097828125 0.469582871875 0.165416778125 0.46984907500000006 0.15556246093749998 0.46984907500000006