4 0.41280720937500004 0.3649335546875 0.3604803328125 0.36917818125 0.34576768593749996 0.5149349125 0.3535870609375 0.526402240625 0.40546198125000005 0.5297422828125 0.4029962796875 0.6003257765625001 0.4084929046875 0.6047278390625 0.48188195 0.606247084375 0.5224010453125 0.6137132171874999 0.5275206156250001 0.61122024375 0.524236928125 0.5815241734375001 0.5357646734375 0.5393998375 0.58724041875 0.544883675 0.5965918265625 0.5388397671875 0.6073764859375 0.381956159375 0.5567884734375 0.3775302828125 0.5507079640625 0.35739245 0.4596008546875 0.345500440625 0.4279590921875 0.3486139015625 0.41280720937500004 0.3649335546875
0 0.6530535203125 0.5545627453125 0.607244628125 0.5515352796874999 0.6039133125 0.6120219812500001 0.5921055328125 0.6237327421875001 0.419109103125 0.6066369296875 0.32409072656250004 0.599433790625 0.322516665625 0.6353498203125 0.32216750781250003 0.6572651328125 0.6475694625 0.6841665203125 0.6573219609375001 0.5617982359375 0.6530535203125 0.5545627453125
1 0.6914160046875 0.685032596875 0.6961149828125001 0.6338126828124999 0.6623311562499999 0.6324965265625 0.6532793203125 0.682858696875 0.6914160046875 0.685032596875
2 0.70430840625 0.3385453140625 0.6849515046875 0.626954246875 0.6941326875 0.6228560328125 0.6994590875 0.6292037890625 0.7028031921875 0.6245948968749999 0.7271217046875 0.391452215625 0.7239025421874999 0.340259578125 0.70430840625 0.3385453140625
3 0.6796201296875 0.634009115625 0.7004468484374999 0.342857825 0.6892236546875 0.3383881453125 0.6636855671874999 0.6302898203125 0.6796201296875 0.634009115625
3 0.4946365078125 0.3190387703125 0.5007609468750001 0.3021356984375 0.6817189046875 0.31796746875 0.686287046875 0.30557864375 0.592405853125 0.295360925 0.48834294062500005 0.284773 0.3439653734375 0.27562937656250003 0.3471626296875 0.292185365625 0.4843217828125 0.3041852359375 0.4808053296875 0.3178287 0.4946365078125 0.3190387703125
2 0.5694711984375 0.3109996734375 0.5026001359375 0.302208334375 0.5000101421875 0.32060730312499996 0.559268659375 0.32677204375 0.566333921875 0.324449296875 0.5694711984375 0.3109996734375
2 0.4814409484375 0.3199630015625 0.48403094218750004 0.301564034375 0.4502366578125 0.2956665390625 0.4513678234375 0.3163516515625 0.4814409484375 0.3199630015625
2 0.5916883453125 0.292357271875 0.5992642874999999 0.28419744687500004 0.5187733765625 0.274214525 0.51491859375 0.284660496875 0.5916883453125 0.292357271875
2 0.42766626875 0.26232251562500003 0.4241519375 0.2688771015625 0.43709088281249997 0.2778514546875 0.47300108593749995 0.2819734828125 0.47525062812499996 0.26746590000000003 0.42766626875 0.26232251562500003
2 0.3525383609375 0.26947377499999997 0.3767744078125 0.272574446875 0.395173375 0.275164440625 0.39885793281250004 0.2666641625 0.3945894921875 0.25942867187499996 0.3694657109375 0.255270040625 0.346494453125 0.260122365625 0.3525383609375 0.26947377499999997