4 0.6775114624999999 0.537467884375 0.7055883484375001 0.51695088125 0.694570765625 0.4686854078125 0.638571934375 0.3094074875 0.599260578125 0.315851965625 0.4755946328125 0.3594141859375 0.4983114296875 0.4364257796875 0.517353640625 0.45077095624999997 0.5262271968750001 0.4764869296875 0.5629607531249999 0.515878846875 0.6003201734375 0.5093662046875 0.6139713234374999 0.5381804875 0.6284404296874999 0.5435715484375 0.6600122078124999 0.5349024828125 0.6775114624999999 0.537467884375
5 0.57783261875 0.6776292140625 0.6030156843750001 0.656033996875 0.5995889546875001 0.642234125 0.5717971171875 0.6266062453125001 0.571196046875 0.6158365203125 0.5542978640625 0.6240408421875 0.5468867046875 0.640393721875 0.5279126562500001 0.624096609375 0.5090625390625 0.63223276875 0.5376599359374999 0.6527745671875 0.5561568421875001 0.682735225 0.56038913125 0.7014490171875 0.568196871875 0.7017216703125 0.5813275109375 0.6894771515625 0.57783261875 0.6776292140625
0 0.8224736859374999 0.43122152187499996 0.8375421187500001 0.42362591250000003 0.8299007062499999 0.40998201874999995 0.8176127921875 0.3789767421875 0.8130996578125 0.3577980453125 0.7079988515625 0.39195886406249997 0.6751443703125 0.4093775578125 0.699813103125 0.4864573140625 0.708313778125 0.5141859156249999 0.7387443031250001 0.504260259375 0.7689144921875 0.4881147375 0.7833623265625 0.470942409375 0.79006244375 0.45684383124999994 0.8010550296875 0.442895115625 0.8224736859374999 0.43122152187499996
6 0.657014571875 0.3559427046875 0.6590517421875 0.365978709375 0.66704308125 0.3696020109375 0.6802078328125 0.38917185781249997 0.684494009375 0.403176353125 0.6966484625 0.3969802015625 0.6813156031250001 0.3711239 0.6783935921875 0.3590780453125 0.673080903125 0.35653898125 0.657014571875 0.3559427046875
6 0.7366148234375001 0.5238972953125 0.7362864046875 0.5053198296875 0.72133239375 0.5105917953125 0.7234004890625 0.5197412953125 0.7159964249999999 0.526649015625 0.7068179078125 0.529672765625 0.6801696015625 0.5406860328125 0.654114859375 0.5483757265625 0.62998453125 0.5556548546875 0.6343540203125 0.567273521875 0.693667603125 0.5507124078125 0.71010023125 0.5450754734375 0.7280469593750001 0.5371026421875 0.7366148234375001 0.5238972953125
5 0.49876377656250004 0.4794365171875 0.50736468125 0.51296023125 0.5160461453125 0.5161948671875 0.537790084375 0.5091369203125 0.5401456296875 0.49729781875 0.5194239328125 0.46178455312500005 0.5019242984375001 0.456290709375 0.4948387328125 0.467029446875 0.49876377656250004 0.4794365171875
5 0.5676701828125 0.5209290921874999 0.5591932078124999 0.51183865 0.547481596875 0.511429671875 0.5442469609375 0.5201111359375 0.5572970390624999 0.53815569375 0.5699505359375 0.539574721875 0.5676701828125 0.5209290921874999
5 0.6638579234375 0.2916591984375 0.6568575 0.29995958125 0.6513524359375 0.300377703125 0.6436230265625 0.2946146796875 0.6363406609375 0.27605000468749996 0.6276187453125 0.281238534375 0.6271291265625 0.2952593859375 0.6387082609375 0.30550361718749997 0.6619269937500001 0.3121773796875 0.6700073875 0.30464229062500003 0.67167249375 0.294983825 0.6638579234375 0.2916591984375
5 0.703710796875 0.34685986562500004 0.7098392546875 0.3392566140625 0.708228134375 0.329428775 0.698619684375 0.3233434796875 0.6888068953125 0.32483181875 0.6860929203125 0.332671521875 0.691999184375 0.34645088749999997 0.703710796875 0.34685986562500004
6 0.8126535968749999 0.2467548296875 0.8065264671874999 0.2746901796875 0.8040167984375 0.30116590468750004 0.806500359375 0.3321771734375 0.8105999734375 0.350954384375 0.8089270624999999 0.3080773546875 0.81354015625 0.2781068125 0.8229857656249999 0.2459262484375 0.8274276859375 0.2322049484375 0.8159358031249999 0.23220015 0.8126535968749999 0.2467548296875
3 0.8177968546875001 0.3385058734375 0.81759575625 0.3476966375 0.8188068109375 0.352833421875 0.8207939218750001 0.356210115625 0.8279812609375 0.352886109375 0.8259353859375 0.34720092812500003 0.8249485953125 0.34061118437500004 0.823444134375 0.33498829375 0.822654915625 0.3265845421875 0.82084255625 0.31369356718749997 0.8217145859375 0.29878380625 0.8241765187500001 0.2685665234375 0.8208342375000001 0.2787155875 0.8190381328124999 0.28990195937499996 0.8171419703125 0.3111394828125 0.8167409546875 0.3226230921875 0.8164862984375001 0.331532128125 0.8177968546875001 0.3385058734375
2 0.8513404578125 0.24607205156249998 0.8564944593750001 0.22789580312500002 0.83647498125 0.226266365625 0.8233382546874999 0.27127419218750004 0.8213256296875 0.28784561875 0.820595084375 0.30876569531250003 0.8214368359374999 0.32572369375 0.8252592828124999 0.34766355 0.8276270703125 0.35377168281250004 0.832913053125 0.35022622187499997 0.845737321875 0.337162175 0.842787734375 0.30969875625 0.8430119609375 0.290982040625 0.8450285609374999 0.274296646875 0.8513404578125 0.24607205156249998
1 0.8722184468749999 0.41592836718750004 0.8889267937499999 0.4187538671875 0.8955892796875 0.4204811984375 0.8846198140625001 0.41374577031250004 0.8721109796875 0.39761483124999997 0.8594246203125 0.37587268749999997 0.84936253125 0.35384850625 0.84621866875 0.3369236078125 0.8376861046874999 0.34596735 0.8201355250000001 0.3565645796875 0.8239993921875 0.3742619296875 0.8302333718750001 0.38938728437500003 0.8352277890625001 0.4056686 0.8443793015625 0.421682246875 0.8639595515625 0.41713463125 0.8722184468749999 0.41592836718750004
2 0.8804259859375 0.435112146875 0.900554284375 0.4494271125 0.9154355875 0.436313321875 0.9121896078124999 0.43437661875 0.9061998687499999 0.4303549609375 0.9028520078125 0.42659132499999997 0.8941589796875 0.4193258125 0.8898008984375 0.4160241734375 0.88748678125 0.41720890937500005 0.8807721624999999 0.4169744296875 0.8738683187499999 0.41673415937499997 0.8677420375 0.4157720484375 0.8609752890625 0.4170304171875 0.872890896875 0.4270317546875 0.8804259859375 0.435112146875
3 0.856060878125 0.4332841421875 0.8648570843750001 0.44200539218749996 0.870951615625 0.4469200875 0.87854516875 0.45376789687499997 0.88494715625 0.45885006562499997 0.9006358484374999 0.44921053593750004 0.894508525 0.4452350546875 0.8889851875 0.44190758125 0.8827451296875 0.43667433593749994 0.8785422140625 0.43309205000000006 0.8725791640624999 0.42722903749999996 0.86696495625 0.422017646875 0.8617873421875 0.41776188437500006 0.8562510078125 0.41929258281250004 0.85088206875 0.4205156578125 0.84504920625 0.42156580000000005 0.84974103125 0.4262748 0.856060878125 0.4332841421875