4 0.4184124140625 0.5137108109375 0.4420873171875 0.5851158187500001 0.4747300359375 0.5792905046875 0.49122425625000005 0.5730606859375 0.5119708265625 0.5690918375 0.5196234937499999 0.567525696875 0.5384009609375 0.56041783125 0.5583178296875 0.5537351515625 0.5913823218750001 0.5454068328125 0.6148804125 0.538402734375 0.6175512359375 0.5304378984375 0.58401463125 0.41406433125 0.5795386890625001 0.40183834999999996 0.5507812109375 0.4089070578125 0.5294821390625 0.41476813906250004 0.5165900828125001 0.4173179671875 0.5053833875 0.42074419843750005 0.48257845625 0.43801062812499997 0.46242438437500005 0.43387808281250007 0.42506872968750004 0.445298853125 0.40518594375 0.45276930000000004 0.4184124140625 0.5137108109375
5 0.5120755578125 0.252245309375 0.5082923625 0.279952715625 0.5154541578125 0.290017334375 0.5541065578125 0.27615774375 0.5339952453125 0.240437871875 0.5120755578125 0.252245309375
0 0.591505953125 0.7187800640625001 0.5873198953125 0.733118315625 0.609711753125 0.7262724375 0.6207213859375 0.7245147078125 0.638750840625 0.7200237328125 0.6617556953125 0.7154414 0.65462110625 0.67840910625 0.6440519859375 0.6450051953125 0.638060990625 0.62424340625 0.63292164375 0.6074333625 0.6198174609375 0.5879524953125 0.578155203125 0.598647559375 0.5629534296875 0.60218740625 0.5748657125000001 0.6313099421875 0.5983735515624999 0.654758375 0.6057970515625 0.6790395499999999 0.6057587843750001 0.706669075 0.591505953125 0.7187800640625001
1 0.6890279328125 0.7369832125 0.6816622125 0.733455178125 0.6646677984375 0.721290775 0.601440475 0.7361800234375 0.5812415390625 0.76533994375 0.6534908046875 0.7481951421875 0.6890279328125 0.7369832125
5 0.6143965203125 0.53624448125 0.574355915625 0.5512758765625 0.55394555 0.55751595 0.5347160921875 0.561535140625 0.5399647812499999 0.58782780625 0.545354375 0.6084978859375 0.57452895625 0.600508259375 0.6229819890625 0.5849426359375001 0.621086065625 0.561166725 0.6143965203125 0.53624448125
6 0.6720947109375001 0.7014870078125 0.65995510625 0.7031580421875 0.6629738749999999 0.7157016171875 0.6864853078125 0.70851345 0.68403700625 0.69783588125 0.6720947109375001 0.7014870078125
6 0.46365381718750004 0.7517472515625 0.4502187125 0.755854775 0.45292611406249994 0.766045096875 0.4744265375 0.76028790625 0.49516357187500004 0.7547321171875 0.49466986718749995 0.749777140625 0.48857281406249997 0.7465352796875 0.480416775 0.747846509375 0.46365381718750004 0.7517472515625
2 0.5069706593750001 0.771966196875 0.5065546390625 0.7686096359375 0.50492645625 0.75994084375 0.49674703593749997 0.7612173046875 0.47774487031249996 0.7658026125 0.448407309375 0.773955828125 0.45373894375 0.7927296265625 0.484911615625 0.7852395453125001 0.50290825625 0.781369746875 0.5075420484375 0.7785195875 0.5069706593750001 0.771966196875
2 0.6991252046875001 0.722645971875 0.6964416546875001 0.713097653125 0.6674764421875 0.721670415625 0.6707648515625 0.724532634375 0.673203671875 0.7258293796874999 0.6737747109375001 0.7276971624999999 0.6810911749999999 0.7315873953125 0.683107246875 0.738854525 0.7026351187500001 0.7333555625 0.7014821171875 0.7314803578125 0.6991252046875001 0.722645971875
5 0.3947084296875 0.39943702812500004 0.411345878125 0.4505155328125 0.42320094687500004 0.44586989218750006 0.4356166390625 0.4414025421875 0.47530258906249995 0.4329764984375 0.4679980296875 0.40868683125 0.4594324515625 0.380670090625 0.3947084296875 0.39943702812500004
5 0.4892514171875 0.44814227031250004 0.4971092171875 0.43042214999999995 0.49059579218750005 0.41913812031250003 0.4713469265625 0.422980721875 0.4662372828125 0.4296488125 0.482428659375 0.44920701406249997 0.4892514171875 0.44814227031250004