4 0.583984375 0.4775390625 0.578125 0.4248046875 0.6171875 0.4072265625 0.5908203125 0.3203125 0.5527205609375 0.330089034375 0.5439453125 0.31640625 0.5126953125 0.3203125 0.45609149374999997 0.3415533765625 0.46090319687500003 0.3629465265625 0.38671875 0.3876953125 0.41796875 0.4794921875 0.423828125 0.5224609375 0.4296875 0.5244140625 0.5009765625 0.501953125 0.5107421875 0.5 0.54919008125 0.489377075 0.583984375 0.4775390625
5 0.61328125 0.5595703125 0.63671875 0.5224609375 0.5927734375 0.494140625 0.568359375 0.5322265625 0.61328125 0.5595703125
0 0.5546661453125 0.32855350156249996 0.5882406640625 0.3187269171875 0.5669495390625 0.2523975046875 0.5534937265625001 0.2456302703125 0.5283203125 0.255859375 0.5126953125 0.259765625 0.447800971875 0.27737338437500003 0.451171875 0.3017578125 0.458984375 0.3291015625 0.45271429531249996 0.3363328625 0.43592703593750004 0.341246146875 0.44247816249999994 0.36826925 0.4594508453125 0.3626894625 0.45558041562499996 0.341246146875 0.5400390625 0.314453125 0.5546661453125 0.32855350156249996
5 0.561738028125 0.48473506093749996 0.5556935984375 0.486200359375 0.54683431875 0.4880269421875 0.54488119375 0.4899800671875 0.54097494375 0.4899800671875 0.53902181875 0.4919331921875 0.527104990625 0.4952940265625 0.5182040890625 0.496565575 0.4897211625 0.5062293234374999 0.49811346093750003 0.5143672015625 0.5138807796875 0.5143672015625 0.5184584078125 0.5204706203125 0.5240532625000001 0.5194533796874999 0.5367688515625 0.5184361562500001 0.55584221875 0.5130956609374999 0.5601655109375 0.5110611890625 0.5695750515625 0.5062293234374999 0.5652517609375 0.49275094062499997 0.561738028125 0.48473506093749996
5 0.5380859375 0.6328125 0.544921875 0.6279296875 0.544921875 0.6220703125 0.5302734375 0.611328125 0.5244140625 0.611328125 0.5146484375 0.619140625 0.4873046875 0.595703125 0.4755859375 0.59375 0.453125 0.6201171875 0.451171875 0.6259765625 0.44140625 0.6376953125 0.44140625 0.6435546875 0.4462890625 0.6484375 0.4716796875 0.66015625 0.4755859375 0.6640625 0.4775390625 0.66015625 0.4873046875 0.658203125 0.5029296875 0.669921875 0.5078125 0.6689453125 0.521484375 0.6513671875 0.52734375 0.6396484375 0.5341796875 0.6328125 0.5380859375 0.6328125
1 0.49609375 0.2119140625 0.5076041578125 0.1887758859375 0.451171875 0.2041015625 0.4080663734375 0.2158176484375 0.43510845624999994 0.232502984375 0.44488960468750005 0.2704765078125 0.491493984375 0.258394028125 0.54212590625 0.2428594015625 0.504727334375 0.2330783375 0.49609375 0.2119140625
2 0.5380859375 0.1796875 0.5244140625 0.18359375 0.5113193593750001 0.1876036109375 0.5055687468750001 0.19335416249999998 0.498046875 0.2080078125 0.496942828125 0.21348107968750002 0.5231400515625 0.2067721078125 0.5972590859375 0.185367271875 0.5905500078125 0.16396244843750002 0.5649917390625 0.171629853125 0.5483788765625001 0.1773804046875 0.5380859375 0.1796875
3 0.52952961875 0.20389683125000002 0.51591426875 0.209442875 0.49790124843749994 0.21443951249999998 0.5010960437499999 0.22402376093749998 0.5045891140625 0.22735883124999998 0.5103174796875 0.22569577187499998 0.60192749375 0.19893756406250002 0.5972590859375 0.1856867578125 0.5791015625 0.19140625 0.52952961875 0.20389683125000002
2 0.6018320546875 0.199575196875 0.5908203125 0.201171875 0.5791737984374999 0.2055729015625 0.558959121875 0.21134846093749998 0.5465192921875001 0.2155690671875 0.5280817250000001 0.22067822499999998 0.502757803125 0.22778661875 0.5058677453125 0.23245150468750003 0.5118655140625 0.235339284375 0.5287481328125 0.239337753125 0.5418543703124999 0.24266980624999998 0.6042755734374999 0.22401027812500002 0.6113840734375 0.2222331875 0.60546875 0.2080078125 0.6018320546875 0.199575196875
5 0.40234375 0.4658203125 0.40625 0.4912109375 0.4140625 0.4931640625 0.419921875 0.4892578125 0.41796875 0.4716796875 0.4072265625 0.462890625 0.40234375 0.4658203125
3 0.435706565625 0.23295693437499998 0.40866679375 0.236712428125 0.360596115625 0.24872996249999998 0.32083598750000003 0.2629735765625 0.2971162921875 0.2746186578125 0.27287598125 0.2862538671875 0.258816640625 0.293041103125 0.2510597078125 0.29788909375 0.24427241406250003 0.303221915625 0.2355459046875 0.31291791406249997 0.25252069375 0.32201337343750003 0.26366465 0.30855470625 0.280632915625 0.2983738921875 0.29469225468750004 0.290617075 0.31020605625000003 0.2828602734375 0.324983446875 0.2774893703125 0.3651027265625 0.2630008109375 0.40190685000000004 0.2532365515625 0.43833543593749996 0.24722777499999998 0.435706565625 0.23295693437499998
3 0.3568013234375 0.7047123671875 0.3448831328125 0.680379625 0.3297914921875 0.64834745625 0.312604709375 0.6036203437500001 0.2962171609375 0.5638933796875001 0.2818159703125 0.5236699 0.27238078125 0.49685423437500004 0.2550000171875 0.4496785375 0.24357843437499999 0.40498576249999996 0.2381159296875 0.384257809375 0.23612953593750002 0.359428490625 0.2420886484375 0.33857186562499997 0.2296738515625 0.3301298953125 0.222721559375 0.3539660609375 0.22123180781250001 0.376312440625 0.22470795312499997 0.396672471875 0.2296738515625 0.4155427515625 0.23910910937500002 0.44669901406249996 0.2614557359375 0.515030521875 0.2857887578125 0.5847500296875 0.2935402828125 0.6066342046875 0.3024789328125 0.6245113156250001 0.307941471875 0.6374225453125 0.317873303125 0.6637416265625 0.3352539984375 0.69999243125 0.350648334375 0.7287944328125 0.368222940625 0.7618198046875 0.3839200046875 0.794948915625 0.39931434062500004 0.7865069609375 0.38838933125 0.7643552875 0.375974534375 0.74101573125 0.3568013234375 0.7047123671875
2 0.338338115625 0.6079225078125 0.31284552187500003 0.5344167390625 0.2818975828125 0.43248704687500006 0.2712391328125 0.39573415624999997 0.27087158906250003 0.381057921875 0.274914446875 0.3615789 0.284837834375 0.3395271609375 0.29953916875000003 0.3218857765625 0.32048852499999997 0.30828720781249996 0.3329846703125 0.3027742828125 0.3598145296875 0.295791221875 0.4009782046875 0.284030303125 0.43221854375 0.2744745375 0.4450821828125 0.2707992625 0.43846659062500004 0.24727740156250003 0.40575617656249996 0.2531578796875 0.3638574140625 0.26381620156249996 0.314240478125 0.2810900578125 0.2811625203125 0.2968938046875 0.2605806828125 0.311227428125 0.24881962500000002 0.3299180609375 0.2418364890625 0.3391347046875 0.2363235296875 0.35824621093750003 0.23705856718749999 0.37478501249999996 0.2411014265625 0.3927939234375 0.24918714375 0.42366634843749995 0.2565377984375 0.45417125937499997 0.27792992031249997 0.512732528125 0.31150820625 0.5998368765625 0.327679690625 0.6432053 0.3401757859375 0.6692340203125 0.36406544531249996 0.7172371890625 0.384765625 0.7568359375 0.4004511734375 0.7859651000000001 0.412109375 0.7783203125 0.400390625 0.7548828125 0.3611251421875 0.6672532703125 0.338338115625 0.6079225078125
2 0.36117135 0.74826805 0.3455140375 0.718988090625 0.328426059375 0.686394721875 0.31696475468749996 0.66266166875 0.3060981625 0.6338655640625 0.30293375624999996 0.625638121875 0.2905924109375 0.5990751375000001 0.27856756250000003 0.5623680140625 0.26116313125 0.5171170046875 0.2461934421875 0.47235165781250005 0.23362989218750002 0.43074330781250003 0.22393036249999998 0.3965122921875 0.22122347968749997 0.37257228124999997 0.22291860312499998 0.3479931765625 0.2284277671875 0.330194503125 0.20978135625 0.3242616078125 0.2063911109375 0.334008503125 0.2025770703125 0.3484169375 0.202153275 0.3674869375 0.204893365625 0.3909132484375 0.21599841562500002 0.43583677187500003 0.225518928125 0.468703240625 0.2431258375 0.519332103125 0.2583549796875 0.5586973656249999 0.26686812187500003 0.586668534375 0.2754031125 0.607302584375 0.285403459375 0.629751840625 0.29141590625 0.6436752390625 0.2957629671875 0.6528520046875 0.3001931890625 0.6636109984375 0.3053256375 0.675952178125 0.3173505296875 0.7015838578125 0.3338055984375 0.7351265765624999 0.33950159062499996 0.748733503125 0.3467798078125 0.759808959375 0.3496278046875 0.7689857124999999 0.35575973125 0.7796960296875 0.36186083125 0.7934997625 0.3676931984375 0.8035980015625 0.38368225 0.795182803125 0.380526534375 0.7888714046875 0.374273390625 0.77401576875 0.36117135 0.74826805
2 0.3486441265625 0.23397075625000002 0.3167269375 0.24604738906249998 0.28826026875 0.2581240375 0.2671259375 0.2706319625 0.2528926171875 0.27796420624999996 0.23736535 0.2904721609375 0.22744514374999997 0.2999609390625 0.2179562640625 0.31031234531249996 0.2347774515625 0.31548805468749996 0.24642290312499998 0.3021174875 0.2636754171875 0.2904721609375 0.2899855140625 0.27796420624999996 0.3219026734375 0.2628684109375 0.35080066875 0.2520857140625 0.37581684531250004 0.24475346875 0.402558209375 0.23742124062499997 0.4349066953125 0.23224552968749998 0.409459221875 0.21714973437500001 0.3801299296875 0.22577591406250003 0.3486441265625 0.23397075625000002