4 0.349609375 0.4443359375 0.353515625 0.4189453125 0.31803619843750003 0.4037425734375 0.322265625 0.3916015625 0.3515625 0.2958984375 0.3023340546875 0.273144475 0.2490234375 0.26171875 0.22261554687500001 0.33111744375 0.2121474515625 0.328701896875 0.20449768437500002 0.3497635234375 0.198055809375 0.37271115625 0.20812126250000001 0.3755292828125 0.177734375 0.4619140625 0.169469884375 0.4955011171875 0.217522178125 0.5108385531249999 0.2632800015625 0.5277083296875 0.275390625 0.5224609375 0.296875 0.4619140625 0.3017578125 0.45703125 0.3388671875 0.466796875 0.349609375 0.4443359375
0 0.1025390625 0.46875 0.1688976640625 0.49119223281249996 0.1914443234375 0.4207389859375 0.0811267796875 0.3792722109375 0.0561644671875 0.45214100625000003 0.1025390625 0.46875
1 0 0.45102244062499997 0.0185316109375 0.4409576875 0.049533221875 0.45061986093749995 0.057585598437499996 0.426867046875 0.07449556874999999 0.3757380984375 0.0439453125 0.3671875 0.0289996734375 0.334271325 0 0.432503303125 0 0.45102244062499997
3 0.058793457812500005 0.37095979843750004 0.1155626984375 0.1937587921875 0.10106841562499999 0.1885251078125 0.0434939234375 0.3665313 0.058793457812500005 0.37095979843750004
2 0.0440179046875 0.3653821859375 0.1009366703125 0.18868173906250002 0.08008849999999999 0.179416553125 0.030119115624999998 0.3352703015625 0.0440179046875 0.3653821859375
2 0.11582820468749999 0.1936452359375 0.1102025109375 0.21118292031250002 0.103515625 0.2294921875 0.08984375 0.2744140625 0.059240328125 0.37133837187499996 0.073800975 0.37464736875 0.10060575468749999 0.2922533578125 0.115497290625 0.25022907499999997 0.1317125125 0.198277834375 0.11582820468749999 0.1936452359375
2 0.019860475 0.4918846546875 0.0337592640625 0.496186340625 0.04296875 0.4658203125 0.048319884375 0.45085308749999997 0.033428321875 0.44588959062500005 0.029296875 0.4619140625 0.019860475 0.4918846546875
3 0.0193291234375 0.491169853125 0.033392703125 0.44565367343749995 0.0185546875 0.44140625 0.0046696546875 0.48628371093749995 0.0193291234375 0.491169853125
2 0 0.48542144687500005 0.005531978125 0.48628371093749995 0.007256628125 0.47708626406250004 0.0101310109375 0.4673139796875 0.013292875000000001 0.458403946875 0.0178919078125 0.4414461671875 0.0084063625 0.446044884375 0 0.4501953125 0 0.48542144687500005
5 0.341796875 0.3818359375 0.345703125 0.3740234375 0.3330078125 0.369140625 0.330078125 0.3779296875 0.341796875 0.3818359375
5 0.2875851078125 0.49280888437500003 0.2750814078125 0.5286890671875 0.3185725390625 0.546629159375 0.347929053125 0.5585892203125 0.37184917500000003 0.48954705 0.3310762390625 0.47541243125 0.2979142515625 0.46019053593750003 0.2875851078125 0.49280888437500003