4 0.38205294843750004 0.6361855750000001 0.4174308171875 0.666888471875 0.4342863125 0.653550621875 0.4825334359375 0.5990578109375 0.5556773203125001 0.5100439406249999 0.5496244265625 0.498103378125 0.5574178187500001 0.48930013125 0.5187940515625 0.4518924 0.5302197234375 0.43850325312500005 0.5011508124999999 0.40800667031250004 0.47301488437500006 0.38764174375 0.3193791171875 0.5683060484375 0.3223223875 0.579732928125 0.3653213546875 0.6170636328125 0.38205294843750004 0.6361855750000001
0 0.322453471875 0.6696316718750001 0.36379450156250004 0.6261792921875 0.34914500312499996 0.6123744234374999 0.3086110984375 0.6540175031250001 0.2943295390625 0.668575884375 0.30730855468749996 0.68354990625 0.322453471875 0.6696316718750001
6 0.3897613953125 0.7663939921875 0.2604421375 0.6382357 0.24924292656249997 0.6511353890625 0.382290296875 0.776475109375 0.3897613953125 0.7663939921875
2 0.3612097875 0.7962155234375 0.379156203125 0.7843855343749999 0.29032078906250003 0.7049850203125 0.28198824375 0.7257969390625 0.3612097875 0.7962155234375
2 0.2547903109375 0.6759126046875 0.23116245625 0.6602675953125 0.21747334375 0.6733232124999999 0.235105140625 0.6863243640625 0.2547903109375 0.6759126046875
1 0.2881295421875 0.70436094375 0.25891031249999996 0.678187134375 0.2347439421875 0.6882178328124999 0.269702709375 0.7189183828125 0.2881295421875 0.70436094375
3 0.389266265625 0.7855434781249999 0.4088473875 0.8036513671875 0.6227692546875 0.5637366890625 0.7870592296875001 0.3794228359375 0.7660397015625 0.3602471328125 0.389266265625 0.7855434781249999
2 0.794483259375 0.3880594984375 0.789657578125 0.383137696875 0.42694768749999995 0.7887931140625 0.433382071875 0.8030763671875001 0.794483259375 0.3880594984375
2 0.6337715859374999 0.1927379703125 0.619846303125 0.2167433640625 0.6585334421875 0.2532728921875 0.6782186125 0.24286113281250002 0.6809318640625001 0.22747351093749998 0.6337715859374999 0.1927379703125
2 0.7851445078125 0.2944387625 0.7711158609375001 0.30088978125 0.778019871875 0.3179731859375 0.7845823765625 0.320121959375 0.7889937609375 0.31197515781249996 0.7851445078125 0.2944387625
3 0.8147330171875 0.28801831875 0.7940787625 0.2662652859375 0.7884222390625 0.27022602500000004 0.802569415625 0.30246938125 0.8147330171875 0.28801831875