4 0.4493103546875 0.41024786718749995 0.4289660234375 0.40634125 0.40353101249999995 0.48020988906250006 0.40274286249999997 0.4974966625 0.54860296875 0.5508188234375 0.6200194703124999 0.5743766640625 0.649022415625 0.57713335 0.6782726796875 0.492184415625 0.6758814531249999 0.48413122187499996 0.66047185 0.48089093437499997 0.657475203125 0.4715964453125 0.45987659531249997 0.40355778750000004 0.4493103546875 0.41024786718749995
0 0.3929038625 0.49307599062499996 0.39907988437499997 0.4931369 0.4017147515625 0.4764860015625 0.36907928437500004 0.4662815421875 0.3664444171875 0.48293244062499996 0.3929038625 0.49307599062499996
0 0.7271594515625 0.6081694203125 0.7334572953125 0.595878284375 0.73043019375 0.5896718062499999 0.654684384375 0.5666889296875001 0.6520495171875 0.583339828125 0.7271594515625 0.6081694203125
5 0.35463688125 0.4902279390625 0.36272053125000003 0.4847487015625 0.39015453437500003 0.3960758796875 0.28549714375 0.361072284375 0.25367292343750003 0.45649609375000005 0.35463688125 0.4902279390625
1 0.2573772015625 0.368470659375 0.24993353749999997 0.36456680625 0.22612445937499998 0.43151790625 0.2212739875 0.4454192 0.23303821406249997 0.44422943437500007 0.24701330000000002 0.44284184218749995 0.2686330609375 0.3800534984375 0.26243317187500004 0.3766166375 0.2573772015625 0.368470659375
2 0.22449760625 0.4839183921875 0.23193807031250002 0.48626354687499995 0.24739213593749998 0.4425316890625 0.2360156625 0.44293638125 0.22212651249999998 0.44478090625 0.21398191875 0.47278153281249996 0.2117869609375 0.47982989218750005 0.22449760625 0.4839183921875
2 0.261822009375 0.3755273109375 0.268973296875 0.38041951875 0.2707347296875 0.37594549375 0.277058509375 0.357579903125 0.28330777500000004 0.3400722171875 0.28427276562500003 0.33598663281249996 0.2742012078125 0.33251871875 0.26861024843750003 0.33015181875 0.26433364375 0.328458365625 0.2506306859375 0.3650470453125 0.2588549703125 0.369456803125 0.261822009375 0.3755273109375
3 0.2108025421875 0.48201511249999995 0.207623165625 0.4912486921875 0.2094394265625 0.49497257968749997 0.2260598703125 0.5006954578125 0.227301165625 0.5000900374999999 0.23175229375 0.48716302499999997 0.2311468734375 0.4859217296875 0.21452642968750002 0.48019885156250003 0.2108025421875 0.48201511249999995
5 0.26387370468750004 0.48686215468749994 0.25833355625 0.484954528125 0.255850965625 0.48616536874999994 0.2466173859375 0.48298599218750005 0.24289349843750002 0.48480225312499997 0.239714121875 0.49403583281249996 0.2403195421875 0.49527712968750004 0.2735604296875 0.506722884375 0.274801725 0.5061174640625 0.2779811015625 0.49688388437500003 0.27495400000000003 0.49067740625 0.27126056875 0.48940565625000004 0.26877797812500004 0.490616496875 0.26508454531250003 0.4893447453125 0.26387370468750004 0.48686215468749994
5 0.273895434375 0.47275475624999996 0.2807377875 0.4678809390625 0.26720535624999997 0.46218851718750004 0.26526727499999997 0.47081667656250004 0.273895434375 0.47275475624999996
0 0.143353465625 0 0 0.41632869531249994 0 0.7645483265624999 0.046060965625 0.7774859890625 0.056596751562500006 0.773883921875 0.0698283125 0.7474549328125 0.2745801609375 0.15281239062500002 0.3115486140625 0.0994403578125 0.312428128125 0.07288954843749999 0.29284149375 0.054784170312500005 0.28070263125 0.03304626875 0.29393419375 0.0066172796875 0.2958593 0 0.143353465625 0