4 0.2992997296875 0.483550471875 0.306557003125 0.4900849515625 0.44315003593749996 0.56313828125 0.46464446875 0.5246717984375 0.51124144375 0.542974203125 0.5556817625 0.4673481328125 0.6308741546875 0.5035134 0.6565783921875 0.46620925468749996 0.6851191234375 0.403863115625 0.6036872359375 0.3541952140625 0.582638209375 0.3483835296875 0.54954386875 0.3238416296875 0.5385104671875001 0.324419865625 0.4999717046875 0.301546259375 0.48820964218749996 0.31460935156250003 0.48515630937500004 0.33551381875 0.45930751406250003 0.3700596140625 0.44696135156250005 0.3983659140625 0.3772133796875 0.360532353125 0.3661076984375 0.3597314140625 0.3064183078125 0.46104999218750004 0.2992997296875 0.483550471875
0 0.19415523437499999 0.4196175984375 0.2208296078125 0.43496203906249997 0.24383026718749998 0.44796235781249993 0.2658725140625 0.46202710312499995 0.28168538593750003 0.47337398750000004 0.28668994531249997 0.4817349125 0.34592602656250004 0.3704698328125 0.3447695546875 0.3484030296875 0.3630660953125 0.3280826625 0.43333761718749997 0.29674062343749996 0.4879263890625 0.2828160421875 0.49938415625 0.2776350109375 0.5234503562499999 0.27232078125000003 0.581860728125 0.2543827765625 0.6340572453125 0.23323180468750002 0.6095998296875 0.222682103125 0.58049953125 0.1962291953125 0.5651777953125 0.1999385625 0.3600303546875 0.270157303125 0.23957467187499998 0.33812392343750003 0.229191709375 0.35286746875 0.22445251093750002 0.3688379171875 0.19415523437499999 0.4196175984375
6 0.51733638125 0.5537184859375001 0.5286589 0.5586569515625001 0.5505870093749999 0.5284655203125 0.5580213296875 0.512307346875 0.5562647875 0.498197709375 0.561642821875 0.48472985468749996 0.5509945187499999 0.4751420796875 0.5352051078125 0.498846459375 0.5388004140625 0.5133110140625 0.5331560328125 0.5313575234375 0.51733638125 0.5537184859375001
5 0.45738132968749995 0.544413928125 0.44919004687499997 0.564651984375 0.427611846875 0.5833140890624999 0.42139592031250006 0.5955204890625 0.37528820625 0.567496665625 0.35920796250000003 0.5896384328125001 0.3458961359375 0.61620034375 0.3732093640625 0.6340473578125 0.3934098546875 0.6431909953125 0.393988090625 0.654224396875 0.40843035937499994 0.665914178125 0.5932061953125001 0.766601996875 0.61616226875 0.724175571875 0.6612589671875 0.6346854703125 0.47030572812500004 0.52714103125 0.45738132968749995 0.544413928125
5 0.44434946562500005 0.7179673046875 0.42439049687499997 0.706566640625 0.41552765 0.7193442343750001 0.4071534109375 0.7354143578125 0.402229696875 0.74849839375 0.41422197031249997 0.7554881484375 0.44434946562500005 0.7179673046875
6 0.267940096875 0.49210877656249996 0.26300163125 0.503431296875 0.268952009375 0.5114172296875 0.372956659375 0.5695828859375001 0.3899066671875 0.5751767703125 0.41287459687499994 0.5923842140625 0.4212219265625 0.5933297125 0.437922453125 0.5689441000000001 0.4361096015625 0.560741328125 0.286598034375 0.47868428749999997 0.278250703125 0.47773878906249995 0.267940096875 0.49210877656249996
5 0.1982644046875 0.4556543921875 0.192241746875 0.44628928281249997 0.158129628125 0.42871553906250004 0.14498839218749998 0.4418509109375 0.155148575 0.45099917968750003 0.18788151875 0.4686452046875 0.1982644046875 0.4556543921875
5 0.1110208328125 0.427035515625 0.13090752187500002 0.4370570046875 0.143759640625 0.41840493125 0.1252521265625 0.4083111640625 0.1052150140625 0.42180793281250006 0.1110208328125 0.427035515625
5 0.6146014421875 0.5624506734375 0.6447987375 0.5581021734375 0.6556211656250001 0.527109803125 0.6243396765625 0.5107706734375 0.607783709375 0.5379146375 0.6146014421875 0.5624506734375
6 0.59162084375 0.349630059375 0.6088572765625 0.3595453296875 0.60911643125 0.3270858625 0.5986882203125 0.311585340625 0.58076480625 0.286248365625 0.5793192171875 0.2586648609375 0.532933215625 0.27077659062500004 0.552247053125 0.2833530765625 0.5783591703125001 0.31246901718750003 0.5911570296875001 0.33146489687499997 0.59162084375 0.349630059375
2 0.5877099828125 0.1903289078125 0.602528459375 0.177316140625 0.6137066734375 0.16490147500000002 0.6038996796875 0.156846371875 0.593150525 0.1463926375 0.57606345 0.12403094218749999 0.5631294078125 0.1340895 0.5485671421875 0.1468735234375 0.561072621875 0.164794228125 0.5715647234375 0.1781171265625 0.5877099828125 0.1903289078125
1 0.6232594437500001 0.14710795625 0.6131500671875 0.16207483125 0.60526946875 0.1751332078125 0.586810921875 0.1905070390625 0.5927613 0.19849297187499998 0.610193171875 0.21444864218749998 0.6272348156249999 0.22296259375 0.6454532125 0.2275396609375 0.6826245281250001 0.19793232968750002 0.6873461546875 0.18247228437500002 0.6714367234374999 0.1765736328125 0.6513085484375 0.166201715625 0.6232594437500001 0.14710795625
2 0.7380297875 0.2481616671875 0.7388451093749999 0.201611134375 0.7197015328125 0.2022028203125 0.7016287515624999 0.199882859375 0.68544043125 0.19460872812500002 0.6695083453125 0.209719425 0.642312746875 0.2278660859375 0.661070590625 0.2354538265625 0.683558296875 0.2421382171875 0.7380297875 0.2481616671875