4 0.5160236578124999 0.5912120359374999 0.5325644109375001 0.563536984375 0.4609604375 0.541968090625 0.43724482968749995 0.5151126328125 0.416628015625 0.5264297921875001 0.41018132500000004 0.5239551390625 0.39604557812499996 0.5033539828125 0.3778312578125 0.4849092796875 0.3607703875 0.4754015765625 0.354415128125 0.4611274296875 0.3337857203125 0.4532085421875 0.3192564828125 0.4635288390625 0.30673480937500003 0.48128709374999995 0.25065326718750003 0.5426015515625 0.21568346875 0.5913095109375 0.3138023671875 0.674832871875 0.37186363125 0.6083610625 0.3684779546875 0.5863508875 0.453898925 0.6605619984375 0.46054106875 0.65867370625 0.47441171562499995 0.6418082890625 0.48964919062499995 0.61988710625 0.5013499390625 0.6060086625000001 0.5160236578124999 0.5912120359374999
5 0.4846634515625 0.5495875015625 0.5374222859375 0.5624431000000001 0.5608006359375 0.5285168109375 0.5654378703125 0.493313778125 0.5771207484375 0.46673261093749996 0.4967908859375 0.44477281093750004 0.4883644734375 0.447455509375 0.4839101 0.4590595515625 0.46809751093749996 0.538790459375 0.4846634515625 0.5495875015625
0 0.458577215625 0.5366152843750001 0.4652193578125 0.5347269921875 0.47006463906249996 0.5143970625 0.4763780296875 0.4927248015625 0.4829403484375 0.46000359375000005 0.48574618750000004 0.44683455156249996 0.46221380312499993 0.4280541765625 0.4065175984375 0.410048853125 0.37103471718750003 0.40241683593750005 0.34137994374999997 0.39103343437500004 0.244701675 0.367875196875 0.24142312812500002 0.3778121171875 0.2260936 0.40639845 0.265703059375 0.4174790265625 0.26299638125 0.4284366734375 0.294060790625 0.43736186093749996 0.32188220156249997 0.4456805609375 0.356199396875 0.460333021875 0.3617602484375 0.47282290156249995 0.3946630875 0.4965981109375 0.4048777375 0.5158898390625 0.41774963749999994 0.5253295421875 0.43645042187499994 0.5133283640624999 0.458577215625 0.5366152843750001
3 0.14143601875 0.479112434375 0.1752440359375 0.45647480625 0.18871466875 0.44190070312499996 0.20366915 0.42539765 0.218429753125 0.4025715328125 0.19872565625 0.397257353125 0.196771496875 0.40625451718749994 0.1603618265625 0.450248278125 0.13650203125 0.46559673906250004 0.14143601875 0.479112434375
2 0.12920176249999998 0.4455492328125 0.1363007109375 0.46514456718749997 0.15037783437500002 0.45655111875000004 0.1607911703125 0.4503234 0.1781114484375 0.42897128906250004 0.1955667546875 0.4084163421875 0.1991366421875 0.3975579171875 0.1792606140625 0.3894539390625 0.16365697343750002 0.41341272343749996 0.14171214062499998 0.43717203906249996 0.12920176249999998 0.4455492328125
1 0.179934590625 0.38912606875 0.219748584375 0.40553367500000004 0.231212446875 0.3812892234375 0.23927236093749998 0.36541620625000004 0.2138353515625 0.3545273640625 0.19388043125 0.34986662812499997 0.179934590625 0.38912606875
5 0.361244825 0.6223337296875 0.3773905328125 0.642777446875 0.3873943265625 0.6469924140625001 0.3938075640625 0.6552469734375 0.3957998796875 0.6693256671875 0.40551011406250004 0.6828132484375 0.4240738859375 0.6920136343750001 0.43834803281249995 0.6856583734374999 0.4502389953125 0.6834874 0.4560551140625 0.6624763921875 0.4255324015625 0.63651395625 0.38042817812499996 0.5997057421875 0.361244825 0.6223337296875
5 0.27722970625 0.48961174375 0.28701642656250004 0.501825071875 0.3312308796875 0.451481825 0.3200979328125 0.44647496875000003 0.27722970625 0.48961174375
2 0.196100365625 0.3387513609375 0.193842240625 0.349524778125 0.2147098609375 0.35434329062500003 0.21822742968750003 0.345179809375 0.2193781515625 0.3343567640625 0.1965469078125 0.3287845140625 0.196100365625 0.3387513609375
3 0.232580621875 0.3507486125 0.2342324546875 0.3421239296875 0.23463255 0.3381471125 0.21915169531249998 0.3344575890625 0.21536438593749999 0.3545945546875 0.22165850312500002 0.357761578125 0.2286319953125 0.36062613906249996 0.2306009 0.3559059640625 0.232580621875 0.3507486125
2 0.23835420156249998 0.364127396875 0.24279990312500002 0.35023329687500004 0.24576926875 0.34084588125000004 0.24122905625 0.3401177625 0.2349201171875 0.3387107015625 0.233632446875 0.345699634375 0.231190125 0.3550356984375 0.22898350937499998 0.36078404375 0.23835420156249998 0.364127396875