4 0.27693357343749997 0.5989816984375 0.3059169953125 0.58945555625 0.3197856296875 0.5635753984375 0.33469099375 0.5544646421875 0.33147609375 0.491424053125 0.27247251875 0.4937069375 0.263667240625 0.4248700109375 0.2507271625 0.41793569374999995 0.19193127968749998 0.42725760468749996 0.178266875 0.42332530312500005 0.14690278437499998 0.4348184609375 0.15643065625000002 0.482227628125 0.145459325 0.496099725 0.1444260578125 0.5161818125 0.1556068125 0.5277744890625 0.154374509375 0.6329462703125001 0.164417284375 0.6518886484374999 0.271140696875 0.6414235640625 0.27838568750000003 0.62982915625 0.27693357343749997 0.5989816984375
5 0.61406705625 0.42618278906249996 0.67379495625 0.42089789218749996 0.67109841875 0.366242003125 0.6056771624999999 0.371423921875 0.601744859375 0.38508832656249997 0.61406705625 0.42618278906249996
0 0.1010236125 0.6420898328125 0.122694021875 0.639967828125 0.1512695125 0.6379153015625 0.1502310515625 0.6027201578125 0.128910334375 0.60538124375 0.111514203125 0.6055026359375 0.10555890625 0.6053536640625 0.09718241718750001 0.606439678125 0.1010236125 0.6420898328125
5 0.65267786875 0.42152096875 0.6519552734375 0.442948728125 0.6798007171875 0.4407722875 0.6781426421875001 0.4213115453125 0.65267786875 0.42152096875
6 0.124998971875 0.5176294015625 0.0895134359375 0.519909840625 0.09033534843749999 0.528574834375 0.12817502187500002 0.52560324375 0.1405669015625 0.524959840625 0.1409166828125 0.5405222671875001 0.1466218875 0.58436488125 0.14705881406250002 0.602858725 0.15400143125000001 0.604799478125 0.1538516734375 0.539015028125 0.1537621375 0.5284101875 0.1439263015625 0.5126741703125 0.124998971875 0.5176294015625
3 0.0824060796875 0.529748496875 0.0819291421875 0.5212990671875 0.07338944375 0.523268853125 0.063389209375 0.5240988875 0.054894612499999995 0.52310633125 0.053167178125000006 0.51435498125 0.053078837499999997 0.5075868531250001 0.0489156625 0.50764849375 0.046426910937499996 0.505602178125 0.0398741484375 0.5016712796875 0.0396679296875 0.5106018234375 0.041700571874999995 0.523492696875 0.0422211015625 0.53340785625 0.0446445125 0.561773925 0.0495313484375 0.6084616421875 0.0629408734375 0.607730428125 0.057057821875000005 0.54651485 0.055674164062499996 0.5341423578125 0.068220590625 0.53095381875 0.0824060796875 0.529748496875
1 0.031592975 0.66080790625 0.035334093750000004 0.6575941249999999 0.042462928125 0.6522118140625001 0.0504676 0.6473211578125 0.0680857328125 0.6459645203125 0.0934129921875 0.6428300515625 0.093114703125 0.6371477984375 0.0921733109375 0.6294149484375 0.09219486875 0.6192610828125 0.0902884765625 0.6073529265625 0.0791164375 0.6077990953125 0.0666947234375 0.609249478125 0.06075978125 0.6084116296875 0.055308007812500004 0.6090435171874999 0.046674981250000004 0.6089534140625 0.0432651390625 0.6095706437499999 0.0379172625 0.607388903125 0.031007034375 0.6041092625 0.025598528125 0.6031459296875 0.0263143734375 0.611619090625 0.028297059375 0.630444740625 0.0305274078125 0.6510739109375 0.031592975 0.66080790625
2 0.0055715296875 0.3994826046875 0.012541620312499998 0.454499015625 0.025242620312500002 0.590564753125 0.0269442 0.60283525625 0.04384494375 0.608584796875 0.0488846328125 0.6092973625 0.0473352296875 0.58678845 0.0394602375 0.50356279375 0.038550525 0.48045225468749997 0.036787507812499995 0.4604165015625 0.0347560265625 0.4451367359375 0.032914764062500004 0.42708052968750004 0.0293468796875 0.3966912625 0.0055715296875 0.3994826046875
2 0.08029976093749999 0.508242275 0.0764295859375 0.5073078890625 0.0672218375 0.5069954562500001 0.0530549015625 0.5082834125 0.053012409375 0.5146873828125 0.0554838296875 0.523404190625 0.061021839062500007 0.523649475 0.0669601078125 0.523650196875 0.0711412515625 0.5232949359375 0.077168203125 0.52236176875 0.08168279375000001 0.5214728796875 0.08081239375 0.5117778609375 0.08029976093749999 0.508242275
2 0.084191771875 0.538445546875 0.0833219875 0.5307295359374999 0.079523165625 0.52974843125 0.0667972328125 0.5310388078125 0.055699959375 0.5337502484375001 0.0564136515625 0.5401320734375 0.0577086140625 0.5562755828125 0.061809685937500004 0.5845602984375 0.06321828125 0.608441965625 0.0686676109375 0.6096211359375 0.077340859375 0.60762095 0.09004040468749999 0.6078893437499999 0.0878325421875 0.5884547984374999 0.08698092187499999 0.5676417765624999 0.084191771875 0.538445546875
3 0.054963465625 0.6747582078125001 0.0568265234375 0.692305909375 0.071879146875 0.6910269125 0.07072016249999999 0.6717821828125 0.069276096875 0.662688053125 0.0688544609375 0.6456848828124999 0.058573889062499995 0.6467403203125001 0.052360415625000004 0.6464193484375 0.0539675296875 0.664631421875 0.054963465625 0.6747582078125001
2 0.032436790625 0.669602184375 0.033859190625 0.6811598046875 0.033126287500000004 0.693167575 0.056794160937500004 0.69121719375 0.055004259374999996 0.681400821875 0.054175221875 0.6716704515624999 0.0538395171875 0.6651517859375 0.0521041359375 0.6462592078125 0.0400961765625 0.6540708421875 0.0328279015625 0.660570209375 0.032436790625 0.669602184375
2 0.0863088625 0.6434135249999999 0.07642855625 0.645271928125 0.06895068125 0.64610116875 0.069338175 0.6563158921875 0.0713927609375 0.67184630625 0.071556378125 0.682989621875 0.07229546249999999 0.6909309 0.09919776875 0.6877961406249999 0.0966170875 0.6774633265625 0.09669448124999999 0.6712730203125 0.09578805 0.6677329546874999 0.093162565625 0.6427099171874999 0.0863088625 0.6434135249999999