4 0.36404264375 0.365238978125 0.35207138437499996 0.37459195156249997 0.336566571875 0.5409344703125 0.46751665625000005 0.55752843125 0.4670062546875 0.5719403421875 0.4880943703125 0.5745296375 0.493590475 0.56021458125 0.5280086234375 0.5683761828125 0.5350144546875 0.559397428125 0.5562024953125 0.55511171875 0.5790211203125 0.46542723906249994 0.5854134671875 0.397339378125 0.5678301734375 0.38829314843749996 0.5068843359375 0.37982604375 0.36404264375 0.365238978125
5 0.279840209375 0.634326771875 0.2976271703125 0.6256878765625 0.301401228125 0.57892425 0.280008278125 0.54481284375 0.265350015625 0.5439969312499999 0.24613489843749997 0.5642672281250001 0.2324880875 0.5882994593750001 0.22795273906250002 0.63988695 0.2523111828125 0.6392816640625 0.279840209375 0.634326771875
0 0.5860600687499999 0.41611280156249997 0.5797352 0.4596115390625 0.5742262421875 0.4884520140625 0.5925236125 0.4916825453125 0.6075420484375 0.46962585937499995 0.702715171875 0.475695478125 0.73795414375 0.4085764125 0.7274048875 0.4108381484375 0.6642824578125001 0.404071584375 0.61816909375 0.3992072515625 0.5890380640624999 0.394731453125 0.5860600687499999 0.41611280156249997
0 0.7331692921874999 0.4951261234375 0.7967768984375 0.403856403125 0.749166640625 0.4122573515625 0.7149683453125 0.4747590671875 0.7331692921874999 0.4951261234375
2 0.7519940109375 0.41090562343750003 0.793656015625 0.4081499046875 0.801274090625 0.4021980125 0.8321250828125001 0.35833293906249997 0.8026411093749999 0.35082728125 0.7982803453125 0.3624745734375 0.7519940109375 0.41090562343750003
2 0.7292772203125 0.4917475390625 0.7143416890625 0.47986277343749995 0.705403415625 0.54194660625 0.7077581421875 0.5703632078124999 0.7209463078125 0.5595973734374999 0.7292772203125 0.4917475390625
6 0.6807807890625 0.5424427515625 0.6828203359375 0.5175280328125 0.70963481875 0.4760469328125 0.6936345828125 0.4775322109375 0.6878188828125 0.4768181328125 0.669964446875 0.51004615 0.6638188 0.5435979921875 0.669489634375 0.5700055265625 0.682685384375 0.5667062781250001 0.6807807890625 0.5424427515625
6 0.7364854765625 0.409001415625 0.7969159218749999 0.35530496718750004 0.78082626875 0.354624546875 0.7318807015625 0.41078247343749996 0.7364854765625 0.409001415625
5 0.7009790328125 0.4016900828125 0.7031212671875 0.38424298281249997 0.6876127328125 0.3823387734375 0.6882593359375 0.40111219687500005 0.7009790328125 0.4016900828125
5 0.75553004375 0.3660805640625 0.7602230890625 0.3518983515625 0.7458028515625 0.3491438734375 0.7432863984375 0.36162554375 0.75553004375 0.3660805640625
5 0.6556435609375 0.38628462343750003 0.641223325 0.3835301453125 0.6374823828125 0.38995808906249996 0.649249975 0.3982902421875 0.6566300234375 0.3942769171875 0.6556435609375 0.38628462343750003
5 0.4746427796875 0.3699639 0.472193803125 0.35785644843750003 0.45838581093749997 0.35812883281249996 0.4578079234375 0.37084852968750004 0.4746427796875 0.3699639
5 0.426892690625 0.3581975484375 0.42638228125 0.346328121875 0.41862801406249994 0.34537601875 0.415873534375 0.35979625625 0.426892690625 0.3581975484375