4 0.5625 0.4521484375 0.5419921875 0.4453125 0.5361328125 0.435546875 0.5009765625 0.439453125 0.497265990625 0.4245749640625 0.4760195078125 0.4245749640625 0.474769734375 0.438941653125 0.3427734375 0.439453125 0.337890625 0.6064453125 0.3486328125 0.6171875 0.4921875 0.6201171875 0.5537109375 0.619140625 0.572265625 0.6123046875 0.57421875 0.5439453125 0.5625 0.4521484375
5 0.2711315828125 0.331570846875 0.24702846875 0.328001525 0.24524307812499999 0.3797572109375 0.255859375 0.4052734375 0.2724609375 0.427734375 0.287109375 0.4287109375 0.3125 0.3974609375 0.314453125 0.3505859375 0.2978515625 0.33984375 0.2711315828125 0.331570846875
0 0.5908203125 0.51953125 0.572265625 0.5205078125 0.57421875 0.5498046875 0.5751953125 0.59375 0.5755453796875 0.6153349015625 0.6050047328125 0.61444264375 0.6513671875 0.615234375 0.71484375 0.6162109375 0.7250387375 0.6197414453125 0.6982421875 0.548828125 0.6030387703125 0.543253815625 0.5908203125 0.51953125
0 0.7828478109375 0.6315949625 0.7308373078125 0.5332537359375 0.7102899078125 0.5512508421875 0.7366162515625 0.617454403125 0.7828478109375 0.6315949625
2 0.779296875 0.6728515625 0.7822056875000001 0.68494348125 0.8123846015625 0.6810869625 0.787109375 0.6337890625 0.7802734375 0.626953125 0.7392578125 0.619140625 0.779296875 0.6728515625
2 0.7102899078125 0.5461088078125 0.7265625 0.5361328125 0.7265625 0.4677734375 0.7147846625 0.4554806171875 0.708984375 0.4833984375 0.7102899078125 0.5461088078125
6 0.689453125 0.4560546875 0.6767578125 0.451171875 0.667910978125 0.4766914703125 0.669921875 0.5107421875 0.68359375 0.5458984375 0.689453125 0.5458984375 0.7051530875 0.5493225828125 0.68359375 0.5048828125 0.684605746875 0.479905246875 0.689453125 0.4560546875
6 0.7770688671875 0.679801446875 0.7236328125 0.619140625 0.7192794171875 0.6168116609375 0.7610162218750001 0.6785159593750001 0.7770688671875 0.679801446875
5 0.6875 0.6396484375 0.6875 0.6220703125 0.6748046875 0.62109375 0.671875 0.6396484375 0.6875 0.6396484375
5 0.740234375 0.6787109375 0.7373046875 0.6640625 0.724609375 0.6669921875 0.7255859375 0.6796875 0.740234375 0.6787109375
5 0.6259765625 0.6328125 0.640625 0.6318359375 0.642578125 0.6240234375 0.6357421875 0.619140625 0.623046875 0.6259765625 0.6259765625 0.6328125
5 0.455078125 0.6376953125 0.458984375 0.6259765625 0.4423828125 0.623046875 0.44140625 0.6357421875 0.455078125 0.6376953125
5 0.408203125 0.6435546875 0.41015625 0.6318359375 0.3994140625 0.62890625 0.400390625 0.6435546875 0.408203125 0.6435546875