4 0.4622994328125 0.42376164374999997 0.45268629374999997 0.43060445156249993 0.480663765625 0.5694180578125 0.49214027343750005 0.572161453125 0.4967821625 0.603418321875 0.5448891125 0.5927481734375 0.5545022515625 0.5859053656250001 0.545849946875 0.5567471484375 0.5903460890625001 0.5451134515625 0.5638862484375 0.4089893703125 0.5581614625 0.40512795312499994 0.4622994328125 0.42376164374999997
5 0.38434345312499996 0.247905371875 0.3801093625 0.2517129171875 0.3879624484375 0.28699553125 0.4113150734375 0.2894201234375 0.42654525468750004 0.3063564875 0.4268640578125 0.31823260468750003 0.43674212656250005 0.333224790625 0.48504581562500004 0.3258251859375 0.4889072328125 0.3201004 0.47288225781250004 0.2376590546875 0.46715747187499995 0.23379763750000002 0.38434345312499996 0.247905371875
6 0.5689849828125 0.7670627999999999 0.53375834375 0.5969014578125 0.524172140625 0.5987648265625001 0.5268793656249999 0.6139409171875 0.5574848828125 0.76944239375 0.563429753125 0.7681426265625 0.5689849828125 0.7670627999999999
0 0.47531222812499996 0.78759055625 0.525022328125 0.775953346875 0.523908815625 0.7679185203125 0.4880645828125 0.5952949328125 0.494879478125 0.5921137843750001 0.4913922234375 0.569096725 0.4784584484375 0.571939903125 0.45161810312500006 0.427089371875 0.47901757656250005 0.41913064999999994 0.47424588749999996 0.387720415625 0.5372801171875 0.3757747515625 0.52639643125 0.3229400953125 0.48068329062500004 0.33243981875 0.47881880781249997 0.32758348593750003 0.39686199375000003 0.343207284375 0.40979115000000005 0.41130054843749997 0.40151250781250003 0.412909753125 0.404403821875 0.4246271609375 0.4602157 0.714911496875 0.47531222812499996 0.78759055625
3 0.5734684296875 0.790128134375 0.572469103125 0.784987046875 0.570748221875 0.7746509359375 0.5684170078124999 0.7752048328125001 0.5583338125 0.77677565 0.559063046875 0.7805272375000001 0.5604906703125 0.788613196875 0.561578690625 0.7927276296875 0.5637294359375 0.7920334515625 0.5734684296875 0.790128134375
2 0.64156756875 0.7757075875 0.6401450875 0.7697771999999999 0.6382243046875 0.759895628125 0.5704368515625 0.7733420484375 0.5738812171875 0.7896741046875 0.620615496875 0.7803200078125 0.64156756875 0.7757075875
2 0.5416536468750001 0.7960722921875 0.54455703125 0.795760190625 0.5609398359375 0.7920927484375 0.5582671015625 0.77715653125 0.53622835625 0.7812097390625 0.531383675 0.7823821390625 0.5325934906249999 0.7886061015625 0.5349977625 0.792644121875 0.538432634375 0.7949609718749999 0.5416536468750001 0.7960722921875
1 0.476753453125 0.8046055015625001 0.47391317187500004 0.8097259687499999 0.48320533125000004 0.8076857531250001 0.5276989921874999 0.7980773875 0.5400963703125 0.7951873671875 0.5349977625 0.792644121875 0.5323351749999999 0.7891823140625001 0.529860359375 0.782770240625 0.5120508874999999 0.786713078125 0.47592695156250003 0.7947157093749999 0.476777759375 0.80003240625 0.476753453125 0.8046055015625001
2 0.47073731093750004 0.8072669359375 0.4714987171875 0.8103526140625 0.4714381515625 0.8100410312499999 0.473619128125 0.809549121875 0.47735113125 0.8038794484375 0.47681893124999997 0.7986473234375 0.4754389453125 0.7948734625 0.47245423437499995 0.7944835203125 0.46837516093750003 0.7951147328125 0.4691279640625 0.7998189296875 0.4699802109375 0.803371996875 0.47073731093750004 0.8072669359375
6 0.555647209375 0.58667765 0.593619346875 0.5773069328125 0.5921555875 0.56465853125 0.55266581875 0.571339725 0.555647209375 0.58667765
5 0.47880925 0.4165730984375 0.5298024625 0.40765586249999997 0.49654483281250006 0.395218521875 0.4792896671875 0.3985725859375 0.47880925 0.4165730984375