4 0.5048828125 0.3515625 0.4453125 0.3603515625 0.447265625 0.5185546875 0.4560546875 0.53515625 0.623046875 0.5341796875 0.626953125 0.4462890625 0.65234375 0.4404296875 0.6513671875 0.3515625 0.5048828125 0.3515625
5 0.23046875 0.3974609375 0.267578125 0.3994140625 0.28515625 0.3974609375 0.283203125 0.3564453125 0.2314453125 0.35546875 0.23046875 0.3974609375
0 0.7734375 0.4072265625 0.7718323375 0.3667013234375 0.6884765625 0.37109375 0.654296875 0.3662109375 0.654296875 0.4384765625 0.6494140625 0.4453125 0.626953125 0.4501953125 0.626953125 0.4775390625 0.6494140625 0.490234375 0.6640625 0.4912109375 0.6943359375 0.462890625 0.7275390625 0.451171875 0.773931434375 0.44646373749999996 0.7734375 0.4072265625
5 0.44140625 0.3935546875 0.3955078125 0.392578125 0.3916015625 0.412109375 0.2783203125 0.416015625 0.279296875 0.5263671875 0.298828125 0.5283203125 0.3837890625 0.5234375 0.3935546875 0.51171875 0.4423828125 0.515625 0.44140625 0.3935546875
6 0.6593938109375 0.4989066484375 0.6635736234375 0.491511671875 0.6492838 0.48969286093750003 0.6478189296875 0.5005142484375 0.64331758125 0.514018134375 0.64267455625 0.5304157109375 0.6401023265625 0.5378107 0.6349579546874999 0.5390967796874999 0.6288489796875 0.536203090625 0.6272413515624999 0.5268789828125 0.6159880046875 0.5352385203125001 0.621132421875 0.5429550390625 0.6256337249999999 0.5493854578125 0.638173209375 0.5529221859375 0.6484375 0.5498046875 0.654570928125 0.5349170109375 0.6532848359375001 0.51723334375 0.65553553125 0.5072661968750001 0.6593938109375 0.4989066484375
1 0.783203125 0.4423828125 0.8069912031250001 0.45800826875 0.8046875 0.3681640625 0.792297884375 0.364077553125 0.7823274625 0.36460232187499997 0.783203125 0.4423828125
6 0.7654175328124999 0.366937925 0.7731798046875 0.36560726718750003 0.7729580484375 0.346977996875 0.7660828609375 0.346977996875 0.7665264328125 0.3576232953125 0.7654175328124999 0.366937925
6 0.7684192671875001 0.4485081078125 0.7714896140625 0.5822373296875 0.76953125 0.6044921875 0.7694427 0.61737535625 0.7633020078125 0.6279508765624999 0.7489737078125 0.6398909734375 0.7354495828125 0.6451415734375 0.7038744015625 0.6462750296875 0.4740071421875 0.6511488046875 0.5483777546875 0.6514899375 0.6097846828125 0.6511488046875 0.6633451671875 0.6494430703125 0.6755376796875 0.649675403125 0.7145176234374999 0.6487608046875 0.7260579875000001 0.6482181015624999 0.7317253484374999 0.6482181015624999 0.7365830625 0.647894246875 0.7545566499999999 0.6470846328125 0.7776303062500001 0.64637275625 0.7769479859375 0.5914482703124999 0.77734375 0.5634765625 0.774559959375 0.44339091406250003 0.7684192671875001 0.4485081078125
5 0.8066918390625 0.46015530312499997 0.8017578125 0.455078125 0.78880404375 0.44624273593749997 0.7828414265625 0.44266521406250003 0.7820463890625 0.47088786562499996 0.7848289109375 0.585766040625 0.7844313921875 0.6211437328125 0.7848289109375 0.645788890625 0.7899965453125 0.65175144375 0.8007292218750001 0.6338638390625 0.806640625 0.6142578125 0.8086793234374999 0.599281121875 0.8066918390625 0.46015530312499997
2 0.78109613125 0.3399796390625 0.783203125 0.3603515625 0.7834811890625 0.3650222828125 0.7926238453125001 0.3654197703125 0.8041515609375001 0.365817271875 0.8029590593749999 0.338787121875 0.7934188828125001 0.3383896078125 0.7861328125 0.33984375 0.78109613125 0.3399796390625
2 0.76953125 0.6630859375 0.76468264375 0.65431784375 0.7490234375 0.65625 0.7317904703125 0.6606438812500001 0.7119140625 0.662109375 0.22146347500000002 0.670314671875 0.22215899375 0.6911800921875 0.302734375 0.6904296875 0.7294921875 0.68359375 0.7581957625 0.6779653234375 0.771062975 0.6692713921875 0.76953125 0.6630859375
3 0.711791371875 0.661272984375 0.736134709375 0.6605774734375001 0.7451171875 0.65625 0.6912735234375 0.6557088671875 0.2627581796875 0.6637072875000001 0.222417928125 0.66335951875 0.22207015624999998 0.6689236359375 0.23667612968750001 0.6692713921875 0.2717999765625 0.6689236359375 0.47002368906249997 0.6654460656250001 0.61123123125 0.6637072875000001 0.6530198046875 0.6630117640625001 0.711791371875 0.661272984375
3 0.7863850203125 0.6508071203125 0.7847644734375 0.654210175 0.773582875 0.6551824796875 0.7653182359375 0.6543722187500001 0.7687213203125001 0.660692184375 0.7693695265625 0.6639331890625 0.7706659375 0.6665259953125 0.7718003375 0.6681464921875 0.7883296375 0.655992721875 0.78978810625 0.65177941875 0.7865470546875 0.6483763640625 0.7863850203125 0.6508071203125