4 0.513671875 0.2685546875 0.5068359375 0.26171875 0.4326171875 0.255859375 0.419921875 0.2646484375 0.421875 0.4521484375 0.4326171875 0.458984375 0.4833984375 0.45703125 0.5205329187500001 0.45807097499999994 0.5374555156249999 0.45944251718749995 0.537109375 0.3505859375 0.53125 0.3271484375 0.513671875 0.3232421875 0.513671875 0.2685546875
0 0.4833984375 0.208984375 0.42984406249999996 0.2354101359375 0.4305827765625 0.2553473765625 0.470842959375 0.25460899062500003 0.4752752734375 0.2597778734375 0.4814453125 0.259765625 0.5087890625 0.26171875 0.513671875 0.2666015625 0.515625 0.3212890625 0.52734375 0.3212890625 0.5266162249999999 0.24685559218750003 0.49928361875 0.24685559218750003 0.49891426718750004 0.200704578125 0.4833984375 0.208984375
1 0.4968677890625 0.1428911109375 0.49989725625 0.12169351718750002 0.5035999703125 0.0988135953125 0.45647492500000003 0.12270292499999999 0.40934990468750004 0.1452463890625 0.4275266796875 0.1600510578125 0.427863303125 0.177547459375 0.42853650156249995 0.213549709375 0.42853650156249995 0.22801789062500002 0.49888743281250003 0.1933615359375 0.49888743281250003 0.16139692187500002 0.498550859375 0.1499569703125 0.4968677890625 0.1428911109375
2 0.41856845781249996 0.15427662343749998 0.41422866562499994 0.1500660625 0.41397285781250004 0.14418521875 0.40475558281249996 0.147373015625 0.405778753125 0.15657782656250002 0.406290346875 0.1688509046875 0.41728948125 0.165015565625 0.4267538703125 0.1591347171875 0.42470751250000005 0.155810759375 0.41856845781249996 0.15427662343749998
3 0.4272741578125 0.15850380625 0.426506775 0.1590151828125 0.422669865625 0.1631062125 0.41474024062500003 0.1661744828125 0.4065548453125 0.1684756859375 0.408089609375 0.18535117343750002 0.42804153906250003 0.1774248046875 0.4272741578125 0.1717996484375 0.4275299453125 0.1666858578125 0.4272741578125 0.15850380625
2 0.4208984375 0.1796875 0.4167865984375 0.182027209375 0.4088569921875 0.185606865625 0.4098801609375 0.219869215625 0.41039175625 0.23572195156250003 0.41422866562499994 0.23418781718749998 0.422414059375 0.23086384375 0.4285531140625 0.227539890625 0.4277857328125 0.177680496875 0.4208984375 0.1796875
2 0.5854617640625001 0.07804459999999999 0.5784680984375 0.0771327546875 0.5568789046875 0.067085359375 0.553230028125 0.073468278125 0.5325530765625001 0.0832348578125 0.5039701953125 0.0984322765625 0.503362040625 0.10755073281250001 0.5009294718749999 0.1172770859375 0.5003213171875001 0.123356053125 0.5185657015625 0.1130218171875 0.5425874859375 0.10055992031250001 0.5626563078125 0.0896177765625 0.5854617640625001 0.07804459999999999
3 0.5833332609374999 0.0923301765625 0.5836373265625 0.08017225 0.57451515625 0.0841235671875 0.5517578125 0.095703125 0.5400390625 0.1015625 0.531032703125 0.1069197046875 0.5009765625 0.12109375 0.4984968796875 0.1418737875 0.505859375 0.1376953125 0.5477567140625 0.1163421125 0.5699540609375 0.10479207343750001 0.5836373265625 0.0984091546875 0.5833332609374999 0.0923301765625
2 0.5634765625 0.16015625 0.5751953125 0.154296875 0.58120475625 0.15467683125 0.5833332609374999 0.0990542546875 0.571473378125 0.10391743125 0.5107421875 0.134765625 0.49758362656250005 0.1422149515625 0.499104 0.15376498593750001 0.499104 0.1665308234375 0.49940806562500006 0.18233615 0.49879993437500003 0.1938861890625 0.521909478125 0.18233615 0.54532414375 0.1701782046875 0.5634765625 0.16015625
5 0.431640625 0.4599609375 0.4322531359375 0.5069026171875 0.531501940625 0.504159534375 0.5319593312500001 0.459813046875 0.49399779062500004 0.4579843109375 0.44963312499999997 0.4584415046875 0.431640625 0.4599609375
5 0.5263671875 0.734375 0.51171875 0.7451171875 0.560546875 0.7607421875 0.5791015625 0.759765625 0.58203125 0.7451171875 0.5478515625 0.732421875 0.5263671875 0.734375