4 0.4384765625 0.431640625 0.296875 0.4345703125 0.30078125 0.5283203125 0.349609375 0.5302734375 0.4091796875 0.52734375 0.4169921875 0.517578125 0.4375 0.5126953125 0.4384765625 0.431640625
0 0.4159179078125 0.5175121593750001 0.4092225921875 0.5282202781249999 0.3505859375 0.53125 0.2280026703125 0.5317896 0.227556321875 0.5656985062500001 0.43287939218749993 0.5652523421875 0.43377208749999996 0.5447285328125 0.43109396718750004 0.5286664062499999 0.42796946562500005 0.5175121593750001 0.4159179078125 0.5175121593750001
6 0.2734375 0.5322265625 0.273530828125 0.5117119531250001 0.265942815625 0.512604296875 0.267578125 0.5322265625 0.2734375 0.5322265625
5 0.44140625 0.5029296875 0.4296875 0.5185546875 0.431640625 0.5322265625 0.490234375 0.5322265625 0.490234375 0.4345703125 0.4873046875 0.4296875 0.4423828125 0.4296875 0.44140625 0.5029296875
5 0.6279296875 0.435546875 0.626953125 0.5283203125 0.7109375 0.5283203125 0.7197265625 0.525390625 0.7265625 0.5126953125 0.71875 0.4384765625 0.6279296875 0.435546875
6 0.2275390625 0.50390625 0.2890625 0.5048828125 0.296875 0.5009765625 0.2900390625 0.484375 0.2265625 0.4912109375 0.2275390625 0.50390625
6 0.5400390625 0.4921875 0.619140625 0.5009765625 0.623046875 0.4951171875 0.6142578125 0.4921875 0.529296875 0.4853515625 0.5400390625 0.4921875
6 0.5224609375 0.431640625 0.4970703125 0.431640625 0.490234375 0.4443359375 0.4921875 0.5263671875 0.50390625 0.5263671875 0.5244140625 0.5234375 0.529296875 0.5166015625 0.529296875 0.4462890625 0.5224609375 0.431640625
2 0.1769376234375 0.42631180312500006 0.17925164375 0.4934855765625 0.1953125 0.4892578125 0.21627563906249997 0.490590171875 0.216796875 0.4189453125 0.1775161421875 0.420520940625 0.1769376234375 0.42631180312500006
2 0.216796875 0.5283203125 0.2158203125 0.505859375 0.177734375 0.5068359375 0.1806640625 0.525390625 0.216796875 0.5283203125
1 0.1796592546875 0.5766728546875 0.203125 0.5693359375 0.21875 0.5654296875 0.21875 0.5302734375 0.17913147499999998 0.5243715296875 0.1796592546875 0.5766728546875
3 0.216796875 0.5048828125 0.217130446875 0.49108886875 0.177734375 0.4931640625 0.1787109375 0.505859375 0.216796875 0.5048828125