4 0.8037109375 0.54296875 0.7958984375 0.533203125 0.650390625 0.5361328125 0.6505177796875 0.6669104609375001 0.7119140625 0.666015625 0.712890625 0.6943359375 0.728515625 0.6943359375 0.841796875 0.6904296875 0.83984375 0.5830078125 0.8382953828125 0.5421535015625001 0.8037109375 0.54296875
5 0.8828125 0.2099609375 0.8828125 0.1962890625 0.8388671875 0.1796875 0.7841796875 0.173828125 0.7851689203125 0.1859993421875 0.7832460453125 0.19753110625 0.7870916484375 0.2398143 0.7880859375 0.26953125 0.8251953125 0.265625 0.8330078125 0.275390625 0.85546875 0.2744140625 0.8642578125 0.2734375 0.873046875 0.2587890625 0.873046875 0.2138671875 0.8828125 0.2099609375
0 0.7275390625 0.728515625 0.7548828125 0.736328125 0.7578125 0.7666015625 0.7578125 0.8251953125 0.833984375 0.8271484375 0.8359375 0.6982421875 0.8291015625 0.693359375 0.7275390625 0.6953125 0.7275390625 0.728515625
5 0.8868495624999999 0.4238722375 0.8852874640625 0.3317381875 0.8602915187500001 0.3208070125 0.8493558828125 0.2973830921875 0.7462479078124999 0.2958214625 0.73902270625 0.4445033359375 0.741906871875 0.48678649218750003 0.7428681625 0.5319526234375 0.7802734375 0.53125 0.7998046875 0.533203125 0.8056640625 0.54296875 0.833984375 0.5419921875 0.8368579109375001 0.43948818437500003 0.8040507625 0.4363649828125 0.800926328125 0.4223106671875 0.8868495624999999 0.4238722375
5 0.4599609375 0.203125 0.453125 0.2138671875 0.45703125 0.2236328125 0.46875 0.2294921875 0.48046875 0.2197265625 0.48046875 0.2099609375 0.4716796875 0.201171875 0.4599609375 0.203125
5 0.5205078125 0.7109375 0.53125 0.7119140625 0.541015625 0.6943359375 0.5244140625 0.68359375 0.51171875 0.6982421875 0.5205078125 0.7109375
1 0.847546465625 0.8522975328125 0.8388671875 0.8359375 0.7548828125 0.8359375 0.7390115203125001 0.8550596828125 0.847546465625 0.8522975328125
2 0.2537578109375 0.8366453796875 0.146142596875 0.8311210796875 0.08537841874999999 0.8163895875 0.0743409609375 0.8338832296875 0.138726159375 0.844011084375 0.24266219375000003 0.8541389796875001 0.33280140468749997 0.84861468125 0.5535505609375 0.8467732343750001 0.7395222765625 0.84861468125 0.755158646875 0.82835893125 0.2537578109375 0.8366453796875
2 0.921875 0.8486328125 0.922661928125 0.8292796328125001 0.8398809937499999 0.8320417828125001 0.8466796875 0.849609375 0.921875 0.8486328125
6 0.16124882499999998 0.807990553125 0.095024078125 0.7987834015625 0.086057921875 0.8154512890625 0.166767553125 0.8310084953124999 0.266104675 0.8328499 0.7509765625 0.8359375 0.755859375 0.8154296875 0.3562438859375 0.8107527015624999 0.24586930625 0.81259415 0.16124882499999998 0.807990553125
6 0.9130859375 0.826171875 0.9134107046875 0.81259415 0.8359375 0.8134765625 0.8388671875 0.828125 0.9130859375 0.826171875