4 0.47542927968750004 0.5075627734375 0.49374320000000005 0.5167773859375 0.5000518328125 0.506426659375 0.55891830625 0.5372555578125 0.5870438703125 0.5034280109375 0.5999534343749999 0.4712271859375 0.615133378125 0.46144574687500006 0.629916046875 0.435259384375 0.6570198921875 0.39058312968750003 0.6253461859375 0.3657373109375 0.5801413609375 0.3437427484375 0.5591849125 0.375106890625 0.5583866203125 0.3875874875 0.517423040625 0.3733526375 0.47628750000000003 0.3526951375 0.41854555 0.45415505625 0.4609219828125 0.4880542125 0.48150999375000003 0.4956764890625 0.47542927968750004 0.5075627734375
0 0.6773414828125001 0.31740818593750003 0.6228082265625 0.284852603125 0.614856340625 0.29797613125 0.587342959375 0.3418952109375 0.595982759375 0.3493407609375 0.6443085625 0.37749512812499997 0.6773414828125001 0.31740818593750003
1 0.6446106140625 0.248530059375 0.63053343125 0.27269296249999997 0.6334145906249999 0.280212853125 0.6474162609375 0.28829121875 0.6594960515625 0.2834093453125 0.6685370171875 0.28780825781249997 0.6844605671874999 0.3088468609375 0.700617296875 0.28084351875 0.721176259375 0.267640140625 0.6473274671875 0.2251687703125 0.6418082875 0.23260982968750002 0.6446106140625 0.248530059375
3 0.6982190984375001 0.29444438281249996 0.786705475 0.3504343046875 0.794928534375 0.330375528125 0.713978340625 0.28460180468749996 0.6982190984375001 0.29444438281249996
3 0.597247409375 0.23877627499999998 0.6342917156250001 0.25933191718750004 0.644130975 0.25125023281250003 0.6437301671875 0.2455700671875 0.5935646375 0.219896053125 0.597247409375 0.23877627499999998
3 0.5916460781249999 0.23077674374999999 0.5904436578125 0.213736246875 0.528996628125 0.1804635078125 0.52171655625 0.18198458125 0.5209182640625001 0.1944651796875 0.566284075 0.2234999921875 0.5916460781249999 0.23077674374999999
3 0.43883011875 0.1589552265625 0.2779034484375 0.443308721875 0.2769474890625 0.4725899953125 0.3011037515625 0.438985321875 0.450032784375 0.174954290625 0.47235263906249997 0.1676708984375 0.5159575578125 0.19078572656249998 0.5208361109374999 0.17902458906250002 0.51635504375 0.17262496249999998 0.47571011875 0.14862968906250001 0.45594944843749996 0.14935246875 0.43883011875 0.1589552265625
2 0.43427022031250007 0.16095594062500002 0.4173907109375 0.16919861249999998 0.3983528203125 0.1896820625 0.2727784359375 0.4087480890625 0.2620620515625 0.437710709375 0.274063009375 0.441229175 0.282062540625 0.43562784375 0.39787982187500004 0.2400840921875 0.43427022031250007 0.16095594062500002
2 0.5907623109375 0.203975821875 0.5990049828124999 0.22085533281249997 0.6439699875 0.2442099796875 0.6349257015625 0.2159701390625 0.6253262640624999 0.2226917390625 0.6173234125 0.2044521421875 0.59404095625 0.1933349515625 0.5907623109375 0.203975821875
2 0.4853917109375 0.1573486796875 0.5149949578124999 0.17238514375 0.530113575 0.1582224859375 0.48619000312500005 0.14486808281250002 0.478430290625 0.149109328125 0.4853917109375 0.1573486796875
2 0.511397659375 0.19278643906249998 0.481153784375 0.173429896875 0.45915258281250004 0.17095286406250002 0.44587369218750006 0.18263516875000002 0.41948021718749995 0.236880959375 0.4465176390625 0.2107961765625 0.48635763125000003 0.19959019218750002 0.5081190125 0.2034273109375 0.511397659375 0.19278643906249998
2 0.279017075 0.3972267703125 0.2620620515625 0.437710709375 0.2751832765625 0.44282908125000003 0.282062540625 0.43562784375 0.3895616375 0.25544585 0.4326703140625 0.16207620625000002 0.3983528203125 0.1896820625 0.279017075 0.3972267703125
2 0.7850019796875001 0.3389150703125 0.6906904796875 0.290545265625 0.6873781140624999 0.303987603125 0.7775255734375001 0.3600400765625 0.7850019796875001 0.3389150703125
2 0.7098980828125 0.2838823453125 0.7967423609375001 0.3306943671875 0.8025101078124999 0.313943859375 0.7430986296875 0.2785175125 0.7097370953125 0.27684209375 0.7098980828125 0.2838823453125
2 0.5927696640625 0.25621757968750003 0.62733361875 0.2749334953125 0.6354119828125 0.2609318234375 0.595647503125 0.23989654218749998 0.587647971875 0.245497875 0.5927696640625 0.25621757968750003