0 0.6958680671875 0.6845011624999999 0.740829490625 0.6487609984375 0.752293228125 0.6401224531249999 0.7063281625 0.58241454375 0.649502025 0.6246163265625 0.6583231765625001 0.6387033515625 0.6958680671875 0.6845011624999999
4 0.57712085625 0.6420634921875 0.5687802640624999 0.6309951515625001 0.5882475 0.6157057546875 0.6109801953125 0.5998149875000001 0.63718786875 0.6321263859374999 0.6792041578125 0.607282278125 0.708385753125 0.580191084375 0.71199745625 0.5751335656250001 0.6752596109375 0.5281177328125 0.56010183125 0.383430871875 0.41970548125 0.49080730156249996 0.3927971015625 0.512602865625 0.3959457171875 0.52093945625 0.5199912234374999 0.6813951671875 0.5453053859375 0.668842871875 0.57712085625 0.6420634921875
6 0.59096765 0.6365873109375 0.582323578125 0.6226488234375 0.5690781421875 0.6313904499999999 0.605865409375 0.674564746875 0.6577884625 0.636435234375 0.6504931046875 0.6251090421875001 0.6085563140625 0.6554179625 0.59096765 0.6365873109375
5 0.47109133593749997 0.41295604375000006 0.4857951734375 0.43733678125 0.5109447406250001 0.41716243437499995 0.49312123281250003 0.3951325375 0.47109133593749997 0.41295604375000006
1 0.7399816015625 0.7324634828125001 0.805373675 0.680131271875 0.7766441421875 0.6707922234375 0.7554029625 0.6458940765625 0.726843765625 0.6680347578125 0.701647434375 0.688880846875 0.720598259375 0.7116090046875 0.72622136875 0.7428756421875 0.7399816015625 0.7324634828125001
2 0.7796137875 0.6716532734375 0.791598290625 0.6743978484375 0.8047036656250001 0.6788007546875 0.7912723625 0.6616283593750001 0.7796137875 0.6716532734375
3 0.7669136171875001 0.6589119765625 0.777138925 0.6716589265625 0.791369809375 0.6609351859375 0.7815398171875 0.64789034375 0.7669136171875001 0.6589119765625
2 0.7698251109375 0.6331668953125 0.7568831828125 0.64477865 0.7668106140625001 0.6571303046875 0.78034830625 0.6463091578125 0.7698251109375 0.6331668953125
2 0.7011511625 0.6892548140625 0.6724945375 0.7120886343749999 0.6048060109375 0.7661944578125001 0.5711079234375 0.7922075296875 0.580840490625 0.8059455734375 0.6266899109375 0.7689164609375 0.7104828296875 0.7008158609375 0.7011511625 0.6892548140625
3 0.71068326875 0.7019043453125 0.5818315484375 0.8064382609375 0.5916615421875 0.8194831046875001 0.7224953843749999 0.7159346265625001 0.7192187125 0.7115863359375 0.71068326875 0.7019043453125
2 0.722163421875 0.7169213921875001 0.7019479671875 0.7327856296874999 0.5937333921875 0.8193773734375001 0.6063675046875 0.8369803984375 0.7245410375 0.7435147734374999 0.7248270984375 0.7363606578125 0.7231892578125 0.7249792859374999 0.722163421875 0.7169213921875001