5 0.4062607984375 0.3994988453125 0.39940692968749997 0.4003403953125 0.357320696875 0.45420831718750004 0.40212242812500004 0.4904505421875 0.4321840234375 0.4519734546875 0.44353542187499995 0.43109952500000004 0.4062607984375 0.3994988453125
6 0.490971575 0.47098512187499997 0.47331686093750003 0.47749495 0.4596210046875 0.4764627640625 0.44528690156249995 0.492334671875 0.41720141406250005 0.47135870312500006 0.40735135937500005 0.48396619999999996 0.434761340625 0.5082816828125 0.39562374375 0.5608504859375001 0.4141035203125 0.5743215937499999 0.441646196875 0.537831140625 0.490971575 0.47098512187499997
5 0.5610835828125 0.49319559843749994 0.5706789984375 0.49201742968750006 0.5801303984375 0.4783339875 0.5839303953125 0.46395301250000004 0.5712811078125 0.4515917546875 0.5685395609375 0.4519283734375 0.5608441421875 0.4459160546875 0.5486754890625 0.44880161718749995 0.535833596875 0.446204084375 0.526599096875 0.4389893015625 0.5164987515624999 0.43605514999999995 0.511183965625 0.43809916250000003 0.499159328125 0.45348999843750004 0.485114971875 0.4524315484375 0.476697725 0.4632051328125 0.47001216718750005 0.46541745625 0.46520231093750003 0.47157379062500004 0.47272941875 0.4762153359375 0.48506638124999996 0.474700546875 0.4965617953125 0.46633189062499997 0.50618150625 0.454019221875 0.5102938265625 0.4535142921875 0.5610835828125 0.49319559843749994
6 0.6782929875 0.5303390640625001 0.6759125703125 0.5376578921874999 0.6839761921874999 0.5422890437500001 0.6880283984375 0.5271340453125 0.682899925 0.51282991875 0.65811816875 0.499557215625 0.6303198 0.4791287015625 0.636453175 0.4909748625 0.6561425843750001 0.506357915625 0.676479803125 0.515571734375 0.6791674640625 0.5260157609375 0.6782929875 0.5303390640625001
4 0.6660310453125 0.5206614171874999 0.5943673609375 0.46962871093749997 0.566903296875 0.49526390625000005 0.5046424234375 0.4528167578125 0.40721855781249994 0.588617021875 0.5770469687500001 0.7138658640625 0.6098501109375001 0.67505215625 0.6232698171875 0.6483585125 0.604800815625 0.633928946875 0.599871240625 0.6164455078125 0.6410916296875 0.5668582171875001 0.6436891625000001 0.5540163234375 0.6668725953125 0.527515284375 0.6660310453125 0.5206614171874999
6 0.644456071875 0.6735859578125 0.652705009375 0.6614415984375001 0.642099734375 0.6543951265625 0.63334586875 0.6624271640625 0.617762428125 0.66016625 0.613457503125 0.67043490625 0.6298824921875 0.6795496859375 0.644456071875 0.6735859578125
0 0.760348684375 0.6701161203125 0.7942133328125001 0.62452201875 0.7362996625 0.5829969296875 0.7181672796874999 0.5713089124999999 0.667377525 0.53162760625 0.66052365625 0.5324691546875 0.6452282453125 0.5552187875000001 0.6359451546875 0.570273003125 0.5997731765625 0.6184702546875 0.7269728484375 0.71433479375 0.760348684375 0.6701161203125
5 0.8087823562500001 0.572705734375 0.7903133546875 0.55827616875 0.7875718078125 0.5586127890625 0.7814154734375001 0.5538029343749999 0.7773031515625 0.5543078625 0.76407605 0.57123778125 0.7644126703125 0.5739793296875 0.7535904953125 0.5878310812499999 0.755971128125 0.5958874125 0.7713619625 0.6079120515625 0.7741035109375 0.60757543125 0.786416178125 0.6171951421874999 0.7905285 0.6166902125 0.8097679203125001 0.5920648765625 0.8095996109374999 0.5906941031249999 0.811836228125 0.5862451625 0.8106580593749999 0.576649746875 0.8087823562500001 0.572705734375
6 0.8085849906250001 0.605616675 0.8191726062500001 0.5917190999999999 0.8249438484375 0.5843322468750001 0.8202064046875 0.5803605890625 0.788690190625 0.6203534625 0.79427990625 0.624578234375 0.8000592921875 0.616529071875 0.8085849906250001 0.605616675
1 0.740913403125 0.74522885625 0.7455306546875 0.7488362484375 0.7549594109375 0.7384731984374999 0.8176293359375 0.6541411421875 0.8317714296875 0.6352806890625 0.827154178125 0.6316732968750001 0.8141512359374999 0.63211893125 0.7993182046875 0.631101784375 0.7394472046875 0.7106228953125 0.733624509375 0.7181274671875 0.7372010796875 0.7241392578125 0.740913403125 0.74522885625
3 0.8349743765625 0.582319725 0.816334996875 0.606591240625 0.7985685390625 0.63057390625 0.8039356015625 0.63086945625 0.807629215625 0.6258139515625001 0.8111160765625 0.62031278125 0.8199082390625 0.6090593265625001 0.8350935375 0.58920880625 0.8380326359374999 0.5850327171874999 0.8349743765625 0.582319725
2 0.8107693749999999 0.6314664390625 0.8180317859375 0.6315051828125 0.8274941359374999 0.6312738375 0.8314951374999999 0.6350627125 0.8574385812499999 0.5993109265625 0.8492049937499999 0.5928781421875 0.8381796984375001 0.584927209375 0.8340884390625 0.591012359375 0.8313995203125 0.5948782859375 0.827128175 0.599496796875 0.8125386296875 0.6185948578125 0.8035069796875 0.6314276875 0.8107693749999999 0.6314664390625
2 0.7147846875 0.75104261875 0.6899535828125 0.7834890453125001 0.6786592046875 0.7988421875 0.6869584109375 0.8069524171875001 0.6970011328125 0.81439210625 0.710807534375 0.7967207171874999 0.7363375703124999 0.7630030390625 0.7463413 0.749678509375 0.7401957265625 0.74609669375 0.7392571046875 0.738452078125 0.737691221875 0.7303186562499999 0.7352734140625 0.7227368140625 0.7288199140625 0.7315172859375 0.7147846875 0.75104261875
3 0.7331791359375 0.72487395625 0.735333725 0.7211771734375 0.7338199453125 0.7177935140625 0.7310299578125 0.7213964796875 0.699305075 0.7637790234375 0.6746119734375 0.7957673437499999 0.678256540625 0.7986147921875 0.6821149078125 0.7929914375 0.697443596875 0.7737434671875 0.7100198296875 0.757646621875 0.7331791359375 0.72487395625
6 0.70096333125 0.7399944296875 0.6766904265625 0.7736528593750001 0.6694831859375 0.7832015328125 0.6734990328125 0.7858330703124999 0.6789879265625001 0.778483778125 0.6899116859375 0.7645020046875 0.7136052640625 0.7319088984375 0.7268267140625 0.7146624046875 0.722776503125 0.7117510265625 0.70096333125 0.7399944296875
5 0.2333038765625 0.37342634218750004 0.2249352203125 0.361930928125 0.2136081171875 0.37167035937500004 0.2218084640625 0.38179499843750003 0.2333038765625 0.37342634218750004
5 0.2855390453125 0.3002235734375 0.2745971515625 0.29043555312499997 0.266684834375 0.305321459375 0.2808975 0.30775068125 0.2855390453125 0.3002235734375
5 0.326181621875 0.2799274578125 0.32363267812499996 0.270500353125 0.3100932515625 0.273554225 0.3143495875 0.2855545671875 0.3227425390625 0.2859154828125 0.326181621875 0.2799274578125
5 0.20341059218750002 0.413274203125 0.2040595359375 0.42989179687499995 0.21175495312499998 0.4359041171875 0.225631 0.4355917921875 0.23267747343749998 0.4249865171875 0.21935494531250002 0.40714216406250003 0.20341059218750002 0.413274203125
5 0.5956599859375 0.7408007015625 0.578393446875 0.724832053125 0.571539578125 0.7256736015625 0.5759399296875001 0.7501792171874999 0.5898159765625001 0.7498668937499999 0.5956599859375 0.7408007015625