4 0.318359375 0.4169921875 0.3439623046875 0.3739589390625 0.34765625 0.3525390625 0.37890625 0.2978515625 0.3740234375 0.279296875 0.2841796875 0.23046875 0.275390625 0.2333984375 0.251953125 0.2763671875 0.24356769531250003 0.2948315640625 0.24589691875000003 0.31171832187500004 0.2336684359375 0.3303519875 0.2290100296875 0.3419980078125 0.22318689218749999 0.3536440390625 0.18359375 0.4228515625 0.1943359375 0.443359375 0.2675740203125 0.481941553125 0.2900390625 0.451171875 0.3017578125 0.451171875 0.30859375 0.4443359375 0.318359375 0.4169921875
0 0.20668879375000002 0.347238725 0.18514337812499998 0.37053080625 0.1793202796875 0.37518920312500004 0.1688387359375 0.376353821875 0.1414702625 0.365872390625 0.11177260625 0.35655557656250003 0.107421875 0.3662109375 0.0972148625 0.3839237359375 0.1822318296875 0.42643178437499996 0.203125 0.3857421875 0.218334909375 0.3594670546875 0.2177526640625 0.3536440390625 0.20668879375000002 0.347238725
5 0.55859375 0.6396484375 0.5830078125 0.65234375 0.595703125 0.6513671875 0.609375 0.6181640625 0.5791015625 0.595703125 0.55859375 0.6240234375 0.55859375 0.6396484375
5 0.5107421875 0.423828125 0.4921875 0.4501953125 0.49609375 0.4677734375 0.5087890625 0.486328125 0.5390625 0.4853515625 0.556640625 0.4677734375 0.556640625 0.4462890625 0.5419921875 0.423828125 0.5107421875 0.423828125
5 0.36328125 0.4365234375 0.3671875 0.4208984375 0.353515625 0.4111328125 0.357421875 0.3935546875 0.349609375 0.3837890625 0.357421875 0.3779296875 0.3525390625 0.373046875 0.32421875 0.4072265625 0.30859375 0.4404296875 0.3251953125 0.45703125 0.34765625 0.4638671875 0.3564453125 0.455078125 0.3720703125 0.458984375 0.37890625 0.4482421875 0.36328125 0.4365234375
5 0.474609375 0.4169921875 0.478515625 0.4052734375 0.4677734375 0.400390625 0.462890625 0.4111328125 0.474609375 0.4169921875
2 0.10497311250000001 0.257464421875 0.1415431296875 0.1877750765625 0.16638315625 0.142235525 0.124293153125 0.1194657375 0.0359730171875 0.28575413437499997 0.0456330375 0.300933978125 0.069093115625 0.32163379375 0.10497311250000001 0.257464421875
3 0.11513215937500001 0.23994289218749998 0.11162830312500001 0.24539329531249998 0.10267405156250001 0.26330168593750003 0.097612878125 0.27186656875000004 0.093719746875 0.27965284218750003 0.08281885 0.29872918125000003 0.0691927546875 0.32169866406250003 0.0797137921875 0.331868903125 0.161278840625 0.1824591015625 0.180119121875 0.1513748484375 0.166522065625 0.14325694375 0.1388805453125 0.1926997265625 0.118636015625 0.23318828749999998 0.11513215937500001 0.23994289218749998
2 0.1349024765625 0.23379521250000002 0.1212432609375 0.2568729078125 0.10711305 0.283718396875 0.09439586250000001 0.3063251125 0.0788526265625 0.3326996203125 0.105700025 0.35248050625 0.114649209375 0.3364674125 0.129721371875 0.3063251125 0.138199521875 0.29549273593750003 0.14526460937500002 0.2827764546875 0.159865815625 0.253576096875 0.17635108125 0.225317684375 0.1909522890625 0.1961173265625 0.198488409375 0.1824591015625 0.208850540625 0.1692718484375 0.18103490312499998 0.15269090937500002 0.1636338953125 0.1796332625 0.1476196640625 0.2083626375 0.1349024765625 0.23379521250000002
1 0.070642525 0.3225845703125 0.055710292187499996 0.31054329375 0.036442881249999996 0.2854974640625 0.0264022375 0.2999469953125 0.013878371875 0.3245111671875 0.000316503125 0.34040565625 0.01765718125 0.3389606984375 0.0359612078125 0.3447405078125 0.057637026562500006 0.356300125 0.0759410515625 0.370267996875 0.0921846515625 0.37990101875 0.1058802515625 0.35389186875 0.0808326 0.33269923125 0.070642525 0.3225845703125
2 0.050893439062500004 0.3868759515625 0.0349978203125 0.408068609375 0.0629355515625 0.4263713328125 0.07160591093749999 0.41481171562499997 0.085093084375 0.3926557796875 0.0903916109375 0.37965118593749997 0.064862325 0.363756715625 0.050893439062500004 0.3868759515625
3 0.0359612078125 0.37483469375 0.027290848437499998 0.3883209078125 0.021028975 0.39939890624999996 0.0349978203125 0.408068609375 0.05041176562500001 0.3844676953125 0.0566736796875 0.3733897578125 0.06389893906250001 0.362311759375 0.049930053125 0.3531604171875 0.0446315265625 0.3599035046875 0.0359612078125 0.37483469375
2 0 0.38639433125 0.0215106484375 0.40036218437500004 0.0244007671875 0.39313741874999997 0.031626028125 0.380614503125 0.050893439062500004 0.3531604171875 0.0349978203125 0.3411191203125 0.0133220015625 0.33822920624999997 0 0.3427734375 0 0.38639433125