5 0.2880859375 0.34375 0.275390625 0.3642578125 0.3037109375 0.390625 0.318359375 0.3935546875 0.33984375 0.3662109375 0.33203125 0.3486328125 0.3271484375 0.34375 0.2880859375 0.34375
5 0.3857421875 0.345703125 0.3878707640625 0.415501375 0.3920414171875 0.467634509375 0.4379186046875 0.465549215625 0.43583327812499995 0.42175735468750003 0.44208925781249997 0.394648075 0.44417458437499996 0.3487708890625 0.3857421875 0.345703125
4 0.5947265625 0.419921875 0.5380859375 0.412109375 0.4404296875 0.41796875 0.435546875 0.4228515625 0.4326171875 0.462890625 0.41080935781249994 0.465549215625 0.38671875 0.4697265625 0.390625 0.5283203125 0.3994140625 0.53515625 0.4327052875 0.5343649953125 0.435546875 0.6162109375 0.43896126718749995 0.6282046640625001 0.5244596625 0.6261193375 0.5557395625 0.6271620015625 0.6328125 0.6259765625 0.64019529375 0.6188206953125001 0.638671875 0.5244140625 0.59765625 0.5185546875 0.5947265625 0.419921875
6 0.61328125 0.5068359375 0.61412311875 0.42759505000000003 0.5961925156250001 0.42460661718750004 0.5961925156250001 0.43506613437499997 0.5971886609375 0.488857940625 0.595703125 0.5029296875 0.598682878125 0.5122673375 0.6205980578125 0.512765409375 0.622590346875 0.519738421875 0.6416015625 0.51953125 0.64948625 0.520734565625 0.649984321875 0.54314781875 0.66015625 0.5439453125 0.66015625 0.5107421875 0.6552734375 0.505859375 0.6395248046875001 0.5057924125000001 0.61328125 0.5068359375
0 0.640625 0.6083984375 0.6405480171875 0.6160332171875 0.748046875 0.6142578125 0.7644400203124999 0.6160332171875 0.7654944203125 0.5438068140625 0.640625 0.5458984375 0.640625 0.6083984375
1 0.7723480203124999 0.6213052171875 0.7850008203125001 0.6292132171875 0.7855280203125 0.5253548140625 0.7797288203125 0.5322084140625 0.7734375 0.5361328125 0.7723480203124999 0.6213052171875
2 0.7735485093750001 0.45194417187499997 0.7734024203125001 0.4715804125 0.7734024203125001 0.4947772296875 0.7734024203125001 0.5369532140625 0.7850008203125001 0.5253548140625 0.7855280203125 0.463145228125 0.7852515578125 0.44483055 0.7733190390625 0.4446010796875 0.7735485093750001 0.45194417187499997
3 0.7734091296875001 0.44413449375 0.7795311015624999 0.4447175375 0.7873170234375 0.4448676234375 0.78623611875 0.4275177125 0.7731176078125 0.42693466718749995 0.7734091296875001 0.44413449375
6 0.7568481796875 0.389523825 0.7491041671875001 0.3812635453125 0.7485878671874999 0.455089796875 0.7480716000000001 0.5433715390625 0.7656246953125 0.54388780625 0.7640758921875 0.44579698125 0.765108428125 0.431857759375 0.763559625 0.4086257296875 0.7568481796875 0.389523825
6 0.748253240625 0.6672312015624999 0.7640548609375 0.6669213671875001 0.763671875 0.6162109375 0.7490234375 0.615234375 0.748046875 0.6533203125 0.748253240625 0.6672312015624999
2 0.7783203125 0.625 0.7727018015625 0.6217772125 0.7727018015625 0.6450787921875001 0.7724339671875 0.674004890625 0.7783203125 0.673828125 0.7852900125 0.6737370484375 0.7855578453125001 0.6276695578125 0.7783203125 0.625
3 0.5302734375 0.3125 0.646212609375 0.3098845796875 0.6792669640625 0.3098845796875 0.6930396437499999 0.3115372984375 0.7073631640625 0.315944528125 0.71948309375 0.32200449375 0.7310521171875 0.33026808124999996 0.7365611765625 0.33687895156250003 0.743172046875 0.345142540625 0.7459265765625 0.355058846875 0.74647748125 0.3655260578125 0.75804650625 0.3776460046875 0.7646573765625 0.38921502812500003 0.7641064703125 0.3622206234375 0.7563937875 0.33798078125000003 0.743172046875 0.32090268125 0.7260939640624999 0.30713003437499997 0.7106685984375 0.299968275 0.6904296875 0.294921875 0.6630859375 0.29296875 0.6638415984375 0.27242297187500003 0.6440089859375 0.27297386874999996 0.646763515625 0.293357403125 0.6279296875 0.294921875 0.22972775625000003 0.3027227875 0.22917685 0.320351775 0.38453231250000003 0.315944528125 0.4390719953125 0.31374090468750004 0.4781863125 0.313190015625 0.5302734375 0.3125
5 0.2744140625 0.3203125 0.26953125 0.3310546875 0.2705078125 0.3359375 0.296875 0.3349609375 0.3603515625 0.333984375 0.365234375 0.3173828125 0.2822265625 0.318359375 0.2744140625 0.3203125
2 0.24625493281250002 0.3214536046875 0.2302786625 0.32090268125 0.2286259453125 0.3385316703125 0.255859375 0.3369140625 0.2677402625 0.33632806249999997 0.2743511328125 0.3192499640625 0.264434828125 0.320351775 0.24625493281250002 0.3214536046875
2 0.7200339984374999 0.3418371046875 0.7404175171875 0.3567115640625 0.7481302671875001 0.364975153125 0.74482483125 0.353957034375 0.7409684234375 0.34073529375 0.7288484937499999 0.32861536406249997 0.7112195046875 0.3175972453125 0.6930396109375 0.3115372984375 0.6715542812499999 0.3098845796875 0.6296854328125 0.3115372984375 0.42970662812500005 0.31539362187500003 0.3632447578125 0.317674034375 0.3624960765625 0.326962646875 0.3580888296875 0.335226234375 0.37131057031250003 0.33577714062499997 0.3999577109375 0.3346753453125 0.4688209125 0.3324717046875 0.5542113265624999 0.331369909375 0.6120564453124999 0.3297171921875 0.6495180453125 0.32861536406249997 0.6836742109375 0.32861536406249997 0.703506821875 0.3324717046875 0.7200339984374999 0.3418371046875
2 0.27468079843750004 0.280503721875 0.25420021249999997 0.2809052953125 0.22849908437500002 0.2809052953125 0.22890066562500003 0.3029921953125 0.263838134375 0.3021890484375 0.373046875 0.2998046875 0.6167719218750001 0.29513045781249997 0.6456221890625 0.293570959375 0.64453125 0.2744140625 0.27468079843750004 0.280503721875
2 0.763671875 0.3115234375 0.7497500734375 0.2997795671875 0.734891609375 0.289338471875 0.7216796875 0.28125 0.6923828125 0.2734375 0.6638681531249999 0.273084178125 0.6638681531249999 0.2929073078125 0.6859626765625 0.294146253125 0.691744434375 0.29497221093750003 0.7095026359375 0.2997215078125 0.7223050703125 0.30488377187500004 0.73985679375 0.317479715625 0.7493553875 0.327391278125 0.758027990625 0.341226171875 0.763671875 0.3583984375 0.765411696875 0.3917414015625 0.771036915625 0.41184605 0.77351480625 0.426506896875 0.785490703125 0.42708045156249996 0.7857448312499999 0.3850239359375 0.78515625 0.3544921875 0.77734375 0.3330078125 0.763671875 0.3115234375
5 0.544921875 0.6455078125 0.544921875 0.6318359375 0.5322265625 0.62890625 0.533203125 0.6455078125 0.544921875 0.6455078125