4 0.630859375 0.4482421875 0.6142578125 0.44140625 0.3857421875 0.443359375 0.380859375 0.4599609375 0.37890625 0.6220703125 0.3837890625 0.626953125 0.4326171875 0.626953125 0.43359375 0.6376953125 0.4462890625 0.642578125 0.525390625 0.6416015625 0.582493 0.6393853859374999 0.63988845625 0.640478615625 0.63671875 0.4716796875 0.630859375 0.4482421875
0 0.6288798703125 0.6695598015625001 0.6304062296875 0.6550590328125 0.6326959234375 0.64208460625 0.60064115 0.64208460625 0.56019109375 0.6405582125 0.5224609375 0.642578125 0.5087890625 0.658203125 0.4599609375 0.65625 0.45703125 0.6494140625 0.4697265625 0.64453125 0.443359375 0.6435546875 0.4462890625 0.6640625 0.515625 0.6669921875 0.517578125 0.7294921875 0.5458984375 0.75 0.5595703125 0.7578125 0.609375 0.7568359375 0.6220703125 0.755859375 0.625 0.7490234375 0.6273534078125 0.690166196875 0.6288798703125 0.6695598015625001
1 0.5537109375 0.80078125 0.630859375 0.7998046875 0.6201171875 0.763671875 0.5615234375 0.765625 0.552734375 0.7939453125 0.5537109375 0.80078125
2 0.6337890625 0.80078125 0.6953125 0.7998046875 0.7206056734375 0.7985375734375 0.7199794421875 0.7741122546875 0.62415585 0.774738521875 0.6337890625 0.80078125
3 0.6246417156249999 0.7755407125 0.657463996875 0.7752057625 0.7023434453124999 0.772861334375 0.7204291984375 0.7731962625000001 0.7204291984375 0.762478890625 0.6202877203125 0.7634836515625001 0.6246417156249999 0.7755407125
3 0.28075708125 0.778772796875 0.3203125 0.7783203125 0.5578949578125 0.7765863359375 0.5600814421875 0.7640141296875 0.281303646875 0.76182766875 0.28075708125 0.778772796875
2 0.28239692656250004 0.713725325 0.281303646875 0.7416028125 0.28075708125 0.7607344203124999 0.300435515625 0.7607344203124999 0.319567271875 0.7607344203124999 0.309181453125 0.7563614796875 0.2998888375 0.7492554625000001 0.290049621875 0.737229890625 0.28239692656250004 0.713725325
2 0.281303646875 0.777679546875 0.28349016875 0.7913450015625 0.2880859375 0.80078125 0.330078125 0.8037109375 0.5419921875 0.802734375 0.55078125 0.7998046875 0.556640625 0.7783203125 0.281303646875 0.777679546875
5 0.607421875 0.3564453125 0.5654296875 0.330078125 0.5400390625 0.302734375 0.4794921875 0.30078125 0.4736328125 0.3125 0.4482421875 0.330078125 0.3984375 0.3466796875 0.4033203125 0.380859375 0.5 0.4228515625 0.5517578125 0.412109375 0.6044921875 0.390625 0.611328125 0.3837890625 0.607421875 0.3564453125
5 0.41518391718750003 0.441626928125 0.44921875 0.4404296875 0.4482421875 0.421875 0.4150390625 0.419921875 0.413698475 0.42826315625 0.41518391718750003 0.441626928125
5 0.4853515625 0.439453125 0.51953125 0.4404296875 0.533203125 0.4384765625 0.5322265625 0.419921875 0.484375 0.4208984375 0.4853515625 0.439453125
5 0.59765625 0.4384765625 0.5978910468749999 0.42009641562500005 0.560546875 0.4208984375 0.5615234375 0.439453125 0.59765625 0.4384765625