4 0.505294140625 0.503643721875 0.56431211875 0.47310585937500005 0.552734375 0.4306640625 0.533761625 0.40161953125 0.534455996875 0.38357444687500003 0.521484375 0.3564453125 0.5004338578125 0.3086178953125 0.4619140625 0.3203125 0.41796875 0.3447265625 0.431640625 0.3798828125 0.44140625 0.3876953125 0.40625 0.4130859375 0.3657339890625 0.43493354531249995 0.41572566718750004 0.540428 0.4678003546875 0.525159015625 0.4858529546875 0.5126662625 0.492101875 0.524464984375 0.5101544765625 0.514748384375 0.505294140625 0.503643721875
0 0.400390625 0.2900390625 0.42058600312500005 0.33776765468750003 0.431640625 0.3349609375 0.482421875 0.3115234375 0.4521484375 0.25 0.39420147499999997 0.2759979125 0.400390625 0.2900390625
1 0.44921875 0.2392578125 0.435546875 0.2099609375 0.4365234375 0.185546875 0.359375 0.2216796875 0.3623046875 0.23046875 0.376953125 0.2373046875 0.388671875 0.2626953125 0.396484375 0.2646484375 0.4111328125 0.2578125 0.4140625 0.2451171875 0.4228515625 0.240234375 0.44921875 0.2392578125
3 0.4453125 0.2197265625 0.541930459375 0.179357265625 0.530215825 0.1611160875 0.4462890625 0.201171875 0.4453125 0.2197265625
3 0.32421875 0.2626953125 0.341796875 0.2705078125 0.3798828125 0.251953125 0.37890625 0.2392578125 0.3740234375 0.236328125 0.32421875 0.2626953125
3 0.2548828125 0.29296875 0.251953125 0.2998046875 0.26171875 0.3076171875 0.3115234375 0.287109375 0.33203125 0.2705078125 0.3173828125 0.26171875 0.2548828125 0.29296875
3 0.255859375 0.3095703125 0.2490234375 0.298828125 0.2412109375 0.298828125 0.1982421875 0.318359375 0.1875 0.3349609375 0.185546875 0.3544921875 0.326171875 0.6494140625 0.349609375 0.6669921875 0.3359375 0.6279296875 0.205078125 0.3544921875 0.2119140625 0.33203125 0.255859375 0.3095703125
2 0.1845703125 0.359375 0.181640625 0.3779296875 0.1875 0.4052734375 0.294921875 0.6337890625 0.3125 0.6591796875 0.322265625 0.6513671875 0.322265625 0.6416015625 0.228515625 0.4345703125 0.1845703125 0.359375
2 0.3251953125 0.234375 0.302734375 0.2470703125 0.3095703125 0.255859375 0.328125 0.2587890625 0.373046875 0.2353515625 0.3447265625 0.2265625 0.3447265625 0.23828125 0.3251953125 0.234375
2 0.2001953125 0.31640625 0.2109375 0.3154296875 0.240234375 0.2998046875 0.2373046875 0.279296875 0.201171875 0.3076171875 0.2001953125 0.31640625
2 0.2548828125 0.314453125 0.2216796875 0.328125 0.20703125 0.3447265625 0.208984375 0.3623046875 0.23828125 0.4150390625 0.232421875 0.3779296875 0.24609375 0.3388671875 0.26171875 0.3232421875 0.2548828125 0.314453125
2 0.1845703125 0.361328125 0.1875 0.4052734375 0.2890625 0.6220703125 0.3125 0.6591796875 0.32421875 0.6513671875 0.322265625 0.6416015625 0.236328125 0.4501953125 0.1845703125 0.361328125
2 0.5315173703125 0.174145525 0.4378002921875 0.223657203125 0.44691171562500004 0.23408074218750002 0.544533671875 0.1923866453125 0.5315173703125 0.174145525
2 0.4375 0.2001953125 0.443359375 0.2041015625 0.5315173703125 0.1598131671875 0.5211044015625 0.1454808078125 0.4580078125 0.173828125 0.4375 0.2001953125
2 0.341796875 0.2822265625 0.353515625 0.2841796875 0.388671875 0.2666015625 0.3818359375 0.251953125 0.341796875 0.2724609375 0.341796875 0.2822265625