4 0.7363151203125 0.37702827499999997 0.7181577890625 0.335127109375 0.7041906484375 0.2960193671875 0.6916201734375 0.2680852890625 0.6650824609375 0.272973759375 0.6005859375 0.294921875 0.5859375 0.3095703125 0.654296875 0.4990234375 0.66796875 0.5029296875 0.7509765625 0.474609375 0.7705347359375 0.46292558125000005 0.7488855953125 0.40985077499999994 0.7363151203125 0.37702827499999997
0 0.7407155703125 0.4996948 0.710255634375 0.5127489328125 0.6845822296875 0.5210165453125 0.697265625 0.5537109375 0.7267910093750001 0.6337171859375 0.736328125 0.6298828125 0.8003300953125001 0.60499810625 0.7646484109375 0.5075272703125 0.7620375375 0.481419021875 0.7407155703125 0.4996948
2 0.11912004843749999 0.41647720312500003 0.07700564374999999 0.43352334687500005 0.10407915937500001 0.512737571875 0.14819893281250002 0.6521145296874999 0.1873051453125 0.767426421875 0.2093651 0.8336054390625 0.2394467390625 0.8235782890625 0.2675229390625 0.8115457218750001 0.2451171875 0.755859375 0.20735959375 0.6571281046874999 0.11912004843749999 0.41647720312500003
2 0.5192063328125001 0.7847936062499999 0.6064432640625 0.7507014234375 0.69368019375 0.721622765625 0.7558489765624999 0.698560390625 0.735794459375 0.6664736062500001 0.7367972125 0.6404030890625 0.3583984375 0.779296875 0.318359375 0.7958984375 0.21137047031249998 0.8349292234375 0.221397728125 0.855986165625 0.234433109375 0.8680187328125 0.2514794359375 0.8680187328125 0.2805583203125 0.8630051578125 0.336710790625 0.841948215625 0.362781690625 0.8339265499999999 0.375817003125 0.8319210984375 0.4013671875 0.82421875 0.5192063328125001 0.7847936062499999
1 0.8037109375 0.615234375 0.73046875 0.6435546875 0.7361665609375 0.670322275 0.7450121843749999 0.6850648265625 0.7533663703125 0.699315953125 0.76171875 0.6943359375 0.7939453125 0.685546875 0.818359375 0.6708984375 0.822265625 0.6435546875 0.8037109375 0.615234375
2 0.9072046796875 0.650797853125 0.8965109437500001 0.62465795 0.8858172078125 0.606835234375 0.8775897234375 0.5876202578124999 0.8042055890625001 0.613479178125 0.8202802234375 0.637940278125 0.818882434375 0.6791747265625 0.8307636578125001 0.6763792046875 0.845440503125 0.6707880640624999 0.8615150890625 0.6672936078125 0.8905699609375001 0.6567388125 0.9072046796875 0.650797853125
5 0.5048828125 0.318359375 0.4951171875 0.32421875 0.4677734375 0.32421875 0.447265625 0.3544921875 0.447265625 0.3740234375 0.455078125 0.3916015625 0.4697265625 0.404296875 0.494140625 0.4052734375 0.513671875 0.3935546875 0.52734375 0.3701171875 0.521484375 0.3447265625 0.5048828125 0.318359375
5 0.6193948328125 0.5788367359375 0.5908203125 0.580078125 0.578125 0.5966796875 0.578125 0.6123046875 0.5967097031249999 0.6328484296875 0.6161541421875001 0.6317681984375 0.6258763625 0.6252868140625 0.63019740625 0.6134042 0.6279296875 0.595703125 0.6193948328125 0.5788367359375
5 0.74609375 0.4990234375 0.75390625 0.5029296875 0.763671875 0.4990234375 0.7587890625 0.47265625 0.740234375 0.4833984375 0.74609375 0.4990234375
5 0.560546875 0.3662109375 0.572265625 0.3681640625 0.572265625 0.3447265625 0.5673828125 0.337890625 0.5576171875 0.337890625 0.560546875 0.3662109375
5 0.57421875 0.3896484375 0.578125 0.4072265625 0.587890625 0.4091796875 0.60546875 0.3994140625 0.609375 0.3818359375 0.6044921875 0.375 0.57421875 0.3896484375
6 0.6448499109375 0.5529766921875 0.64015931875 0.5421523421875001 0.595703125 0.4150390625 0.5908203125 0.408203125 0.5791815437500001 0.4082913375 0.5871194984375 0.42705353593749995 0.5965006578125001 0.45194951093749997 0.600108846875 0.462773853125 0.6084075765625 0.4898347 0.613819796875 0.5107617640625 0.620675296875 0.52952395625 0.625726690625 0.544317215625 0.63005648125 0.5558631843749999 0.637633609375 0.5717388718749999 0.6950032453125 0.5482861375 0.69103425625 0.5320496265625 0.674797571875 0.5403482937499999 0.6567568046875001 0.5472037078125 0.6448499109375 0.5529766921875