0 0.4739030203125 0.615070990625 0.5724571625 0.684257271875 0.6922246328125 0.761120440625 0.714544403125 0.7255914859375 0.66357963125 0.6920302656249999 0.6038387562499999 0.652337675 0.5003427609375 0.5773111281250001 0.4739030203125 0.615070990625
5 0.4320761734375 0.5084708703125 0.4250359203125 0.508309884375 0.38446650781249997 0.564546425 0.46742181718750003 0.6214401953124999 0.50663114375 0.5654434734375 0.5054320453125001 0.5586430421874999 0.4320761734375 0.5084708703125
4 0.7093996312499999 0.5197343390625 0.70048619375 0.511628375 0.6751275125 0.49506419687500003 0.6173204859375 0.455259828125 0.60741353125 0.45016073125 0.6005486171875 0.445966478125 0.5912991484375001 0.44255297968749996 0.5446297890625 0.5048292953125 0.5173541687500001 0.5467242375 0.5028695375 0.575923359375 0.567825071875 0.6261743640625 0.6200635078125 0.6520226453125 0.7075899109375 0.5258184781249999 0.7093996312499999 0.5197343390625
5 0.3274087578125 0.44584621562500004 0.387936025 0.35357868593749997 0.387857190625 0.3451783484375 0.368898134375 0.3330952375 0.3092586859375 0.295912753125 0.261041128125 0.37212114375 0.249264571875 0.392966896875 0.25016773593749997 0.4021758203125 0.3181584609375 0.4485582375 0.3274087578125 0.44584621562500004
5 0.5546449359375 0.479846825 0.5410767484375001 0.471109103125 0.5315542 0.48650967187500005 0.5155567265625 0.50935643125 0.52785430625 0.5164569703125 0.53319958125 0.521079584375 0.5492476984375 0.49900422187500004 0.5583243890625 0.48480753125 0.5546449359375 0.479846825
6 0.7333952625 0.536719165625 0.7116547359375 0.5214962843750001 0.61848595625 0.6557727640625 0.582727915625 0.634997834375 0.6368501609375 0.674599859375 0.7333952625 0.536719165625
1 0.7006924703124999 0.7636391875 0.7228850875 0.779872715625 0.7318067734375 0.8046274500000001 0.75266525 0.7736090765625 0.7702015125 0.7467206234375 0.7452748062500001 0.7460528109375 0.723296159375 0.7319544312499999 0.7006924703124999 0.7636391875
3 0.84347131875 0.6008961625 0.8717831578125 0.5604626640625 0.859450875 0.55225794375 0.7644899921875 0.6927936328125 0.732162696875 0.73773245 0.7444553953125 0.745083596875 0.79612105 0.6697486984375 0.84347131875 0.6008961625
2 0.8486112984374999 0.5452894296874999 0.7278978578124999 0.7227604203125 0.722606028125 0.730787190625 0.73367241875 0.7375019843749999 0.7498430578125 0.713669584375 0.7659442375000001 0.6903055484375 0.8039115765625 0.6349836828125001 0.8599895890625 0.5523734046875 0.8486112984374999 0.5452894296874999
2 0.771256315625 0.7459673640625 0.795902178125 0.710769425 0.8918407593750001 0.5744126109375001 0.8716976109375001 0.5607327984375 0.777870196875 0.6966451046875 0.76771465625 0.7123327515625 0.7448162359375 0.7456270453125 0.753095553125 0.74636485 0.762855978125 0.746046196875 0.771256315625 0.7459673640625
2 0.7213833593750001 0.7801652828125001 0.6905265625 0.8235884562500001 0.711132140625 0.8380166375 0.7341084671875 0.802623278125 0.7213833593750001 0.7801652828125001
3 0.708656384375 0.771253759375 0.6802542625 0.8150409375000001 0.6901326734375 0.8228610656249999 0.7212925343750001 0.77965009375 0.708656384375 0.771253759375
2 0.699899221875 0.7637671484374999 0.6695271125 0.8084328968750001 0.68013290625 0.8158591546875 0.7096868140625 0.771072075 0.699899221875 0.7637671484374999