4 0.42578125 0.3837890625 0.423828125 0.4658203125 0.42820206718750004 0.5214450453125 0.4861237 0.5175867859375 0.48676731249999994 0.53559195625 0.6167692890625001 0.5375210859374999 0.61328125 0.4404296875 0.6116206625 0.3786898640625 0.5054309296875 0.38126199375000003 0.42578125 0.3837890625
5 0.4392930375 0.52104805 0.4412255921875 0.5816805109375001 0.4845151453125 0.580521940625 0.5048828125 0.591796875 0.5316698718749999 0.5909491796874999 0.53089683125 0.5384267875 0.48528818593749995 0.5368820171875 0.48567469062499996 0.519503296875 0.4392930375 0.52104805
2 0.650892490625 0.2652619421875 0.65011948125 0.24517986718749998 0.603737828125 0.24595224375 0.6045108375 0.266420528125 0.650892490625 0.2652619421875
2 0.647930709375 0.22851420312499998 0.6452251140625 0.20495637812499998 0.611211890625 0.20572875625 0.6027086015625 0.2292866046875 0.647930709375 0.22851420312499998
3 0.6502498 0.2447343546875 0.6490902875 0.228900403125 0.603515625 0.2294921875 0.6042546515625 0.24434816874999998 0.6502498 0.2447343546875
0 0.6100076890625 0.378607040625 0.60383121875 0.274415140625 0.5354182671875 0.276732303125 0.5370268031250001 0.37986429374999997 0.6100076890625 0.378607040625
1 0.5353949109375 0.22993534375000002 0.5369643171875 0.267849834375 0.6026717046875001 0.26630505625 0.6038078625 0.22993534375000002 0.61426709375 0.20258304843750002 0.5261419046875 0.205672596875 0.5353949109375 0.22993534375000002
2 0.5261100875 0.2063178078125 0.346767609375 0.2113383421875 0.31043529531249997 0.23064803281250001 0.34290246875 0.2572954140625 0.37034495624999997 0.241075271875 0.40242559375000003 0.23566856875000003 0.5349998828125 0.23026183281249998 0.5261100875 0.2063178078125
3 0.33984375 0.2568359375 0.3109799703125 0.23215252031250003 0.2930153109375 0.24763861562499997 0.32506990625 0.275091253125 0.33984375 0.2568359375
2 0.2917735015625 0.24854218593750002 0.27846154375 0.2691586265625 0.26953125 0.3056640625 0.2792798515625 0.7266182515625 0.3212124703125 0.7266182515625 0.30859375 0.3212890625 0.3124070203125 0.296425565625 0.32505334218750004 0.2771392125 0.2917735015625 0.24854218593750002
3 0.3775505640625 0.23919413125000002 0.3636332390625 0.2449663390625 0.3400846546875 0.257831675 0.3270995796875 0.274204025 0.31256867499999996 0.298299178125 0.3094769921875 0.324247809375 0.31960458125 0.7274887703124999 0.3377199015625 0.727153559375 0.32802708593749996 0.3650242359375 0.327408740625 0.337839959375 0.3277179265625 0.3211586984375 0.330500421875 0.306948725 0.338229640625 0.2896496484375 0.3478138484375 0.27729314843749997 0.35987141718750004 0.266790134375 0.369672834375 0.26149586875 0.38070164218749997 0.25703551875 0.39173045 0.2530999140625 0.411162178125 0.252050425 0.53563031875 0.246540584375 0.53563031875 0.23184765624999998 0.51593600625 0.2315852890625 0.39356860625 0.236570384375 0.3775505640625 0.23919413125000002
2 0.3703511609375 0.260835521875 0.3471234421875 0.2771308453125 0.3357567203125 0.29589515624999996 0.327849403125 0.3141656828125 0.3283436375 0.3541632953125 0.33834109218749997 0.7266324796875 0.34871942499999997 0.72762005 0.33999639843749996 0.360678453125 0.3395021640625 0.33105059375 0.34267560937499997 0.3121904796875 0.3559161875 0.288980925 0.3798744015625 0.2746179125 0.5354162109375 0.26774869375 0.5368988359375 0.2470091890625 0.3925904515625 0.25342855468750003 0.3703511609375 0.260835521875