4 0.340927009375 0.5104718546875 0.4580078125 0.5234375 0.47031733593749997 0.5259041 0.46958211875 0.5325178968750001 0.4951171875 0.537109375 0.561478625 0.544275803125 0.5850041640625 0.3767258859375 0.362247009375 0.34806601875 0.341796875 0.4814453125 0.340927009375 0.5104718546875
6 0.4228921 0.52253158125 0.40625 0.5205078125 0.40625 0.5361328125 0.4248046875 0.5546875 0.5594765921875 0.5742873515625 0.5576912015625 0.5617945125 0.46306400156249994 0.5457324031249999 0.4248046875 0.537109375 0.4228921 0.52253158125
0 0.667892615625 0.4396785546875 0.661056678125 0.4367488671875 0.627933371875 0.4341937640625 0.6197249859375 0.46197577812499996 0.5686307 0.46871080468750004 0.565248509375 0.516711521875 0.5641604109375 0.55353013125 0.563895578125 0.5728250578125 0.592306309375 0.5741771875 0.535147325 0.7559997796875 0.5746502437500001 0.7599065953124999 0.591720740625 0.7092098046875 0.650314490625 0.5471004296875 0.667892615625 0.4572566796875 0.667892615625 0.4396785546875
5 0.38430217187500004 0.294420640625 0.36665803124999996 0.30764827499999997 0.3629821703125 0.32675484843749997 0.3725394296875 0.34512655 0.5838235125 0.372426471875 0.587209703125 0.3385127265625 0.4203256125 0.3172015546875 0.40488701093749996 0.294420640625 0.38430217187500004 0.294420640625
2 0.5711774453125 0.7816112828125 0.63759441875 0.79159545 0.6388967515624999 0.782913575 0.596701209375 0.775447946875 0.572265625 0.7744140625 0.5711774453125 0.7816112828125
2 0.39901071718750003 0.7452688875 0.31436164375 0.6732093031249999 0.296563625 0.6614887515625 0.29439312812499996 0.6723410890625 0.3154296875 0.69140625 0.4016152953125 0.760028084375 0.4385136375 0.7704463296874999 0.5262013999999999 0.7795623109375 0.53358105 0.768709959375 0.455009353125 0.7621985609374999 0.41984742500000005 0.756121209375 0.39901071718750003 0.7452688875
2 0.3004705046875 0.6332726359375 0.298300009375 0.6471636484375 0.3583984375 0.69140625 0.382080890625 0.714014125 0.4063903984375 0.7335483515625 0.3668874796875 0.67798431875 0.33302785468749996 0.651938678125 0.3004705046875 0.6332726359375
3 0.3427734375 0.67578125 0.2991682015625 0.647597740625 0.29693226093749997 0.66252545625 0.32210992968749996 0.6803233140625 0.352930865625 0.7059348328125 0.395537978125 0.7413620421875 0.41767692968750003 0.755253025 0.4571798484375 0.7621985609374999 0.5301082796875 0.768275853125 0.5344492421875 0.7556871625 0.477148334375 0.7517802875 0.42549069062499995 0.746137071875 0.3959720296875 0.7274710609375 0.3427734375 0.67578125
1 1 0.8427734375 0.9990234375 0.841796875 0.9833984375 0.841796875 0.9814453125 0.84375 0.9697265625 0.84375 0.966796875 0.8466796875 0.966796875 0.8525390625 0.96875 0.8544921875 0.966796875 0.8564453125 0.9677734375 0.857421875 0.9697265625 0.857421875 0.9716796875 0.859375 0.9814453125 0.859375 0.9853515625 0.86328125 0.9931640625 0.86328125 0.9951171875 0.865234375 1 0.8642578125 1 0.8427734375
3 0.638462640625 0.7685884703125 0.575084325 0.75860431875 0.5724797484375 0.775533990625 0.6371603078125 0.782913575 0.638462640625 0.7685884703125
1 0.5698751703125 0.785518128125 0.5724797484375 0.7664180093749999 0.5325427484375 0.76294525625 0.52820175625 0.77987494375 0.5698751703125 0.785518128125