4 0.6083674921875 0.6219375609375 0.6318620109374999 0.6614514796875001 0.675867134375 0.707209284375 0.69870440625 0.72597160625 0.7616997109375 0.6632216921875 0.6696933781250001 0.5674208078125 0.6542698921875 0.57379175625 0.656373096875 0.5531365546875 0.6458132703125 0.5389487 0.5977638640625 0.490285846875 0.5921947578125 0.4914732796875 0.5364379765625 0.5448025999999999 0.6083674921875 0.6219375609375
5 0.2564535625 0.2918092109375 0.230741909375 0.315785715625 0.21822347187500002 0.3181123828125 0.2835410453125 0.386724990625 0.3164430234375 0.35470811874999997 0.2564535625 0.2918092109375
5 0.4018111453125 0.28444802187499996 0.327169375 0.2058364375 0.2514146421875 0.2778141515625 0.31791964687499996 0.3519958640625 0.333053940625 0.353906275 0.4018111453125 0.28444802187499996
0 0.2564535625 0.2918092109375 0.230741909375 0.315785715625 0.21822347187500002 0.3181123828125 0.2835410453125 0.386724990625 0.3165394203125 0.351947665625 0.2564535625 0.2918092109375
0 0.74777071875 0.7394111640625 0.7206664828125 0.7086528046875 0.704321709375 0.7234039484375 0.7163099625 0.736259775 0.7325885171875 0.7531741796875 0.74777071875 0.7394111640625
1 0.7529324578125001 0.7464358015625 0.7417177109375 0.7576829484375 0.7759644375 0.7944080671875 0.7873475421875 0.784187765625 0.7774922875 0.7740424515625 0.763321225 0.758845846875 0.7529324578125001 0.7464358015625
3 0.757523965625 0.7432266390625 0.7533403453124999 0.746450053125 0.7641370000000001 0.758874353125 0.8020024765624999 0.7211965953125 0.81541461875 0.7079366609375 0.8060904234375 0.697937684375 0.757523965625 0.7432266390625
3 0.7418112890625 0.757878946875 0.7013652953125 0.7947918031250001 0.6808075953125 0.81396216875 0.6758269234375 0.8116185546875 0.7113796765625 0.8497442140624999 0.7367460015625 0.8274873078124999 0.721354559375 0.8229720703125001 0.7094830375 0.8095414484375001 0.7146360984375 0.8032111390625 0.7248596890625 0.7929149859375 0.7443948453125 0.775841921875 0.7509615984375 0.7685745625 0.7469015421874999 0.7641360890625 0.7418112890625 0.757878946875
2 0.73513556875 0.8287817687500001 0.7451150609375 0.8215621656250001 0.7749342953125 0.7936133671875 0.7519570578125 0.7696683828124999 0.7346695484375 0.78449291875 0.7096147578124999 0.8092671906250001 0.7229350375 0.8235514421874999 0.73513556875 0.8287817687500001
2 0.8171574328125001 0.7082199078125 0.7640910812499999 0.7583532234375 0.787044903125 0.7829681828124999 0.822250021875 0.7496326515625 0.84078123125 0.7328582453125 0.8284960859374999 0.7196840390625 0.8171574328125001 0.7082199078125
6 0.5535406375 0.4571734015625 0.49831200468750003 0.507828140625 0.532297296875 0.544658003125 0.5924357515625001 0.4845721453125 0.4858735078125 0.3702981296875 0.402679565625 0.28086511718749996 0.39540191875 0.288498484375 0.483939309375 0.37981079218749997 0.5535406375 0.4571734015625
6 0.2242151390625 0.288155740625 0.205734221875 0.3053894734375 0.21702653593750001 0.3167864359375 0.22597921250000003 0.3164114828125 0.22351972187500002 0.308073653125 0.2231686296875 0.29843414375 0.2242151390625 0.288155740625