4 0.4817250296875 0.39953833125 0.46668021406250004 0.39098805312499996 0.4070864109375 0.4023793453125 0.35698989062500003 0.42360535937500005 0.3390628453125 0.4219111640625 0.32099118125000003 0.42850211250000003 0.3206296375 0.44921497656250003 0.3310980265625 0.4825483828125 0.35874740625 0.4878616703125 0.3376407703125 0.5033817609375 0.349273090625 0.5491669890625 0.3448653859375 0.5642841125 0.369968840625 0.6296423765625 0.384989553125 0.6395735109375 0.466942209375 0.6133784343750001 0.45792698749999994 0.575926559375 0.4689256421875 0.5788810984375 0.46485537812500005 0.574666215625 0.47323693593750005 0.5692874031249999 0.5223575890625 0.55190640625 0.4817250296875 0.39953833125
0 0.3376407703125 0.5033817609375 0.329379728125 0.5018562859375 0.309903103125 0.509803990625 0.312230965625 0.5347076328125 0.2705160015625 0.550554834375 0.2659877828125 0.572576246875 0.28556780625 0.6378380984375001 0.2978268046875 0.647721028125 0.307909171875 0.65522586875 0.31366968906250003 0.6569082328125 0.32856150781250004 0.64770248125 0.337895778125 0.64703915625 0.360182321875 0.63637794375 0.36735174375 0.621309025 0.3448653859375 0.5642841125 0.3466077875 0.5435953515625 0.3376407703125 0.5033817609375
5 0.4831058875 0.399562434375 0.5022279562499999 0.4910605796875 0.5220008046875 0.5452755703125 0.559332165625 0.5431646359375 0.5829995671875 0.532527525 0.5860987234375 0.5132437249999999 0.5693286203125 0.4452683640625 0.5093903875 0.3972586765625 0.4831058875 0.399562434375
2 0.2941742734375 0.7010620890625 0.27662440781250003 0.6352641921875 0.2519016625 0.62236286875 0.2564974890625 0.641474509375 0.27686958437500003 0.7096006015625 0.2941742734375 0.7010620890625
2 0.2521117984375 0.5516729484375 0.2186148953125 0.4377653546875 0.19784530312499998 0.445737178125 0.23274689999999998 0.55913635625 0.2521117984375 0.5516729484375
1 0.22196905937500003 0.56213895 0.1889248890625 0.5560370484375 0.21492714375 0.649036565625 0.2402405359375 0.623234125 0.276058025 0.61440656875 0.269303121875 0.5966168078125 0.259059390625 0.573836590625 0.2511116875 0.554359965625 0.22196905937500003 0.56213895
3 0.2328752 0.5590802671875 0.19882519062499998 0.44480486093750005 0.1816593828125 0.44866439218750004 0.21375622343749998 0.557851759375 0.2192073453125 0.56209074375 0.2328752 0.5590802671875
3 0.2769085578125 0.707927071875 0.250487125 0.619595803125 0.23883557500000002 0.6245908796874999 0.2359051390625 0.6342086765625 0.25913627968749997 0.71351198125 0.2769085578125 0.707927071875
2 0.236123875 0.6264094828125 0.21579903906250003 0.6523955640625 0.23189007031250003 0.7059650656249999 0.23817416875 0.720717503125 0.2609321109375 0.7141828328125001 0.23857044218749998 0.6397803125 0.236123875 0.6264094828125
2 0.1694727140625 0.484959109375 0.17586193125 0.51603259375 0.18811973437500001 0.55506449375 0.20470258593750001 0.5581265625 0.21846511875000002 0.5639121203124999 0.2087210375 0.539711915625 0.18209714531250001 0.4500583984375 0.157572009375 0.4519410125 0.1694727140625 0.484959109375
5 0.4797555765625 0.5915016390625001 0.4704029109375 0.5733817703125 0.4592837421875 0.57733151875 0.4672073421875 0.5981890015625 0.4797555765625 0.5915016390625001