4 0.6945620671875 0.49317895156249997 0.6631833734375 0.38520020625 0.5261907015625 0.42867933125 0.5393542890624999 0.49511647031250006 0.5687865859375 0.578024615625 0.5748836390625 0.5812664765625 0.6090747671875001 0.5728555656250001 0.6824119984375 0.5555400406250001 0.703112275 0.54308423125 0.70113745625 0.5232643265625 0.6945620671875 0.49317895156249997
5 0.523287878125 0.445905746875 0.5265297390625 0.43980869375 0.5065433921875 0.3744362984375 0.4100670625 0.40291088906250005 0.4312728203125 0.46893165625 0.4380182453125 0.47095410624999995 0.523287878125 0.445905746875
5 0.3481741515625 0.604625271875 0.317492740625 0.4975906171875 0.3070890828125 0.49362305156249997 0.28302836249999996 0.5029137125 0.2659978640625 0.5061858984375001 0.23351985156250002 0.5202001562499999 0.22637950624999997 0.5224687390625 0.2463741046875 0.59898606875 0.2566527984375 0.6326061578125 0.3274738734375 0.61708108125 0.34550332968749997 0.6125901078125 0.3481741515625 0.604625271875
0 0.7721669828125 0.35143446875 0.7638334062500001 0.314156146875 0.5129550093749999 0.38194068125 0.524415403125 0.41942594375000003 0.6507627109375 0.3815429390625 0.714914090625 0.36791725 0.7721669828125 0.35143446875
3 0.8249570187499999 0.3975857515625 0.8139364640625001 0.343731184375 0.7945030421875 0.3476692 0.80791149375 0.40415960625 0.8249570187499999 0.3975857515625
1 0.8331554406249999 0.333809609375 0.8175827343750001 0.2895538625 0.7842243484375 0.3140491109375 0.79149318125 0.3445046734375 0.8331554406249999 0.333809609375
2 0.8125324968750001 0.343178225 0.8247086749999999 0.3997054125 0.835189665625 0.40058578437500003 0.8465510296875 0.3909851671875 0.834559221875 0.3517617296875 0.8125324968750001 0.343178225
2 0.8152985796875001 0.28208273125 0.8026584 0.2440787046875 0.7833322 0.2510085 0.7981792015625 0.29957085 0.8152985796875001 0.28208273125
3 0.7987502390625 0.3014386328125 0.77967396875 0.2490633828125 0.7683899390625 0.2555768078125 0.7866631703125 0.3153458546875 0.7987502390625 0.3014386328125
2 0.8781425171875 0.5110169671875 0.8598037265625 0.5278567140625 0.8743890234375 0.5622025093749999 0.8927699046875001 0.5526123578125001 0.8781425171875 0.5110169671875
3 0.8677982656250001 0.5540056718749999 0.8567165328125 0.52777938125 0.8491680687500001 0.5331507281250001 0.8497884109375 0.5589407921875 0.8677982656250001 0.5540056718749999