4 0.5129351984375 0.43150164843749994 0.4953351890625 0.495579121875 0.48346266875 0.493133784375 0.477711746875 0.5128120890625001 0.4905518625 0.5164713625 0.48208545156250004 0.5367268593750001 0.4779770671875 0.590838190625 0.5915600703125 0.6178039 0.604506503125 0.5736308875 0.6220328859375 0.533963878125 0.6317050515625 0.541891790625 0.668935596875 0.5479555078125 0.683679409375 0.4998945359375 0.6871097421875 0.4597850453125 0.6359508203125 0.4491384125 0.6067175703125 0.442090715625 0.5892111828125 0.4465216984375 0.5568566875000001 0.4340022453125 0.5129351984375 0.43150164843749994
0 0.675198278125 0.543948609375 0.726082740625 0.5537793375 0.7411038546875 0.5569139203125 0.7544858 0.49482796875 0.6880125953125 0.47800752031249993 0.6756452765625001 0.5325520078125 0.675198278125 0.543948609375
1 0.7825376734375 0.5657405796874999 0.7922698109375 0.5786476421875 0.8014759281250001 0.579685959375 0.8207790890625001 0.49671096718749996 0.7971015718750001 0.5027421578125 0.7656023609375 0.495460209375 0.770129184375 0.5214542484375 0.767180421875 0.5310664421875 0.7553716500000001 0.5365716140625 0.751730675 0.5523212187500001 0.7552654296875 0.5595569203124999 0.7825376734375 0.5657405796874999
3 0.8034651453125001 0.49040736406249996 0.8251962625000001 0.3999865359375 0.8049180890625 0.39232044843749997 0.7855189609375001 0.49522032187500004 0.8034651453125001 0.49040736406249996
3 0.7802211515625 0.5642362125 0.7676002234375 0.56592049375 0.7573695125000001 0.6070318984374999 0.7686659875 0.6226015890625 0.7841020125 0.56840320625 0.7802211515625 0.5642362125
3 0.747392409375 0.701003509375 0.75346985 0.6967165718749999 0.7710424812500001 0.62908510625 0.7593999 0.6165841203125 0.747424934375 0.640095446875 0.73772024375 0.693075596875 0.747392409375 0.701003509375
3 0.7077065984375001 0.77732879375 0.726404965625 0.771357575 0.74041031875 0.7573984703125001 0.7505810578125 0.7113079156250001 0.7489567484374999 0.7036661375000001 0.7370280328125001 0.6992130078125001 0.7241946640625 0.7468679015624999 0.7036458234375 0.7582243484375 0.40897639531249996 0.68707541875 0.3679249609375 0.6818238578125 0.38999189218749997 0.70109449375 0.7077065984375001 0.77732879375
2 0.6204446671875 0.75194819375 0.3984458265625 0.7032910734375 0.388893603125 0.7053214609375 0.3832822125 0.71649799375 0.4117726890625 0.7284129859374999 0.6576289625 0.7859763656250001 0.68559341875 0.7860226140625 0.7031335265624999 0.7792992109375 0.6204446671875 0.75194819375
2 0.7852602734375 0.569155390625 0.771674721875 0.6179685453125 0.778398125 0.6355086515624999 0.788416396875 0.640367859375 0.7961643953124999 0.6157582421875001 0.7882827296875 0.5974659531250001 0.799745396875 0.5950294875 0.7852602734375 0.569155390625
2 0.7704976593749999 0.7110680296874999 0.7498288750000001 0.7124661765625 0.7406364812499999 0.744371465625 0.7419146859375 0.7550819484375 0.750308646875 0.752299378125 0.7704976593749999 0.7110680296874999
2 0.7224366875 0.6963242171874999 0.7104017515625001 0.71485639375 0.675035403125 0.73635105625 0.637518725 0.7383351953124999 0.6951918906250001 0.7560277703125 0.7127919687500001 0.7542835171875 0.725985165625 0.7365035234375 0.7324549593749999 0.701183425 0.7224366875 0.6963242171874999
2 0.388487525 0.703411015625 0.3832822125 0.71649799375 0.4244535890625 0.7317078546875 0.6576289625 0.7859763656250001 0.70122308125 0.7797052875 0.6035368015625 0.747555034375 0.3984458265625 0.7032910734375 0.388487525 0.703411015625
2 0.79163219375 0.3924830828125 0.771145959375 0.49664045625000003 0.783236090625 0.5033855968750001 0.8121809437499999 0.4014224046875 0.79163219375 0.3924830828125
2 0.8423842453124999 0.4056480953125 0.8262001046874999 0.398442540625 0.8012085953125 0.493882146875 0.8062477171875001 0.49880132499999996 0.827774903125 0.47325961093749996 0.8423842453124999 0.4056480953125
2 0.7671941453125 0.5640100484375 0.751444540625 0.560369075 0.741559934375 0.5984117734375001 0.7459068453125 0.6094683640625 0.7554590671875 0.6074379765625 0.7671941453125 0.5640100484375