4 0.6575145906250001 0.5451858578125 0.634666353125 0.5319896328125 0.5864376390625 0.5180756609375 0.5840614140625 0.506435328125 0.575091528125 0.49941814375 0.5920727578125 0.4782551 0.6041722359375 0.417124384375 0.6145687109375 0.38698255000000004 0.6206006390625001 0.3836210703125 0.619218575 0.35277039375 0.5506649593749999 0.326783659375 0.533286921875 0.311487621875 0.50328329375 0.30417621562499997 0.4844875703125 0.3124372578125 0.46456838593749994 0.32322163593750003 0.4656829421875 0.3343002390625 0.456980565625 0.347055128125 0.4316000875 0.34633738125 0.423882965625 0.35348386718749997 0.3972988796875 0.4777069046875 0.394490225 0.484015246875 0.3675627609375 0.490167571875 0.3497077671875 0.5608299031249999 0.353907390625 0.5717702984375 0.36596234375000003 0.5786492765625 0.5813108203125 0.6382461859374999 0.5965979515625001 0.6344700859375 0.594489234375 0.6426018265625 0.6033209125 0.64653394375 0.6029062921875 0.637278740625 0.5932364703124999 0.6284381578125 0.6030801203125 0.585956053125 0.6454240171875 0.5927146343749999 0.6575145906250001 0.5451858578125
0 0.6268934890625 0.5299254125 0.6484064984375 0.53508360625 0.663083921875 0.477569028125 0.67748720625 0.4527898453125 0.6859787796875 0.4429463453125 0.7016139796875 0.4357963546875 0.716707715625 0.43172468437499995 0.71101078125 0.383965465625 0.6693910843750001 0.3962733734375 0.6483943796875 0.4108721421875 0.6271995125000001 0.43795313281250003 0.62002155625 0.45965355468749997 0.6170057078125 0.47573764374999994 0.6026423375000001 0.52300384375 0.6268934890625 0.5299254125
0 0.28074443125 0.4276995078125 0.256692834375 0.5287597703125 0.349716671875 0.5472279640625 0.36153083124999996 0.4935290515625 0.3055939 0.4731596265625 0.28074443125 0.4276995078125
5 0.554494490625 0.2604591578125 0.5504063578125 0.293409646875 0.5809717156249999 0.2994593859375 0.587444978125 0.26454729062500004 0.554494490625 0.2604591578125
1 0.7355342984375 0.3820150046875 0.7203649640625 0.384393403125 0.7252179734374999 0.428457903125 0.7645614921874999 0.4277076796875 0.779450921875 0.43806675625 0.775582665625 0.3666418765625 0.7561694515624999 0.38040890625 0.7355342984375 0.3820150046875
6 0.598507721875 0.4529855125 0.59418215625 0.47014644375000003 0.616388671875 0.4771226609375 0.620638578125 0.4582685015625 0.598507721875 0.4529855125
6 0.62191715 0.3538669203125 0.621171275 0.36875746249999997 0.63948349375 0.3861621609375 0.6568290390625 0.4059120890625 0.6662301562499999 0.3959883046875 0.6490766859375 0.3767387546875 0.6393444734375 0.36784457187499997 0.62191715 0.3538669203125
6 0.40855130781250004 0.42526966093749996 0.3976198171875 0.4158673453125 0.384717815625 0.41768184062499997 0.37073603125 0.469538428125 0.3127648203125 0.45541382812500003 0.30870524062500004 0.470723840625 0.31074296874999996 0.4742632890625 0.34547620625 0.4848762125 0.36170503125 0.49073741406250004 0.367847215625 0.48437557968749995 0.3901434890625 0.483591721875 0.40855130781250004 0.42526966093749996
6 0.3152038734375 0.3518318109375 0.322851940625 0.3165155 0.3064239703125 0.32282160625 0.299211728125 0.356204396875 0.2903601984375 0.39532409375 0.2828469828125 0.430190971875 0.29380608750000003 0.44953364375 0.30485701718749997 0.404668753125 0.3152038734375 0.3518318109375
6 0.2578555703125 0.52927225 0.24874493281249999 0.5669162125 0.25991344375000003 0.57146006875 0.2688690375 0.53034320625 0.2578555703125 0.52927225
3 0.7277146375 0.229797815625 0.7231051125 0.2139667265625 0.7127653765625 0.1895793734375 0.7186346703125001 0.18830416562500002 0.7174601203125001 0.1814214921875 0.701401290625 0.1756986328125 0.5910592109375 0.206810221875 0.561114865625 0.21503019218750002 0.497019478125 0.23335786718749998 0.4562873484375 0.2468106046875 0.39851247968750003 0.2632750421875 0.339024921875 0.2815564671875 0.3137767640625 0.28800661875 0.30456086875 0.31504836406250003 0.32983925 0.30528110937499997 0.3302707796875 0.2987597234375 0.33938704375 0.2957492015625 0.416174390625 0.27360684218750003 0.4846757015625 0.25268961874999996 0.576393715625 0.225304796875 0.6633174687500001 0.20220490937500002 0.7021262796875 0.1902410109375 0.7121684328125 0.2176760046875 0.7220958640624999 0.2652000671875 0.7329055343750001 0.3162967296875 0.739354734375 0.3522112828125 0.7424122234375 0.38183853437500004 0.7568026484375 0.37948118124999997 0.7523375046874999 0.35162779375 0.7504146109375001 0.337698809375 0.7477034515625001 0.3213722 0.734509809375 0.2589680953125 0.7277146375 0.229797815625
3 0.7266778406250001 0.6474799046874999 0.7303793203125 0.626003871875 0.739352425 0.5906261703125 0.7447541453125 0.5535400296875 0.7515492640625 0.5090225687500001 0.7566280953125 0.4752433515625 0.758468840625 0.4427071015625 0.7570224984375 0.42787799375 0.7439680859375 0.4270536625 0.7460488828125 0.4490661546875 0.7397918796875 0.48807209374999994 0.7355305671875 0.522598515625 0.731559996875 0.549586384375 0.73005335 0.5650185578125 0.72598079375 0.5862101640625 0.7243023015625 0.5942813953125 0.7188860984375001 0.617863225 0.7141237765625 0.643811046875 0.7266778406250001 0.6474799046874999
2 0.405291834375 0.2772034609375 0.390046746875 0.2806047328125 0.3606436484375 0.289440746875 0.33000734375 0.2990565 0.32936409218749996 0.3069620921875 0.36591764531250004 0.2959939671875 0.43177746250000004 0.2762038296875 0.49516736562499997 0.25704465781249997 0.52887125625 0.24661992187499998 0.5576524125 0.23821581875 0.593403740625 0.22660732968750003 0.671058753125 0.202879440625 0.6704924015625 0.2003682046875 0.646212553125 0.206801784375 0.628750375 0.21118826093749998 0.592007221875 0.22159111406249998 0.5637468765625 0.22921037812499997 0.5514670046875 0.2326306953125 0.5427954265625 0.2353126625 0.524212590625 0.241368046875 0.476071946875 0.25618264218750003 0.4353317078125 0.2684293578125 0.405291834375 0.2772034609375
2 0.75722733125 0.380161571875 0.7706383171875 0.3740229671875 0.7750855750000001 0.3673527328125 0.769831484375 0.330845675 0.7453375875 0.215920821875 0.734855834375 0.19683000625 0.726408390625 0.188515509375 0.7224420953124999 0.1854852296875 0.7198709984375 0.184424584375 0.716183584375 0.1933540546875 0.7220931875 0.21013436093750001 0.7292156796875 0.2305146515625 0.7401400765624999 0.282706175 0.7524382125 0.34556584687499997 0.75722733125 0.380161571875
2 0.732450584375 0.38269608125 0.7419881421875 0.38153003750000003 0.7405938171875001 0.36210459687499996 0.7377646859375 0.3435863421875 0.7315063515625 0.30963171875 0.7233399765625 0.27070647812500004 0.7123604390625 0.2213005984375 0.70312653125 0.19587254062499998 0.7011644015625 0.19156988125000002 0.6905497828125 0.1945751453125 0.670625565625 0.2004468734375 0.6750690640625 0.20927667656249999 0.683238090625 0.23614408125000003 0.7111906640625001 0.33846020781249997 0.720068765625 0.383884615625 0.732450584375 0.38269608125
2 0.7384285515625 0.49755940781249997 0.73990605 0.48760109687500003 0.74123954375 0.4760124796875 0.7439965609375 0.46122863125 0.74491011875 0.449801203125 0.7452057703125 0.4436677609375 0.7449546078125 0.43485461562500005 0.743895259375 0.4270741046875 0.7351360453125 0.42856845000000005 0.724922103125 0.42785565468750003 0.72573373125 0.43949994062500003 0.7265629687499999 0.4580103453125 0.7269886203125 0.4677573671875 0.7266922703125 0.47469735156250004 0.7261942765625 0.49141976718749997 0.72470399375 0.5170348812500001 0.723255475 0.5415035500000001 0.7196508875000001 0.5660038968750001 0.71570946875 0.58774395 0.7125641953125 0.603399225 0.7090381859375 0.6212006015625 0.70411288125 0.6416327421875 0.7082780921875 0.6424418609375 0.7132586140625 0.64286444375 0.7207872859375 0.60850338125 0.726584409375 0.5777902796875 0.728442659375 0.5656858734375 0.7317224390625 0.5434774015625 0.7367848390625 0.5133606875 0.7384285515625 0.49755940781249997
2 0.7519397078125001 0.5132688546875 0.7409377328125 0.5816238125 0.7284088093750001 0.6372206796875 0.7271270109375 0.64506705 0.731346765625 0.6475993453125 0.7398935234375 0.6478571515625 0.7448104984375 0.6445231812500001 0.7492450203125001 0.6393454000000001 0.7528129375 0.6299448921875 0.7555996796875 0.6126034140625001 0.760031646875 0.585663290625 0.7696970703125 0.5210426265625 0.7791473250000001 0.45874590312499997 0.777194625 0.442758834375 0.7736949375 0.4336418375 0.7666866578125 0.429009784375 0.758960878125 0.42812923124999996 0.75812675625 0.464441953125 0.7519397078125001 0.5132688546875
1 0.705285140625 0.6916851734375 0.7186944625 0.696389790625 0.7279938328125 0.700314346875 0.73523435625 0.706777359375 0.74647865 0.6447512703125 0.7381967203124999 0.6484406046875 0.72061410625 0.6465168218749999 0.702964275 0.6430882796875 0.6939670859375 0.6848057109375 0.705285140625 0.6916851734375
0 0.590065471875 0.6481623375 0.5943381296875 0.652644409375 0.63100329375 0.6630587578125 0.6759813078125 0.6738534078125 0.6894565296875 0.6783742328125 0.6986916171875001 0.6386062078125 0.6739964031250001 0.632780303125 0.648794521875 0.6189859921875 0.6350196140625 0.604376546875 0.6336232171875 0.5967496390625 0.635646003125 0.591381515625 0.6268210921875 0.58966725 0.6026070703124999 0.581105728125 0.5897766875 0.624804765625 0.5887362875 0.6420401890625 0.590065471875 0.6481623375
2 0.5347255343749999 0.2202362328125 0.6996843046875 0.1754368890625 0.685324175 0.1675051171875 0.6599137093749999 0.16583309375 0.422083040625 0.23617971718750003 0.3786116828125 0.2503276640625 0.3570624828125 0.2636779359375 0.3470086015625 0.2738851375 0.34496166562499997 0.2784796203125 0.5347255343749999 0.2202362328125