4 0.5311249015625 0.65112815625 0.33159906875 0.6236521171875 0.3203163171875 0.6410260328125 0.31225740156250004 0.708676421875 0.31299325625 0.7356505921875 0.34293045625 0.7421385515625001 0.3840875328125 0.74766951875 0.428848178125 0.7567183265625 0.4635669765625 0.762189925 0.51998308125 0.7723311078124999 0.5273451828125 0.7507711296874999 0.537788334375 0.6636891140625 0.5311249015625 0.65112815625
0 0.5561849421875 0.7030103921874999 0.54974905 0.7355188125 0.536305728125 0.7601745906249999 0.5623862796875 0.7573002 0.665145784375 0.7719368281250001 0.6761799421875 0.7041596328125 0.6779476468750001 0.694033715625 0.5935510546875 0.681787765625 0.5589340875000001 0.6761790796875 0.5561849421875 0.7030103921874999
2 0.5756469078124999 0.124260240625 0.43014265468749996 0.1100826890625 0.34703055 0.100070359375 0.33911298125 0.1448085546875 0.5928511171874999 0.18108571874999999 0.6972751171875 0.1974908328125 0.7564030015625 0.20782912343749999 0.7623352578125 0.17786474375 0.7658889656250001 0.14635569843750001 0.6965695968750001 0.1385371984375 0.5756469078124999 0.124260240625
2 0.782563403125 0.4595747078125 0.796626878125 0.3361136828125 0.7988487296875 0.3095204234375 0.7981001625 0.29635300625 0.8005260906249999 0.2691840203125 0.8094481328124999 0.20988063124999998 0.808306309375 0.18039480937500002 0.8047621796875 0.1637209859375 0.7902823437500001 0.1534721703125 0.7676007625 0.1480420171875 0.7516671374999999 0.26080791406250003 0.7437529484375001 0.3034236859375 0.686567853125 0.7024311812499999 0.7118601828125 0.696029975 0.7474153625 0.7089750359375 0.757048153125 0.6433698531250001 0.7673537953125 0.5519934671875 0.782563403125 0.4595747078125
1 0.6883348203125 0.6955857578125 0.67586128125 0.7731155515625 0.7074204640625 0.78537665 0.7333545328125 0.775870675 0.742606896875 0.7489445375 0.74450361875 0.7155948546875 0.7476382515625 0.706389590625 0.7319616140625 0.7011809390625 0.7157021140625 0.6955937624999999 0.6883348203125 0.6955857578125
2 0.7015159546875 0.7846019359375 0.674247284375 0.7739643187499999 0.6642108624999999 0.85112120625 0.6847165359375 0.85517388125 0.7043731359375001 0.8619283828125001 0.732165171875 0.86695364375 0.7345177546875 0.8494472390625001 0.7388010546875 0.8188328203124999 0.7388770546875 0.8023829640625 0.7412945265625 0.7868643796875 0.741558715625 0.7746615671875 0.7015159546875 0.7846019359375
5 0.38463054531249996 0.47859707812499996 0.365812234375 0.4746099984375 0.3467077890625 0.4786707734375 0.3213597125 0.5050246421875 0.3270447984375 0.531770865625 0.3233438515625 0.5425413203125 0.3525865125 0.553298053125 0.3786405234375 0.5537503781249999 0.39872331562499996 0.5355043359375 0.40612520781250006 0.5139634265625 0.400094015625 0.49028590781250003 0.38463054531249996 0.47859707812499996
5 0.59721083125 0.5721864921875001 0.6019375453125 0.6003946906250001 0.620209859375 0.6052363187500001 0.637995609375 0.603774221875 0.6487201640625 0.59707706875 0.6530385515625 0.586219746875 0.65005245 0.566975621875 0.6260936609375001 0.5530683234375 0.6108101046875001 0.55631694375 0.59721083125 0.5721864921875001
5 0.5270590484375 0.7588189859375001 0.55386524375 0.7581130500000001 0.5556557453125001 0.7477486734375 0.5502105453125 0.74091905 0.53370875625 0.7384363359375 0.5270590484375 0.7588189859375001
5 0.35544277812499997 0.5996147703125 0.363144528125 0.6029696109375 0.38606986249999997 0.5980966796875 0.38172295312500004 0.5870400906250001 0.353412390625 0.5900625484375001 0.35544277812499997 0.5996147703125
5 0.42549698593749996 0.5957064640625 0.4074908296875 0.595540271875 0.399456696875 0.62819774375 0.407158446875 0.631552584375 0.4235402921875 0.624076996875 0.42943781718749996 0.604852609375 0.42549698593749996 0.5957064640625
6 0.5703719734375 0.6283325359374999 0.5819350140624999 0.63067011875 0.578763765625 0.6435170890624999 0.5758090453125 0.66258894375 0.5710675203125 0.6801962078125 0.5877744234375 0.6807027046874999 0.5987868421875 0.619710634375 0.581682703125 0.6155998265625 0.5694888265625 0.61376519375 0.5539685921874999 0.6118998765625 0.534191059375 0.6090950640624999 0.5125960390625 0.6081520953124999 0.4844011328125 0.6056609796875 0.47306314374999997 0.6043821453125 0.44676075312499997 0.6003821515625 0.4267581609375 0.596518540625 0.4290917109375 0.6079213140624999 0.43679346093750004 0.6112761546875001 0.5703719734375 0.6283325359374999