4 0.546875 0.6572265625 0.54296875 0.4794921875 0.3701171875 0.478515625 0.37109375 0.6474609375 0.4521484375 0.650390625 0.458984375 0.6630859375 0.458984375 0.6865234375 0.46875 0.6904296875 0.4892578125 0.689453125 0.4951171875 0.666015625 0.5341796875 0.66796875 0.546875 0.6572265625
1 0.4306640625 0.818359375 0.3896484375 0.8203125 0.373046875 0.8388671875 0.3759765625 0.84765625 0.41015625 0.8466796875 0.4677734375 0.845703125 0.470703125 0.8408203125 0.4541015625 0.8203125 0.4306640625 0.818359375
0 0.4345703125 0.650390625 0.3837890625 0.650390625 0.38671875 0.8037109375 0.3994140625 0.80859375 0.439453125 0.8076171875 0.453125 0.8037109375 0.44921875 0.6865234375 0.4375 0.6767578125 0.4345703125 0.650390625
2 0.3671875 0.8466796875 0.3868662359375 0.820448390625 0.335958228125 0.823922896875 0.3348011921875 0.849402646875 0.3671875 0.8466796875
2 0.4716796875 0.84375 0.53515625 0.8427734375 0.54296875 0.8408203125 0.5400390625 0.818359375 0.458984375 0.8212890625 0.4716796875 0.84375
2 0.693359375 0.7509765625 0.693359375 0.7099609375 0.6884765625 0.705078125 0.6714884734375001 0.705789678125 0.6703314375 0.7636981375 0.6435546875 0.80078125 0.6103515625 0.81640625 0.5703125 0.8212890625 0.5732421875 0.841796875 0.595703125 0.8408203125 0.6220703125 0.837890625 0.6435546875 0.828125 0.673828125 0.7998046875 0.693359375 0.7509765625
2 0.6969425296875 0.6768354765625 0.697265625 0.1806640625 0.6738024390625 0.1829160359375 0.6761165124999999 0.6814681328125001 0.6969425296875 0.6768354765625
3 0.69116355 0.704661221875 0.6934776234375 0.681497828125 0.678436575 0.6791815265625 0.6738085359375 0.7023448671875 0.69116355 0.704661221875
3 0.6738085359375 0.691921346875 0.67265160625 0.1869597625 0.654296875 0.1826171875 0.650390625 0.7490234375 0.64453125 0.7705078125 0.626953125 0.7900390625 0.6328125 0.8017578125 0.658203125 0.7822265625 0.6657096 0.756778871875 0.6691806031249999 0.727824615625 0.6738085359375 0.691921346875
3 0.341796875 0.8076171875 0.3447265625 0.818359375 0.3701171875 0.814453125 0.3876953125 0.8203125 0.3935546875 0.810546875 0.4169921875 0.8125 0.4208984375 0.818359375 0.4267578125 0.810546875 0.447265625 0.8154296875 0.4423828125 0.818359375 0.486328125 0.8193359375 0.5771484375 0.81640625 0.636784540625 0.8054219625 0.6194295265624999 0.7949984421875 0.341796875 0.8076171875
6 0.4638671875 0.70703125 0.451171875 0.7080078125 0.451171875 0.7216796875 0.462890625 0.7216796875 0.482421875 0.7041015625 0.4736328125 0.69140625 0.466796875 0.6943359375 0.4638671875 0.70703125
3 0.568359375 0.8427734375 0.5703125 0.8193359375 0.5439453125 0.81640625 0.54296875 0.8408203125 0.568359375 0.8427734375