4 0.39438375468750003 0.3136357578125 0.3738339046875 0.3242780796875 0.34587709218749996 0.340153603125 0.429551459375 0.49125307031250004 0.43843054375 0.482994765625 0.45561551875 0.5136511984375 0.5427959578125 0.4646436203125 0.52890998125 0.440191828125 0.5396218765625 0.43538054062500003 0.46948401406249995 0.300707190625 0.42878659687500004 0.320104084375 0.41962254374999997 0.30286900625 0.39438375468750003 0.3136357578125
5 0.6849220593750001 0.5399283765625 0.6215698109375001 0.41480003749999994 0.6007406140625 0.42320873125 0.54474881875 0.455192146875 0.609556903125 0.58331881875 0.6849220593750001 0.5399283765625
5 0.7217715609375001 0.608243659375 0.7118743875 0.589629784375 0.6968453234374999 0.5613642265625 0.6528126234375 0.5835458765625 0.678083065625 0.6331527953125 0.7217715609375001 0.608243659375
5 0.4388701640625 0.528745021875 0.446828590625 0.553695596875 0.4618141859375 0.5802155953125 0.48041670468750003 0.5835890765625 0.49622723750000003 0.5761097187499999 0.5102420265625 0.5775061265625 0.5354031 0.6227470937499999 0.6018513046875 0.5896280078125 0.5474743640625 0.470114815625 0.49172656718749996 0.5010809859375 0.4697117609375 0.511680440625 0.4388701640625 0.528745021875
0 0.6927467453125 0.5378447640624999 0.71692933125 0.526755259375 0.5709507078125 0.24888179375 0.52553190625 0.235006140625 0.471128771875 0.1327159765625 0.41638580625 0.16289529375 0.456576875 0.23010774843749998 0.4473897078125 0.2514632765625 0.46184316875000003 0.2705774703125 0.48303714218750005 0.29651055937500004 0.47810252656249996 0.311242825 0.512475178125 0.38194005781249996 0.5412004578125 0.429912775 0.540853290625 0.44351503281250004 0.5409836234375 0.448751565625 0.6221305359375 0.410026525 0.6319165156250001 0.4101290609375 0.66475773125 0.4802135484375 0.6927467453125 0.5378447640624999
2 0.3661985859375 0.1464297046875 0.3669304703125 0.158206834375 0.382375346875 0.1643729796875 0.4013449234375 0.1542866765625 0.40600529375 0.1484906375 0.39166240625 0.13399637656250002 0.3661985859375 0.1464297046875
2 0.16236702812499998 0.25400869843749996 0.17347581406249998 0.2749012890625 0.2141812296875 0.2515913265625 0.2138178203125 0.22772379375 0.16236702812499998 0.25400869843749996
3 0.164928065625 0.2547909046875 0.39192238437500004 0.1330239171875 0.3840816296875 0.12432928593749999 0.157479159375 0.24481595625 0.164928065625 0.2547909046875
2 0.1649296375 0.253986209375 0.174705375 0.2723716953125 0.2141812296875 0.2515913265625 0.2088646625 0.2311916609375 0.1649296375 0.253986209375
2 0.4542434015625 0.10095921249999999 0.46067446093750003 0.12112309375000001 0.505622915625 0.0966290328125 0.4951633125 0.077057775 0.4542434015625 0.10095921249999999
3 0.17520072656250002 0.27612810625 0.1804229734375 0.281707190625 0.4133278984375 0.1591613421875 0.40804814218749996 0.151248971875 0.17520072656250002 0.27612810625
3 0.4623993171875 0.122349940625 0.46639847031250004 0.129871253125 0.5084830921875 0.10616850468750001 0.5034946234375 0.09886669218750001 0.4623993171875 0.122349940625
3 0.4477298875 0.08759438750000001 0.45507954218749996 0.100514628125 0.49605201406250005 0.078729178125 0.48911805625 0.0655879078125 0.4477298875 0.08759438750000001
1 0.38742630624999996 0.1225508890625 0.3952207859375 0.1365284546875 0.41450327031249995 0.1553204859375 0.4630012359375 0.12953366093750002 0.45282772187500003 0.09926215000000001 0.44969476249999996 0.088370196875 0.38742630624999996 0.1225508890625
6 0.43599513749999996 0.2818581890625 0.4549647140625 0.2717718859375 0.4472254359375 0.2592965515625 0.42521062968749995 0.26989600625 0.4258331484375 0.2773071859375 0.43599513749999996 0.2818581890625