4 0.521484375 0.6083984375 0.5283203125 0.615234375 0.60546875 0.6123046875 0.6025390625 0.46484375 0.5146484375 0.462890625 0.5107421875 0.453125 0.4169921875 0.451171875 0.412109375 0.4560546875 0.412109375 0.5908203125 0.4296875 0.5947265625 0.4296875 0.6279296875 0.4384765625 0.6328125 0.49609375 0.6318359375 0.505859375 0.6298828125 0.5107421875 0.59375 0.525390625 0.5966796875 0.521484375 0.6083984375
0 0.507704471875 0.452914528125 0.507704471875 0.442771815625 0.507704471875 0.4368997515625 0.5066362718749999 0.426223215625 0.48420482500000006 0.426223215625 0.4697845765625 0.423554078125 0.4638671875 0.416015625 0.459636978125 0.360028778125 0.3642578125 0.37890625 0.34747948281249996 0.3819156453125 0.34765625 0.4404296875 0.3528203328125 0.4603880828125 0.3656383546875 0.46465869375 0.379524465625 0.4641248703125 0.4088990609375 0.4619895546875 0.40996722343750003 0.45131305624999996 0.507704471875 0.452914528125
1 0.37258139218749997 0.3429463484375 0.35655888281250003 0.345081640625 0.35709298125 0.3621640828125 0.3522862328125 0.37444208125 0.382194890625 0.368036165625 0.45643245468750004 0.354690509375 0.45643245468750004 0.3296006921875 0.4366713953125 0.3317359984375 0.37258139218749997 0.3429463484375
3 0.2673670078125 0.3626979078125 0.26629884531250003 0.37817886875 0.2983438640625 0.3701714796875 0.343740896875 0.3605626109375 0.35602485625 0.361096425 0.357421875 0.3466796875 0.2673670078125 0.3626979078125
2 0.4091796875 0.318359375 0.3994140625 0.318359375 0.2652306453125 0.340277209375 0.2657647453125 0.3621640828125 0.27324191875000003 0.36163025000000004 0.4091796875 0.3359375 0.425455634375 0.3328036453125 0.41796875 0.3271484375 0.4091796875 0.318359375
2 0.3408203125 0.361328125 0.26696546250000003 0.3771112109375 0.2685546875 0.38671875 0.290999209375 0.382983303125 0.3447265625 0.375 0.35402105 0.37123911875000004 0.357013140625 0.360028778125 0.3408203125 0.361328125
2 0.6309024515625 0.30822764375 0.5609375375 0.323174790625 0.576960046875 0.332783659375 0.66015625 0.3173828125 0.7136853515625 0.3071599953125 0.7136853515625 0.301821728125 0.705674115625 0.2970172921875 0.6309024515625 0.30822764375
2 0.5732421875 0.28515625 0.5546875 0.2998046875 0.5576171875 0.306640625 0.568359375 0.3056640625 0.7120831265625001 0.2794010359375 0.6904296875 0.267578125 0.6455078125 0.26953125 0.5732421875 0.28515625
2 0.75 0.3232421875 0.744140625 0.3056640625 0.7353515625 0.30078125 0.7321029109375 0.6949305156250001 0.7492711234375 0.6949305156250001 0.75 0.6787109375 0.751953125 0.3818359375 0.75 0.3232421875
6 0.7243670125 0.314490484375 0.716889875 0.31555815 0.716796875 0.3955078125 0.7184921015625 0.6866634359375 0.7265033734374999 0.68612959375 0.7249011125 0.46075883125 0.7243670125 0.3732113765625 0.7243670125 0.314490484375
3 0.7327492296875 0.30028356562499997 0.738355365625 0.2961743578125 0.7279304203125 0.2858142609375 0.7123956265625 0.28006340625 0.701076390625 0.28235245937500003 0.5879858359375 0.302898521875 0.5435102265625 0.31074338125 0.5334191203125 0.3271802359375 0.5621974640625 0.32269745781250003 0.7095770484374999 0.2980421734375 0.7163044515625 0.30700773593749997 0.734617959375 0.3051399078125 0.7327492296875 0.30028356562499997
5 0.5615234375 0.4140625 0.552734375 0.4365234375 0.5693359375 0.455078125 0.58984375 0.4580078125 0.59765625 0.4501953125 0.59765625 0.4189453125 0.5927734375 0.4140625 0.5615234375 0.4140625