4 0.666015625 0.4326171875 0.6640625 0.3896484375 0.6552734375 0.380859375 0.5458984375 0.380859375 0.544921875 0.5634765625 0.6640625 0.5654296875 0.666015625 0.4775390625 0.68359375 0.4658203125 0.68359375 0.4365234375 0.666015625 0.4326171875
5 0.4287109375 0.486328125 0.3427734375 0.48828125 0.3359375 0.4970703125 0.3359375 0.6083984375 0.3427734375 0.615234375 0.42578125 0.6142578125 0.43359375 0.6044921875 0.435546875 0.5830078125 0.43359375 0.4912109375 0.4287109375 0.486328125
0 0.5439453125 0.568359375 0.524719884375 0.57913151875 0.49298361718750006 0.5796882859375 0.4734964609375 0.5780179624999999 0.47516676562500004 0.5646554859374999 0.474610009375 0.5485091296875 0.43841955 0.5512929890625 0.4373060015625 0.5635419296874999 0.43897630468750004 0.5891533859375 0.4361924140625 0.6008455578125 0.5205078125 0.595703125 0.527637878125 0.6052997234374999 0.5478515625 0.60546875 0.7880750828124999 0.6091971203125001 0.7880750828124999 0.5724502796875 0.6923828125 0.56640625 0.6787109375 0.572265625 0.5439453125 0.568359375
6 0.6867417859375 0.48503731562499997 0.6895256765625 0.517886759375 0.687298578125 0.53681695625 0.6911960171875 0.5485091296875 0.68892585625 0.567881203125 0.6917210140625001 0.5650860843750001 0.6965490078125 0.5663565937499999 0.6967637984375 0.5590877828124999 0.695532590625 0.5358642578125 0.6960407984375 0.48758474218750003 0.6973113296875 0.471322165625 0.700279259375 0.468277890625 0.748663725 0.46784589218750006 0.7862481109375 0.468277890625 0.7862481109375 0.457909903125 0.6962890625 0.45703125 0.6912071906249999 0.46309389218749997 0.68359375 0.4677734375 0.6867417859375 0.48503731562499997
5 0.54296875 0.4384765625 0.4736328125 0.435546875 0.47265625 0.4931640625 0.48828125 0.5087890625 0.486328125 0.5244140625 0.49433570312499997 0.5453839281249999 0.525390625 0.5419921875 0.543186925 0.5447054484375 0.5400390625 0.53515625 0.544921875 0.5224609375 0.54296875 0.4384765625
6 0.43869961718750006 0.537920609375 0.4400565890625 0.5480978453125 0.48046875 0.5478515625 0.4921875 0.5439453125 0.4892578125 0.529296875 0.47330255 0.53656365 0.43869961718750006 0.537920609375
5 0.4619140625 0.599609375 0.451171875 0.6083984375 0.4560546875 0.6171875 0.515625 0.6162109375 0.52734375 0.6123046875 0.52734375 0.6025390625 0.5205078125 0.59765625 0.4619140625 0.599609375
2 0.805694128125 0.39592100625 0.8049963531250001 0.37498865000000003 0.7934834640624999 0.37463977187499997 0.7938323031250001 0.45836921875 0.8001120796875 0.45836921875 0.8053452406250001 0.45697372031250005 0.8053452406250001 0.42731953906250003 0.8049963531250001 0.4123180234375 0.805694128125 0.39592100625
1 0.794921875 0.4580078125 0.794921875 0.4677734375 0.7978515625 0.470703125 0.8056640625 0.470703125 0.806640625 0.4697265625 0.806640625 0.4580078125 0.8056640625 0.45703125 0.7958984375 0.45703125 0.794921875 0.4580078125
2 0.806043015625 0.488157446875 0.8053452406250001 0.470713809375 0.8017578125 0.470703125 0.794181190625 0.469318325 0.7948789656249999 0.5533966234375 0.795235665625 0.5683630281250001 0.8015220671875 0.56855915625 0.80702493125 0.5671834609374999 0.80859375 0.5634765625 0.8070896281250001 0.5495590265625 0.806043015625 0.488157446875
1 0.7998699015625 0.5686823328124999 0.7950945234375 0.5706583234375 0.795421459375 0.6084772984375 0.8014001890625 0.61005950625 0.8046875 0.6103515625 0.808769228125 0.611330015625 0.80859375 0.5693359375 0.8081032734375 0.5676943343749999 0.7998699015625 0.5686823328124999
2 0.795482415625 0.6089736328125 0.7952329359375 0.619451325 0.7952329359375 0.6304279703125 0.8087044062500001 0.63017849375 0.80859375 0.6123046875 0.8069581187500001 0.60947256875 0.8019686703125 0.6082252296874999 0.795482415625 0.6089736328125