4 0.5156094625 0.6686735640625 0.44017339062499994 0.66217845625 0.43957945781249996 0.6812964671875 0.4101192375 0.6783833796875001 0.4049264234375 0.7247599218749999 0.36470973125 0.7219506546875001 0.3625921203125 0.7312926281250001 0.354719775 0.79965630625 0.3530119921875 0.84548369375 0.3758077515625 0.8484673640624999 0.4837992015625 0.8466737 0.48172694062500004 0.8587849671875001 0.4930816625 0.8596922484375 0.5148606015625 0.8587987703125 0.53986979375 0.8616042593750001 0.576059728125 0.8637739328125 0.5822780359374999 0.8203459656250001 0.58640221875 0.747802653125 0.584179075 0.733455384375 0.5089170421875 0.7285035390625 0.5156094625 0.6686735640625
0 0.4004762859375 0.8918327109374999 0.399673709375 0.8754571296875 0.40078667812499996 0.8478809296875 0.3689227796875 0.8461957609375 0.36474969687500003 0.9009343140625001 0.39983843124999996 0.905000853125 0.4004762859375 0.8918327109374999
5 0.6354581765625 0.32790033749999997 0.588539253125 0.3235775421875 0.554792925 0.31753456406249997 0.5522911734375 0.34525344687500004 0.5841589328125 0.35127379687500004 0.5800798515625 0.38995766875000004 0.5932298203124999 0.390116053125 0.5941212609375001 0.4000990921875 0.6157900734374999 0.4009381890625 0.617344778125 0.39185176875 0.6273051890625 0.39283889375 0.6354581765625 0.32790033749999997
6 0.4068745390625 0.8548862671874999 0.4152379875 0.854987 0.4331193390625 0.8578254734374999 0.46071138593749994 0.8608665 0.4639874421875 0.8587390046875001 0.464561721875 0.856037228125 0.4661997515625 0.8549734796875 0.467061171875 0.8509208156250001 0.46358278750000004 0.8473576171874999 0.45383942812500006 0.8466985250000001 0.448014303125 0.84753185 0.43545906093750003 0.8482170890624999 0.41744857812499997 0.8477428046875 0.4009743671875 0.847930440625 0.4000752765625 0.8584719546875 0.4068745390625 0.8548862671874999
6 0.4833579828125 0.8470843234375 0.46431637812500004 0.8457283828125 0.45277568125 0.845060496875 0.436533790625 0.8452060031249999 0.42460935468749994 0.8447212468749999 0.41920580156250004 0.8435726859375 0.4132279671875 0.8451259015625 0.4117922671875 0.8518803437500001 0.41391976250000007 0.8551564 0.4209212296875 0.8553449171875 0.42822822968749996 0.8566533796875 0.4384586796875 0.8568704874999999 0.45355557500000004 0.85836665625 0.4737179125 0.8602054750000001 0.48214566249999996 0.8619968484375 0.4825811125 0.8726106937500001 0.48131338125 0.8843305953125 0.47864899375 0.9106792031250001 0.4864388984375 0.9108669046875001 0.4894199046875 0.8738196578125 0.49030425468749994 0.8627522796875 0.4917529734375 0.8593899984375 0.48437586093749996 0.8561091984375 0.4833579828125 0.8470843234375
1 0.39756494375 0.9530614984374999 0.3978641921875 0.934623003125 0.40069643906249997 0.910890703125 0.3838911359375 0.9095308359375001 0.372028153125 0.9082474125 0.363307228125 0.9079711250000001 0.36182654687500004 0.9348062546874999 0.3588143703125 0.9549852109374999 0.3483271078125 0.9711110578125 0.3565858859375 0.97270765 0.4058473125 0.9765418640625001 0.401104715625 0.966684959375 0.39756494375 0.9530614984374999
2 0.445986978125 0.9561139703125001 0.4269423875 0.954881465625 0.397786171875 0.9539129687499999 0.398949996875 0.959791440625 0.40087140625 0.966836471875 0.40330887187500003 0.9715024171875 0.40639573437500004 0.9758540015625 0.42374946874999997 0.976526 0.4431788859375 0.9778403109375 0.4565677953125 0.9799991078125 0.49282512812499996 0.9817563140625 0.5199512078125 0.9847066015625 0.5511710062499999 0.9873203625 0.58872383125 0.9894702828125 0.6099258890625 0.99096025625 0.6123733140625001 0.9671461484374999 0.5715085109375 0.964493390625 0.553385103125 0.9636577796875001 0.4863033375 0.9594546234375001 0.46625577968750004 0.9582100265625 0.445986978125 0.9561139703125001
3 0.4766990953125 0.9175933953125 0.47528159687500005 0.9327775624999999 0.4738426875 0.943331659375 0.46373106562500005 0.9435956890625 0.45209219218749996 0.9425295390624999 0.4436137828125 0.941732946875 0.4356020046875 0.9406333218749999 0.4234146984375 0.9402550406250001 0.40721131875000005 0.93985770625 0.398515821875 0.938180378125 0.3969616421875 0.945492209375 0.3977164640625 0.9532948328125 0.41761251250000003 0.9543061078124999 0.46718903593750005 0.9576039625 0.548673234375 0.9640640234375001 0.612524840625 0.967379478125 0.6137545640625001 0.9549709328124999 0.5865346296875 0.9534084671875 0.563408384375 0.95150949375 0.5400367562499999 0.9507650125 0.5217618390625 0.9496960984375 0.5013991578125 0.9489878578125 0.4902269171875 0.9476186734375001 0.4831604890625 0.94490999375 0.48231178124999996 0.9384951906250001 0.48196595468750003 0.9287684015625001 0.48455935468750005 0.91845970625 0.4766990953125 0.9175933953125
2 0.4826946515625 0.94498395625 0.49465275468750003 0.9486843374999999 0.5237184765625 0.949301146875 0.5629022625 0.9513734546875 0.613897403125 0.954566003125 0.614580634375 0.92736818125 0.6020431109375 0.9274838984375 0.5945854984375 0.9265938968749999 0.585165753125 0.9262137140625001 0.5732601374999999 0.9255368640625001 0.5358778328125 0.9215302578125 0.505401546875 0.9199184671875 0.484264684375 0.91797461875 0.481290465625 0.9286967484374999 0.4826946515625 0.94498395625
2 0.39714723125 0.9386674921875 0.4115511234375 0.9393682390625001 0.4319320125 0.9406718156249999 0.44074528593749995 0.9414672515625 0.4514127140625 0.9428364390624999 0.46443500625 0.9432689953125 0.4745718390625 0.94290859375 0.47442816875 0.9376682921875 0.47592193906249997 0.9281052234375 0.4764682578125 0.9170832390625 0.454976459375 0.915928309375 0.44189189375 0.91494356875 0.42336940468749995 0.913341903125 0.412149796875 0.9120349781250001 0.4009816671875 0.9121761796875001 0.398988475 0.925402590625 0.39714723125 0.9386674921875
3 0.34064584062500003 0.9341803078125 0.31733056406250004 0.931276371875 0.3152875359375 0.9473664875000001 0.3342927078125 0.9486521 0.35892750625000003 0.950445815625 0.361154075 0.9410503625000001 0.3621013421875 0.93551408125 0.34064584062500003 0.9341803078125
2 0.313142028125 0.96788533125 0.31623924375 0.9682785968750001 0.3163629796875 0.966449428125 0.3173633125 0.9636137859374999 0.31596539218749997 0.961461178125 0.316981653125 0.95730358125 0.3188806484375 0.9558517578125001 0.3241384296875 0.9541861296875 0.3299475578125 0.9574088968750001 0.3311519078125 0.9629662359375001 0.32368579531249997 0.9706566109375 0.32736005156250003 0.9695821312499999 0.3491183390625 0.9700984578125 0.35336350625 0.963843984375 0.35869294375 0.956229571875 0.3591639984375 0.9508958234374999 0.324010378125 0.9479298343749999 0.3158250609375 0.9477803953124999 0.3141203015625 0.9626593953125001 0.313142028125 0.96788533125
2 0.318013321875 0.9313238437500001 0.3314080484375 0.9325327781249999 0.33699676093750003 0.9338572125000001 0.3525923953125 0.9349878953124999 0.3620131296875 0.9356251609375 0.3620623328125 0.9315401109374999 0.3627059203125 0.9259432015625 0.3637501515625 0.90882750625 0.35683888124999996 0.908587121875 0.3393470625 0.9070777296875001 0.3338259171875 0.9057433203125 0.3245553671875 0.905684040625 0.3181274328125 0.9044542578125 0.318605140625 0.9169788421874999 0.31792054687500004 0.9259799609374999 0.318013321875 0.9313238437500001