0 0.5967394609375 0.70076069375 0.5748306921874999 0.7224406812499999 0.6394889218750001 0.7621896453125 0.7189423671874999 0.6878778140625 0.6416040375 0.63188296875 0.5967394609375 0.70076069375
1 0.689335946875 0.8127663796875 0.7584837890625 0.7520844546875 0.72816835 0.6932786671875 0.689120534375 0.7265480125 0.6487685140624999 0.7686020203124999 0.675274059375 0.7895857828125 0.689335946875 0.8127663796875
4 0.3583950078125 0.49622013125000003 0.37655245000000004 0.5196635734374999 0.3450240015625 0.571501203125 0.346062115625 0.5853418875 0.5673389906249999 0.73439425625 0.6096322875 0.6819648203125 0.6298158625 0.6488472609375 0.6456470421875 0.6182663203125001 0.4000025328125 0.45382427343750004 0.3884023828125 0.45166257343750005 0.3583950078125 0.49622013125000003
6 0.5705593859375 0.54271919375 0.5613565734375 0.5417701734375 0.552700778125 0.5472645 0.5461846703125001 0.5545421312500001 0.557112765625 0.5612468625 0.5676311875 0.5577188843750001 0.5750649671875 0.561976803125 0.605243459375 0.583108009375 0.6233828 0.5943884765624999 0.6388211421875 0.6061457921875 0.6458727718749999 0.612977796875 0.648667315625 0.6177762312499999 0.6514618515625 0.622574659375 0.6483142453124999 0.6284221359375 0.646216384375 0.6307420718750001 0.6424027859375 0.6328079062499999 0.6579685343749999 0.6437071609375 0.6637235109375 0.6321076359375 0.6663969796875 0.618823984375 0.661317415625 0.605795015625 0.655568728125 0.59845443125 0.5926381468749999 0.5558107999999999 0.5772768046875 0.5445725 0.5705593859375 0.54271919375
2 0.6862354203125001 0.8123026187500001 0.6846049515625 0.8033175312499999 0.671620765625 0.7866228828125 0.6562253859375 0.8004428000000001 0.6415195515625001 0.8181781296875 0.6671529015625 0.8338384031249999 0.6862354203125001 0.8123026187500001
3 0.6531926453125 0.8023239140625 0.66993200625 0.7865845953124999 0.65911183125 0.7767198375000001 0.643601528125 0.789887209375 0.6272069484375 0.80758421875 0.6416734484375 0.8171416515625 0.6531926453125 0.8023239140625
2 0.65834439375 0.776182471875 0.6489052156249999 0.7684289343749999 0.6420333921875 0.77334274375 0.623950065625 0.7910014328125 0.6149278578125 0.79898630625 0.62670831875 0.80666295625 0.6332353609375 0.7997914578125 0.6448305703125 0.78731525 0.65834439375 0.776182471875
2 0.7346293 0.521803146875 0.6564249171875 0.42560449375 0.6109138328125 0.3771615578125 0.589591103125 0.3516829984375 0.5656390124999999 0.3288839984375 0.534536084375 0.29655732968750004 0.4832456984375 0.24934176562500002 0.442870634375 0.21127604375 0.40037153124999997 0.17624376718749998 0.36777701875 0.149653609375 0.35801628750000003 0.1646689421875 0.4490788171875 0.23897983437499998 0.49263744374999996 0.28002808125 0.531999553125 0.319644853125 0.56080265625 0.34734741874999997 0.637910228125 0.4329833328125 0.6994516859375 0.5107334921875 0.7437133078125 0.5658360124999999 0.7589703984375 0.587820790625 0.7770070484375 0.614765590625 0.7798828734375001 0.6310946656249999 0.774113746875 0.6511652812500001 0.75606210625 0.6694165734374999 0.7274442328124999 0.6930777531250001 0.7382056296874999 0.7089009125 0.76677228125 0.6874640859375 0.7900826421875 0.6638537265625 0.8070747624999999 0.639586465625 0.8095064921875 0.6232065453125 0.785256665625 0.5836233390625 0.7346293 0.521803146875
3 0.8237639812499999 0.606029259375 0.8076087375000001 0.5866667171875 0.7834118328125 0.5554709984375 0.756750028125 0.5219395921875 0.7182933515625 0.47519515625000003 0.7006432203124999 0.45354727187500005 0.68407264375 0.4338938203125 0.65517136875 0.4006521453125 0.6270547203125 0.36919848593750004 0.5628101734375 0.3012362484375 0.475490853125 0.21910371093749997 0.428140715625 0.179756096875 0.3769279109375 0.1370844140625 0.3676170265625 0.15038173593749998 0.41344065468749996 0.18556413125 0.47886898593750005 0.244720325 0.52756755 0.2883898625 0.5480114625 0.3076590171875 0.5593678984375 0.3211843578125 0.5990964578125 0.3613880703125 0.6336081453125 0.4022738484375 0.6672489578125 0.4382149671875 0.718451709375 0.4988384734375 0.7602714359375 0.5522727 0.790043003125 0.5910874921875 0.81141904375 0.6227755921875 0.8050137328125 0.644300109375 0.7805326421875 0.6748424375 0.7976913359375 0.675090821875 0.81468753125 0.664078559375 0.83109979375 0.660088634375 0.8367545875 0.646708421875 0.8349748265624999 0.62626474375 0.8237639812499999 0.606029259375
2 0.40960285625 0.13858024062500002 0.38791572812499997 0.1211596484375 0.37671407968750004 0.137157259375 0.38950642812499997 0.1476046171875 0.40901964843750005 0.16387552968750002 0.423486178125 0.175122653125 0.45131960312499997 0.197591971875 0.4738057859375 0.2170621234375 0.499164725 0.24040639531250002 0.5187302921875 0.2578315109375 0.541240584375 0.27992618281250004 0.5627019640625 0.299796309375 0.579095796875 0.3176081890625 0.621317384375 0.36244525781250003 0.6506221531249999 0.39451268906250003 0.687620628125 0.4379275984375 0.7200363890625 0.4755259921875 0.751047140625 0.51325819375 0.769133534375 0.536352909375 0.7899430781250001 0.5624718921875 0.829038134375 0.6140601703125 0.8354135609375 0.62657195 0.8362442984375 0.6142632453125 0.8334983046875 0.6048901625 0.8276804015625 0.5892683859375001 0.8157402921875001 0.5712224140625 0.7959302171875 0.5458032125 0.7764287015625 0.518364965625 0.7498241578125 0.4829730078125 0.6922523046875 0.413231975 0.6692942421875 0.3848635125 0.6436118359375 0.3571950546875 0.6041388734375001 0.31465512812499996 0.575127546875 0.28577328281250003 0.550643725 0.261179209375 0.5241356578125 0.23628526875000003 0.49602538125000006 0.211386996875 0.4681678390625 0.186293184375 0.43718641874999997 0.1608746015625 0.40960285625 0.13858024062500002
5 0.7438313703125 0.6301990328125 0.7407892234375 0.6447591765625 0.7642293453125 0.6504426624999999 0.7692722046875 0.63132261875 0.7438313703125 0.6301990328125