4 0.403668721875 0.53921805625 0.408203125 0.5146484375 0.4130859375 0.509765625 0.4365234375 0.51171875 0.447265625 0.4775390625 0.50390625 0.4287109375 0.4775390625 0.41015625 0.4581156234375 0.40260719843750004 0.44178158593749994 0.39468773281249997 0.4189453125 0.380859375 0.3994140625 0.37109375 0.392578125 0.3720703125 0.3447265625 0.474609375 0.3388671875 0.453125 0.2587890625 0.416015625 0.203125 0.5322265625 0.2548828125 0.5625 0.3310546875 0.595703125 0.3497167390625 0.606833075 0.3671875 0.6103515625 0.3828125 0.5947265625 0.3828125 0.5791015625 0.39453125 0.5634765625 0.403668721875 0.53921805625
5 0.5087890625 0.427734375 0.4658203125 0.4609375 0.455078125 0.4775390625 0.501953125 0.5439453125 0.5107421875 0.552734375 0.51953125 0.5517578125 0.583984375 0.4990234375 0.5625 0.4794921875 0.5439453125 0.44921875 0.5087890625 0.427734375
0 0.49474359375 0.5810948109375 0.5086028296875 0.5543666015625 0.5006832375 0.5434773203125001 0.48137934531250004 0.5162541453125 0.466796875 0.4990234375 0.4541015625 0.482421875 0.447265625 0.4833984375 0.4365234375 0.513671875 0.4145581015625 0.5103145484375 0.406638509375 0.52417361875 0.405153615625 0.5459521625 0.384765625 0.5810546875 0.384765625 0.5947265625 0.359375 0.6220703125 0.337342396875 0.6409858109375 0.31259384843750004 0.6617744078125 0.3195233984375 0.6706838109375 0.28784523281249996 0.696917040625 0.3134765625 0.716796875 0.32051337343749997 0.724541196875 0.3994140625 0.6640625 0.421875 0.6416015625 0.45118600468750003 0.6201971796875 0.49474359375 0.5810948109375
3 0.2210239546875 0.6718523937499999 0.1809312421875 0.6649228500000001 0.1819211484375 0.6792768859375 0.2099609375 0.68359375 0.2611167015625 0.708974903125 0.266561390625 0.71639939375 0.2824005078125 0.7035302703124999 0.2596318078125 0.6886812531250001 0.2392578125 0.6796875 0.2210239546875 0.6718523937499999
2 0.2103226078125 0.6833504921875 0.1982765109375 0.6818966734374999 0.1819211484375 0.6797718500000001 0.18340607656250002 0.7005604812499999 0.1982421875 0.703125 0.2279535734375 0.715904446875 0.251953125 0.7314453125 0.26681459531249996 0.7159576515625 0.2591368203125 0.707489990625 0.23483015468750001 0.695811825 0.2103226078125 0.6833504921875
1 0.2824005078125 0.7002878031249999 0.25270218906249997 0.73147070625 0.28141060156250003 0.76166370625 0.2977446375 0.7492895140625 0.3165536109375 0.7289958984375 0.302734375 0.7177734375 0.2824005078125 0.7002878031249999
5 0.3681640625 0.35546875 0.3525390625 0.35546875 0.339322346875 0.3714242859375 0.3359375 0.3876953125 0.33984375 0.4013671875 0.337342396875 0.41151660156250003 0.329917859375 0.419436075 0.3234832296875 0.444679390625 0.3502117265625 0.4575485140625 0.3764452359375 0.405576996875 0.393769246875 0.369444425 0.3799100109375 0.35261554375 0.3681640625 0.35546875
5 0.357421875 0.6220703125 0.36555585625 0.6129681437500001 0.3046875 0.5849609375 0.30071449375000003 0.6000989859375 0.357421875 0.6220703125
2 0.28151475625 0.761991534375 0.2879596 0.770915078125 0.29242141875 0.779838621875 0.31101235781250003 0.7654618140625 0.3055589921875 0.7560425109375 0.29861841093749997 0.749101978125 0.28151475625 0.761991534375
3 0.3125 0.7412109375 0.3087814484375 0.73769966875 0.30357596875000004 0.74315295 0.29911414999999997 0.74860621875 0.310764471875 0.7654618140625 0.32340627187500004 0.7557946359375001 0.32142324843750003 0.752324365625 0.31640625 0.7451171875 0.3125 0.7412109375
2 0.309038346875 0.7374124421875 0.313392253125 0.7417663046875 0.31942074374999996 0.7493018421875 0.3234397453125 0.7551628078125 0.32863094375 0.7513113171875 0.33248248281250004 0.7487994765625 0.32595162499999997 0.7414313953125 0.31623903593749997 0.7305467328125 0.309038346875 0.7374124421875