4 0.3594063375 0.352963490625 0.3273662375 0.3536600203125 0.32806276093750003 0.4254019875 0.3520928359375 0.4257502390625 0.3520928359375 0.43062591718750004 0.36358548125 0.42992938281250004 0.404296875 0.4306640625 0.4060734390625 0.4504768484375 0.3963221046875 0.4504768484375 0.3980634140625 0.51107441875 0.5 0.5146484375 0.5146484375 0.513671875 0.51953125 0.5009765625 0.51856205 0.3536600203125 0.3594063375 0.352963490625
0 0.249591225 0.3538696 0.24451479375 0.3915198078125 0.2440917578125 0.4295930453125 0.290625715625 0.4295930453125 0.32785288125 0.4283239375 0.3291219890625 0.4080182109375 0.329545025 0.387712484375 0.3282759171875 0.353023521875 0.249591225 0.3538696
6 0.39934596093749997 0.42916999687499996 0.3820014859375 0.4287469609375 0.380732378125 0.4334003703125 0.37988630625 0.44651447187500004 0.3655030828125 0.44482234062500003 0.3655030828125 0.4359385859375 0.35535021875 0.43297732031249997 0.3520928359375 0.42609850156249995 0.33537626249999997 0.42609850156249995 0.333286690625 0.4323672171875 0.3224905703125 0.433063740625 0.3221423078125 0.4198297859375 0.3173828125 0.419921875 0.3115234375 0.419921875 0.30859375 0.4228515625 0.3095703125 0.466796875 0.3271484375 0.466796875 0.3291015625 0.46875 0.3349609375 0.46875 0.3369140625 0.466796875 0.3408203125 0.46875 0.3427734375 0.466796875 0.3486328125 0.466796875 0.3505859375 0.46875 0.353934303125 0.48236189375 0.358788259375 0.4880248421875 0.37658610000000003 0.49206980624999996 0.37658610000000003 0.4969237625 0.397619909375 0.4953057765625 0.39553863749999996 0.4689353921875 0.39553863749999996 0.4532830484375 0.40484542812499996 0.4456684 0.40526846406250006 0.432554284375 0.39934596093749997 0.42916999687499996
1 0.2041015625 0.35546875 0.1982421875 0.353515625 0.1865234375 0.341796875 0.17919188125000002 0.3391702 0.17595591093750002 0.4051030921875 0.1790081734375 0.444123640625 0.198029890625 0.428838315625 0.20788043437499998 0.422044846875 0.23663038749999998 0.4237099234375 0.23828125 0.3896484375 0.24229331250000002 0.355350040625 0.2177734375 0.35546875 0.2041015625 0.35546875
2 0.1982421875 0.353515625 0.201171875 0.3525390625 0.2006301875 0.3444286390625 0.1796875 0.3388671875 0.187281809375 0.34119266875 0.1982421875 0.353515625
3 0.2006722515625 0.35377523437499997 0.2033840375 0.3555831 0.2080078125 0.35546875 0.2119140625 0.35546875 0.21445716875 0.354905153125 0.216796875 0.3525390625 0.216796875 0.3466796875 0.201171875 0.3447265625 0.2006722515625 0.35377523437499997
2 0.24217086718749997 0.3546525296875 0.2431830765625 0.34731401875 0.2158534484375 0.346807921875 0.21534734375000003 0.35439948593750004 0.24217086718749997 0.3546525296875
5 0.5224609375 0.353515625 0.51953125 0.3564453125 0.51953125 0.3681640625 0.521484375 0.3701171875 0.521484375 0.3955078125 0.5212493125 0.3982992171875 0.5263671875 0.3984375 0.5283203125 0.396484375 0.5517578125 0.396484375 0.5537109375 0.3984375 0.5615234375 0.3984375 0.5625 0.3974609375 0.564453125 0.3955078125 0.564453125 0.3544921875 0.5634765625 0.353515625 0.5224609375 0.353515625
3 0.252466190625 0.636271534375 0.2439560953125 0.6232227203125 0.2314746203125 0.6141452843749999 0.22265625 0.5927734375 0.21558914218749997 0.5625173671875 0.21388712187499997 0.515995525 0.21558914218749997 0.42124977656249996 0.2008382734375 0.42124977656249996 0.19913625468750001 0.50635073125 0.19913625468750001 0.5454971750000001 0.201171875 0.5771484375 0.216796875 0.6162109375 0.216796875 0.6240234375 0.205078125 0.6357421875 0.2093483703125 0.6430796125 0.219560484375 0.6504550296875 0.232041959375 0.632867496875 0.25643756875 0.64648365 0.271188403125 0.6498876890624999 0.252466190625 0.636271534375
2 0.201171875 0.5771484375 0.19800157499999999 0.5449298515625001 0.1985689484375 0.514860828125 0.19913625468750001 0.474012365625 0.19913625468750001 0.43032720468749996 0.1792793625 0.44394335781249994 0.17757734375 0.514860828125 0.17701000312499998 0.5557092906250001 0.1796875 0.5888671875 0.1875 0.6123046875 0.20367500624999998 0.636838875 0.2133197484375 0.6271940984375 0.220127825 0.6232227203125 0.20594433125 0.5971250921875 0.201171875 0.5771484375
2 0.2356406609375 0.527745390625 0.23645602656250003 0.437647503125 0.236328125 0.4248046875 0.21444115468749997 0.42215554375000003 0.2152565203125 0.4396859046875 0.215664203125 0.46414687343749994 0.21484886250000002 0.49879992343749996 0.21444115468749997 0.535899046875 0.21647956875 0.5681059890625 0.22300249375 0.5921592984374999 0.2291177359375 0.6076512203125 0.2331945640625 0.6141741703125 0.24257126874999999 0.6215124609375 0.23849444062499997 0.6084665859375 0.23686370937499998 0.6011282953125 0.2356406609375 0.5758519609375 0.2356406609375 0.527745390625
6 0.66913911875 0.639743671875 0.758896265625 0.637050959375 0.757998640625 0.6240362078125 0.57579174375 0.6289728203125 0.4882785796875 0.630767990625 0.42455104375 0.632114346875 0.340179378125 0.634358246875 0.28991540625 0.634807059375 0.272861559375 0.6339094609375 0.25625649687499996 0.6298703921875 0.2665785625 0.6379485296875 0.2800421265625 0.64602666875 0.296198403125 0.6491681671875 0.37069678906250003 0.646475453125 0.420511975 0.6455779109375 0.5012933578125 0.64333395625 0.5739966015625 0.641538840625 0.5879089515625 0.6419875984375001 0.5991285875 0.641538840625 0.66913911875 0.639743671875
2 0.6772172578125 0.64602666875 0.5192447765625 0.6509633359375 0.4559660265625 0.6523096921875 0.40570208281250003 0.65455361875 0.3352427375 0.655899975 0.29754475937499997 0.657695090625 0.2813884828125 0.6550024046875 0.2665785625 0.647373025 0.2463832171875 0.6415388140625 0.23384722343750003 0.6343168390625 0.22994097343750003 0.6362699640625 0.22115191093750003 0.6470121515625 0.2190073046875 0.6487193812500001 0.22994097343750003 0.6577543390625 0.2463832171875 0.6653244703125 0.25923784843750003 0.6694730890625 0.2710664171875 0.6711586546875 0.2890178359375 0.6738513671875 0.3298573125 0.67340258125 0.41916564687499996 0.6707098953124999 0.570855103125 0.6662220140625 0.6049627984375 0.66577325625 0.718056734375 0.6621829453125 0.763384065625 0.6617341859375 0.762935334375 0.6446803125 0.6772172578125 0.64602666875