4 0.7140005281249999 0.49050283281249996 0.7138475859375 0.46736126875000006 0.71239451875 0.4352442296875 0.5397765390625 0.4412009140625 0.543103721875 0.45286142656250006 0.5079868265624999 0.4542556234375 0.51207380625 0.5541829390624999 0.5401646140625 0.5529113234375 0.5395884046874999 0.5646399718749999 0.6914251609375001 0.5632870999999999 0.6926186421875 0.5182194296875 0.7121356015625 0.5178787609375 0.7140005281249999 0.49050283281249996
5 0.380470696875 0.6466396578125 0.5207221828125 0.64699946875 0.522686240625 0.6246230515625 0.51960855 0.5602138296875 0.376024596875 0.5597899625 0.380470696875 0.6466396578125
5 0.3028720109375 0.6484583140625 0.32395031875 0.648090390625 0.3559581671875 0.6475316921875 0.3561845984375 0.5982280109375 0.3005119703125 0.5982230687500001 0.3028720109375 0.6484583140625
5 0.5021403624999999 0.43248295 0.4762961859375 0.4282466375 0.445863378125 0.429559071875 0.4344122171875 0.444602509375 0.43389854375 0.4620853546875 0.426291753125 0.4739386671875 0.37455886718750003 0.47581837968749996 0.37390133593749997 0.5500599125 0.505074984375 0.5558675562500001 0.5027928937499999 0.492137559375 0.5033432234374999 0.467710171875 0.5021403624999999 0.43248295
0 0.3787748765625 0.65455744375 0.377677034375 0.681138815625 0.6915370140625 0.6772228234375001 0.7245200140625 0.6430537890625 0.8403597250000001 0.6410190046875 0.8383225421875 0.5785415421875 0.7601894421875001 0.58383823125 0.7453324140625 0.565957196875 0.721739809375 0.5701576640625 0.6890113953125 0.5772682546875 0.6781251187499999 0.5661831734375 0.599528565625 0.5647135578125 0.5437435578125001 0.5685288109375 0.53178146875 0.5620441859375 0.5270565140625 0.5597829796875 0.52472085 0.6496662062499999 0.5201867484375 0.658339028125 0.4428314125 0.655783075 0.3787748765625 0.65455744375
2 0.8757780109375 0.541299621875 0.8649522421875 0.5366050296875 0.852446340625 0.5475671453125 0.8528212937499999 0.5690482484375 0.8558698390625 0.5758320140625 0.8752958546875 0.5696326640625 0.8757780109375 0.541299621875
2 0.8724620156249999 0.3108445328125 0.8488032984375 0.31125749687500004 0.8510927546874999 0.3581087890625 0.8725238671875 0.368620621875 0.8724620156249999 0.3108445328125
3 0.870602378125 0.3127713203125 0.87604429375 0.57030579375 0.887350896875 0.5672669109374999 0.8828718546875001 0.310662828125 0.870602378125 0.3127713203125
2 0.8713186531250001 0.3131380453125 0.8504989734375 0.3135014546875 0.8510927546874999 0.3581087890625 0.8716826609374999 0.362632946875 0.8713186531250001 0.3131380453125
2 0.8763210062500001 0.6403912984375 0.8554352171874999 0.6369672046875 0.8568534124999999 0.688136640625 0.8790400921874999 0.6877022328125 0.8763210062500001 0.6403912984375
3 0.8469271015625001 0.3122374421875 0.8395852515625 0.3143576453125 0.843037778125 0.5775121046875 0.8524847109374999 0.5763999484375 0.8469271015625001 0.3122374421875
3 0.8535590203125001 0.6379470859375 0.845041903125 0.638095753125 0.8470551875 0.686354246875 0.85582586875 0.6852244421875 0.8535590203125001 0.6379470859375
3 0.8911862265625 0.64065521875 0.8763375343750001 0.6413381421875 0.8771473984375 0.6877352703125 0.8920043078125 0.6875230796875 0.8911862265625 0.64065521875
1 0.8874170078124999 0.5710544140625 0.8714242859375 0.571653665625 0.8459263984375 0.5803030812500001 0.8468850124999999 0.6352220578125001 0.8784758046875 0.63990036875 0.8896029390625 0.642053725 0.8874170078124999 0.5710544140625
6 0.7234233765625 0.542005559375 0.72379833125 0.5634866625 0.7384274937499999 0.5622545984375 0.7389778234375 0.5378272109375 0.732091796875 0.5350172734374999 0.7234233765625 0.542005559375