4 0.3857421875 0.3203125 0.38671875 0.4462890625 0.39453125 0.5087890625 0.5049083921874999 0.5067180625 0.517578125 0.5107421875 0.5653746421875 0.50885040625 0.552734375 0.3173828125 0.4169921875 0.314453125 0.3857421875 0.3203125
0 0.3954827203125 0.23776704999999998 0.39693481249999996 0.31859216875 0.42578125 0.3134765625 0.46480555625 0.31447784843750004 0.462721271875 0.2980488140625 0.46178445156250003 0.23671072187500003 0.3954827203125 0.23776704999999998
5 0.50271295625 0.573586871875 0.5002085078125 0.5102568062499999 0.397524946875 0.5116042453125 0.400390625 0.5751953125 0.50271295625 0.573586871875
0 0.4646028390625 0.3082996046875 0.47970573437499997 0.3082996046875 0.47940368437499997 0.3123740140625 0.49012674531249995 0.3125249140625 0.490234375 0.3037109375 0.490234375 0.2978515625 0.464753865625 0.2980381265625 0.4646028390625 0.3082996046875
1 0.39453125 0.2001953125 0.395680665625 0.23171081093749998 0.46095534843749997 0.22920233437499998 0.4588632265625 0.1961739015625 0.47685561875 0.169834784375 0.37517773593750003 0.1740156140625 0.39453125 0.2001953125
2 0.606149696875 0.18906653906249998 0.6044760265625 0.165235909375 0.4755859375 0.171875 0.46095534843749997 0.19450158281250002 0.606149696875 0.18906653906249998
3 0.6090787546875001 0.206207853125 0.607823503125 0.191575025 0.46011851249999997 0.19450158281250002 0.46011851249999997 0.21331522343749998 0.6090787546875001 0.206207853125
2 0.6107524234375 0.2212587796875 0.60866026875 0.20871634062500002 0.462890625 0.2138671875 0.46262908593749996 0.22752999843750002 0.6107524234375 0.2212587796875
2 0.3927516765625 0.199100484375 0.3759765625 0.17578125 0.35760376250000003 0.1756879234375 0.3583984375 0.19921875 0.3927516765625 0.199100484375
3 0.3944253796875 0.215405646875 0.3940069625 0.199100484375 0.35844063125000003 0.20077279374999998 0.35844063125000003 0.2174960375 0.3944253796875 0.215405646875
2 0.361369621875 0.23212888281250002 0.3935885453125 0.2300384765625 0.3944253796875 0.2174960375 0.360951203125 0.2179141421875 0.361369621875 0.23212888281250002