4 0.4429944953125 0.294388903125 0.38782791875 0.43435049687499994 0.3955624984375 0.446120821875 0.5427155359375 0.5043399843749999 0.5526879984375 0.495842259375 0.579398134375 0.432917121875 0.608617721875 0.35408280312499996 0.606522515625 0.3415235546875 0.5982963578125 0.335909959375 0.5890870406250001 0.342609825 0.54468365 0.33224889375 0.5056222859374999 0.3093029359375 0.4429944953125 0.294388903125
0 0.48749230312499997 0.20891470937499998 0.45535847343749997 0.29475150625 0.4864524375 0.302572971875 0.508709171875 0.31094499375 0.518677190625 0.3178647 0.54931954375 0.23300795624999998 0.48749230312499997 0.20891470937499998
4 0.6083461546875 0.349723934375 0.5781574546875 0.3398863109375 0.5490794484375 0.3323828421875 0.526753865625 0.32290619375 0.505713234375 0.3091355640625 0.48723909374999996 0.3045200203125 0.45516508125 0.295207109375 0.4405981875 0.2927878203125 0.3880994859375 0.438709365625 0.390686271875 0.445111884375 0.45617241562500005 0.47078730625 0.4419441953125 0.5093055343749999 0.48457550312500003 0.526340553125 0.5008731531249999 0.4929443390625 0.5370761625 0.505128909375 0.5526879984375 0.495842259375 0.579669703125 0.437275990625 0.6083461546875 0.349723934375
5 0.5759920968750001 0.337963921875 0.5878426671875 0.34333056875 0.5966030453125 0.33695737812500004 0.6077010203125 0.34805963281249996 0.6164265421875 0.3433535984375 0.6205401984375001 0.33366242968750004 0.6138387953125 0.3240900078125 0.6081113328125001 0.3256955546875 0.5964760203125 0.323784184375 0.59152578125 0.3267288015625 0.5769420359375 0.3162366 0.57073375 0.300870553125 0.5617444453125 0.29705482031249997 0.5518891734375 0.3051945796875 0.5489177921875 0.3042697046875 0.5405655968749999 0.2993788234375 0.5283520203125 0.2948672609375 0.5187158859375 0.318361090625 0.5355331109375 0.3254995796875 0.5468566906250001 0.331315325 0.560729225 0.3335035703125 0.5759920968750001 0.337963921875
1 0.5647334859375001 0.19753820625000001 0.581565846875 0.1889250046875 0.58649775625 0.18083444843750002 0.5384905453125 0.159857534375 0.49473590781250004 0.143681040625 0.4921387765625 0.1524303453125 0.5013167703125 0.1769848 0.49041242656249995 0.201885884375 0.5435338328125 0.2224882484375 0.5523170015625001 0.22589566875 0.5647334859375001 0.19753820625000001
2 0.49733136875 0.1646704234375 0.49220869843750004 0.15155458593749999 0.49497679375 0.1450333640625 0.49094385 0.14393748906249998 0.4846027515625 0.14119804375 0.47969088125 0.152952571875 0.4776503109375 0.15757696875 0.47523207031250003 0.1632739875 0.5015054984375 0.1746364953125 0.5004539546875 0.171668834375 0.49733136875 0.1646704234375
3 0.4712268625 0.172709665625 0.468608821875 0.17937242343749998 0.48229050781250005 0.1847597296875 0.4954381125 0.1899203390625 0.5003283781250001 0.1793895734375 0.50135435625 0.1749925640625 0.49369890468750005 0.17174301875 0.4749297921875 0.16398611093749998 0.4712268625 0.172709665625
2 0.49038120625000003 0.2023463734375 0.4926258578125 0.19741382968750001 0.49550250625 0.1906368734375 0.46872370625000004 0.179420853125 0.46546712343749996 0.18709288125 0.463493853125 0.1913860859375 0.47167744375 0.19485981562500002 0.49038120625000003 0.2023463734375
3 0.6325999625 0.1999469484375 0.6089483703125 0.190327659375 0.59894623125 0.21339621250000002 0.5634688531250001 0.1989672921875 0.5573258984375 0.21442916875 0.5974181078125 0.23050818281250002 0.7454170578125 0.28964671875 0.751511353125 0.2747945203125 0.622522253125 0.22319353749999998 0.6325999625 0.1999469484375
2 0.5993291843749999 0.21397899062499998 0.6087216609375 0.190861753125 0.58669926875 0.18235424375 0.58323971875 0.1880294671875 0.5711474234375 0.19424249531249999 0.5627080390625 0.199274671875 0.5763897484375 0.20466199375 0.5993291843749999 0.21397899062499998
2 0.761130515625 0.25114318125 0.73900565625 0.242382059375 0.723359503125 0.2362266875 0.7143701984375 0.23241095312499999 0.648884053125 0.2067355328125 0.640002275 0.20287893124999998 0.632627334375 0.1999585671875 0.6224202546875001 0.2225199171875 0.69904520625 0.253364396875 0.7514088859375 0.2745409109375 0.761130515625 0.25114318125
2 0.74058570625 0.30251369375000003 0.745621996875 0.2901539265625 0.66448964375 0.25739616875000004 0.5934862046875 0.22914798125 0.5577283468750001 0.21438988124999997 0.5525974703125 0.227129715625 0.6487523281249999 0.265423721875 0.74058570625 0.30251369375000003
5 0.5806786390625 0.43239976562500004 0.5740561078125 0.44550215 0.5812475515625 0.44855473593750006 0.58762429375 0.4385307171875 0.5806786390625 0.43239976562500004