4 0.677734375 0.5322265625 0.6416015625 0.53515625 0.62109375 0.5224609375 0.615234375 0.4814453125 0.626953125 0.4306640625 0.626953125 0.3955078125 0.6083984375 0.333984375 0.4619140625 0.33203125 0.455078125 0.3369140625 0.453125 0.3994140625 0.4453125 0.4072265625 0.4453125 0.4580078125 0.451171875 0.4697265625 0.443359375 0.4853515625 0.451171875 0.5087890625 0.451171875 0.5263671875 0.443359375 0.5361328125 0.451171875 0.6259765625 0.4580078125 0.63671875 0.517578125 0.6376953125 0.6728515625 0.63671875 0.681640625 0.6298828125 0.6875 0.5654296875 0.677734375 0.5322265625
0 0.7119140625 0.54296875 0.6826171875 0.5078125 0.677734375 0.5107421875 0.69140625 0.5732421875 0.6865234375 0.611328125 0.7890625 0.6123046875 0.8046875 0.5576171875 0.8037109375 0.5390625 0.7744140625 0.548828125 0.7119140625 0.54296875
5 0.3828125 0.5439453125 0.384765625 0.5791015625 0.3955078125 0.595703125 0.41393460156249995 0.6334591203125 0.4541933546875 0.6334591203125 0.4468735890625 0.565141746875 0.44077374375 0.5322030296875 0.3896484375 0.53125 0.3828125 0.5439453125
5 0.181640625 0.3271484375 0.169921875 0.3623046875 0.17578125 0.3701171875 0.171875 0.3994140625 0.177734375 0.4072265625 0.263671875 0.4091796875 0.267578125 0.3076171875 0.1630859375 0.306640625 0.162109375 0.3134765625 0.181640625 0.3271484375
1 0.802734375 0.6181640625 0.818359375 0.6240234375 0.8349609375 0.52734375 0.818359375 0.5361328125 0.802734375 0.6083984375 0.802734375 0.6181640625
2 0.9021619140625001 0.3433919515625 0.9196169609375 0.309064 0.9324173390625001 0.2875363 0.91321673125 0.28811813750000004 0.9097257703125001 0.29859106875 0.8969253921875 0.3236097234375 0.88587049375 0.34746474374999997 0.871906409375 0.3730652546875 0.8556149890625001 0.41553878906249997 0.8393236500000001 0.45743051562500003 0.82419585625 0.5097951734375 0.814304665625 0.5377230046875 0.8282687515625 0.52957738125 0.8375780890625 0.5260864171875 0.8474692796875001 0.4830310171875 0.8614333640625 0.4405574625 0.8847067875000001 0.3817927046875 0.9021619140625001 0.3433919515625
6 0.88671875 0.3134765625 0.892578125 0.2958984375 0.8759765625 0.294921875 0.87109375 0.3076171875 0.88671875 0.3134765625
6 0.8119773328125 0.44812125781249995 0.8173828125 0.458984375 0.82421875 0.4580078125 0.836996234375 0.42310258437500003 0.8291015625 0.4140625 0.8201230421875 0.4207752546875 0.8119773328125 0.44812125781249995
6 0.7714256578125 0.6297632 0.7692149140625 0.6527546203125 0.7625826828125 0.702716728125 0.7807107328125 0.703158884375 0.7838057984375 0.6531967765625 0.7899958671875 0.6120775015625 0.7745206625 0.6116353453125 0.7714256578125 0.6297632
2 0.8006418453125 0.6146814 0.798828125 0.6240234375 0.794921875 0.6552734375 0.7894512703125 0.7016473078125001 0.7990431859375 0.698450021875 0.807036484375 0.698769759375 0.814453125 0.6396484375 0.8163086578125001 0.6249126859375 0.8006418453125 0.6146814
5 0.7168452734375 0.7022733718749999 0.7568359375 0.701171875 0.5615234375 0.693359375 0.559663965625 0.7041334781249999 0.7168452734375 0.7022733718749999