4 0.5498883203125 0.5233408125000001 0.5554397390625 0.5071851296875 0.5244579046875 0.3520330453125 0.46627244218749997 0.35541533125 0.326809990625 0.38505899062500004 0.31906199218750003 0.40966860625 0.3358773625 0.46999067656250004 0.34575766875 0.478456284375 0.3521690484375 0.51335875 0.36931298749999997 0.50870735625 0.3828575171875 0.5582114781249999 0.5151542124999999 0.5337189140625 0.5498883203125 0.5233408125000001
5 0.680708278125 0.31682424375 0.688829828125 0.355033134375 0.7106568734375001 0.3543871703125 0.7412239859375 0.34788993125 0.7330424640625 0.30470189062499997 0.680708278125 0.31682424375
0 0.22689460625 0.4222707328125 0.20432740312500003 0.42767613437499996 0.2057931703125 0.440975421875 0.21912051093749998 0.5068773281250001 0.26919171875000003 0.49914084062499997 0.2867240953125 0.50475749375 0.2975622515625 0.5010975328125 0.31113335000000003 0.5043329156249999 0.3176854703125 0.50634295 0.322170928125 0.5210419749999999 0.3385874265625 0.518233103125 0.352358540625 0.512583775 0.346228034375 0.4805403109375 0.3356874171875 0.4725726640625 0.3220675140625 0.41489945156249997 0.32362144531250003 0.4029999453125 0.2776275828125 0.41073461718750004 0.250793109375 0.41575791874999996 0.22689460625 0.4222707328125
5 0.722267284375 0.48203826562499996 0.701599071875 0.3705840859375 0.5872533953125 0.39186690468749996 0.581782565625 0.3708676703125 0.5328655890625 0.38219407968749997 0.5584484734374999 0.5025520859375 0.5801990171875 0.4961178890625 0.6027766031249999 0.49333361093750006 0.6069578453125 0.5035259390625 0.722267284375 0.48203826562499996
1 0.19809097343749998 0.4340088796875 0.19063842656250002 0.429805528125 0.1874674828125 0.42466095 0.1741372140625 0.43022634687499994 0.1742742859375 0.44244094375 0.1916403125 0.5252782359375 0.1997937453125 0.52007270625 0.20508137343750002 0.51046054375 0.21270679218750002 0.50551841875 0.19809097343749998 0.4340088796875
2 0.197562603125 0.433449134375 0.1939855140625 0.419662040625 0.1904816546875 0.4016567828125 0.1822425765625 0.40243822656250006 0.17017980625 0.40500224687499997 0.1742872921875 0.431930921875 0.1775192859375 0.42736462499999994 0.186048246875 0.42490518593750004 0.1912062421875 0.43092090625 0.197562603125 0.433449134375
6 0.2006467921875 0.407136884375 0.202715325 0.418879565625 0.2049063640625 0.4271765890625 0.2111585265625 0.4254202078125 0.20714690624999998 0.40554151093749996 0.2006467921875 0.407136884375
2 0.2126077875 0.506517165625 0.2059850125 0.50927660625 0.198856165625 0.52025396875 0.1936460640625 0.5241839796875001 0.194172084375 0.536052725 0.22422182031250001 0.6774256203125 0.234792803125 0.6978017750000001 0.24564110625 0.7085625390625 0.25180566249999997 0.703647634375 0.2411116828125 0.6554562953125 0.2126077875 0.506517165625
6 0.25187699218750004 0.66679699375 0.256970771875 0.690761346875 0.2578865078125 0.695069546875 0.258876375 0.7010505734375 0.288626940625 0.696696871875 0.31361139531250004 0.6911048453124999 0.29947823281249997 0.6921389453125 0.2879063546875 0.6906586484374999 0.278225825 0.6848363015625 0.2700061421875 0.6792663531249999 0.2631158484375 0.6720066515625 0.25889595625 0.66206836875 0.2538244390625 0.6402102546874999 0.22632630312500002 0.5053071140625 0.21966508906249999 0.5067229984375 0.23284865781250003 0.5706555640625 0.25187699218750004 0.66679699375
2 0.27322995156249996 0.7249936953125 0.2880461203125 0.7287540140625001 0.30308260625 0.730678765625 0.319831465625 0.72798810625 0.673323675 0.6578429156250001 0.812156884375 0.6299191015625001 0.8082232109374999 0.6096347984375 0.7689296156250001 0.6179108296875 0.486380075 0.673958453125 0.3950425359375 0.6916542156250001 0.345426903125 0.7009095296875001 0.3096332796875 0.70819145 0.2945855046875 0.7095697375000001 0.28338701093749996 0.7048428875 0.2738075125 0.706848628125 0.2709119390625 0.714734040625 0.266467165625 0.7201294875 0.27322995156249996 0.7249936953125
3 0.33199373125 0.705013359375 0.3982214328125 0.6909362265625 0.5392106812499999 0.6640154125 0.6343558125000001 0.6446623828125 0.7972438921875 0.6122161484374999 0.8079943140625 0.6096834515625 0.8063028984375 0.601583784375 0.6932471046875001 0.6247438562500001 0.6526669171874999 0.6324987625 0.6187511875 0.6388370828125 0.5573447171875 0.65101875 0.5393455625 0.6544092499999999 0.4861810328125 0.664403703125 0.3537879734375 0.6908033609374999 0.2832178640625 0.70493280625 0.29647424375 0.7099512109375 0.30507035 0.7094300687499999 0.33199373125 0.705013359375
3 0.2719557078125 0.7123195921875001 0.2743179671875 0.7062641265625 0.268700965625 0.7074580578125 0.26293221093749997 0.7086842437499999 0.257954734375 0.7099009 0.2537913234375 0.710468528125 0.2564615296875 0.7148196484375 0.259319490625 0.7170681812499999 0.26265566093750004 0.7185803953125001 0.26665405937500003 0.71947585 0.2692384796875 0.7167051734375 0.2719557078125 0.7123195921875001