4 0.7769041203125 0.415064321875 0.7672366453125 0.40263471093750003 0.7686177125 0.384680828125 0.7340910140625 0.35567840156249997 0.6829915015625 0.3584405375 0.673324025 0.3667269453125 0.65260800625 0.35567840156249997 0.5863167453125 0.40954005000000004 0.55731431875 0.3777754875 0.546265775 0.3763944203125 0.5075958734375 0.415064321875 0.5048337375 0.42611286562500006 0.50621480625 0.4343992734375 0.5352172328125 0.4661638359375 0.5048337375 0.500690534375 0.520025484375 0.5214065531250001 0.66227548125 0.6650376171875 0.669180821875 0.6650376171875 0.6885157734375 0.6539890749999999 0.7299478109375 0.6125570359375 0.73823421875 0.595984221875 0.70646965625 0.5600764546875 0.6940400437500001 0.5586953875 0.6912779078125 0.551790046875 0.7216614031249999 0.5214065531250001 0.742377421875 0.511739078125 0.785190528125 0.4606395640625 0.8063082984375001 0.44235137187499995 0.7769041203125 0.415064321875
0 0.6714466046875 0.7084773203125 0.6358720812499999 0.6814866390625001 0.6554922750000001 0.6618664453124999 0.5223890671875 0.534894546875 0.444521709375 0.6139887468749999 0.48991395156250006 0.667964784375 0.519354146875 0.686368603125 0.68741085 0.8029222984375 0.73339463125 0.7520314203125 0.6898463890625 0.7182932640625 0.6714466046875 0.7084773203125
0 0.504587440625 0.45210105 0.50949073125 0.4386104125 0.50335465 0.42143795624999997 0.4886387390625 0.4324735234375 0.48680538906250004 0.46374925625 0.5076575 0.4698862140625 0.5101132828125 0.4833783734375 0.52298953125 0.4729556265625 0.5352529109375 0.46437259218750004 0.5260514281249999 0.4514922859375 0.504587440625 0.45210105
1 0.78933373125 0.78933373125 0.7396152859375 0.7603313046875 0.699564315625 0.8086686828125 0.7271856750000001 0.8349089734374999 0.738714646875 0.8582237421875 0.78933373125 0.78933373125
3 0.774141984375 0.7782851890625 0.9819616171875 0.577109353125 0.9661856984374999 0.5571216640625 0.7603313046875 0.76999878125 0.774141984375 0.7782851890625
2 0.7976201390625001 0.785190528125 0.995637009375 0.5886789078125 0.977756265625 0.56869223125 0.7755230531249999 0.77966625625 0.7976201390625001 0.785190528125
3 0.7018725421875 0.8740283265625 0.7303081421875001 0.832970253125 0.7155808953125 0.820348940625 0.6829367562499999 0.8593043125 0.7018725421875 0.8740283265625
2 0.7589502375 0.7686177125 0.9630268953125001 0.5602804671875 0.9556658765625 0.548707775 0.743758490625 0.7561881015624999 0.7589502375 0.7686177125
2 0.6892490078125 0.8635107265625 0.711993928125 0.8197172265624999 0.6968021796875 0.8114308187500001 0.6719429578125 0.8445764484374999 0.6892490078125 0.8635107265625
2 0.7250169578125 0.8908551390625 0.73823421875 0.8556249921875001 0.7299478109375 0.837671109375 0.702924446875 0.8750802328124999 0.7250169578125 0.8908551390625
6 0.7567811921875001 0.5098690968749999 0.74935545625 0.626689659375 0.67470509375 0.7092317921875 0.6885157734375 0.720280334375 0.7704035921875 0.6266790421875 0.7567811921875001 0.5098690968749999