4 0.380859375 0.3505859375 0.3828125 0.3212890625 0.36328125 0.2978515625 0.380859375 0.2724609375 0.380859375 0.2587890625 0.2958984375 0.193359375 0.27734375 0.2041015625 0.22265625 0.2939453125 0.20703125 0.2978515625 0.197265625 0.3154296875 0.19921875 0.3330078125 0.166015625 0.3681640625 0.1865234375 0.39453125 0.2001953125 0.3984375 0.2451171875 0.4375 0.259765625 0.4384765625 0.3037109375 0.384765625 0.3525390625 0.41796875 0.388671875 0.3662109375 0.380859375 0.3505859375
5 0.521484375 0.6650390625 0.57421875 0.7041015625 0.60546875 0.6591796875 0.5576171875 0.623046875 0.525390625 0.6513671875 0.521484375 0.6650390625
0 0.2147957515625 0.19627323593749998 0.22132391718750002 0.20163309218749997 0.22645323906249998 0.2046625828125 0.24114166718750002 0.213984075 0.2578125 0.2275390625 0.27734375 0.1982421875 0.25419803124999996 0.18135884375 0.23694497343749998 0.1680757140625 0.2147957515625 0.19627323593749998
5 0.609375 0.6611328125 0.62109375 0.6455078125 0.5986328125 0.62890625 0.587890625 0.6474609375 0.609375 0.6611328125
6 0.25519571874999997 0.22574052031249997 0.24502494062500002 0.241192653125 0.21695360625000001 0.2753500015625 0.20841014531250002 0.28836233125 0.1982421875 0.28125 0.167727028125 0.258677975 0.162438259375 0.265590759375 0.19132325156250002 0.28632915 0.204748665625 0.30056138125 0.22142874531249998 0.29242868125 0.2271243859375 0.2834827140625 0.262111834375 0.22777369531249997 0.25519571874999997 0.22574052031249997
3 0.15054434375 0.2541977421875 0.156742590625 0.260393565625 0.16162457187499998 0.25348078125 0.15023331874999998 0.24494144687500002 0.1412830140625 0.23558881875 0.14901284374999998 0.22582957656249997 0.18644126875 0.1770333640625 0.17545683125 0.16930729375 0.1465718390625 0.20631109531249997 0.12948494375 0.2290826734375 0.123789275 0.2372153671875 0.115234375 0.2470703125 0.110676790625 0.254753121875 0.1183169078125 0.254891965625 0.12151187031249999 0.2544754296875 0.125009778125 0.25673385 0.1286712578125 0.251040965625 0.1347737140625 0.2445348 0.14250351562500002 0.248194515625 0.15054434375 0.2541977421875
1 0.2308830578125 0.163414959375 0.2110653390625 0.1473353765625 0.1968432234375 0.13684869375 0.1926465296875 0.1284593515625 0.189453125 0.1201171875 0.187983521875 0.1154092546875 0.1819216375 0.1230994875 0.1690984 0.1394121109375 0.1574409125 0.1543265046875 0.15234375 0.1611328125 0.1574409125 0.16318193125 0.1650390625 0.1640625 0.170730465625 0.1650462234375 0.17329509375000002 0.16737660468749999 0.1806640625 0.171875 0.1849525796875 0.1752998703125 0.1904296875 0.177734375 0.2001953125 0.185546875 0.20943330625 0.1918455265625 0.21736037968750002 0.1827570703125 0.2227228265625 0.17413467968750002 0.22761895937499999 0.1680757140625 0.2308830578125 0.163414959375
2 0.08619746874999999 0.28810348750000003 0.09830992499999999 0.2720464625 0.111328125 0.2529296875 0.162109375 0.1865234375 0.17535125000000001 0.16825585625 0.1706997484375 0.1661895171875 0.1533203125 0.162109375 0.145374915625 0.17161365312500002 0.0625 0.2802734375 0.027434773437499997 0.32323641406250003 0.046118226562499996 0.3382026234375 0.06524782343749999 0.314321753125 0.076377634375 0.2999849421875 0.08619746874999999 0.28810348750000003
2 0.1452940390625 0.2504673140625 0.14025771874999998 0.24732112343749998 0.13543123906250001 0.24459443906249997 0.1287161515625 0.2506770578125 0.12535860000000001 0.25613045 0.1366903296875 0.26473003125 0.1446645078125 0.2693444359375 0.1484417515625 0.2706029125 0.1507500640625 0.26787622031249997 0.1566257828125 0.26011561875 0.15326823125 0.2569694296875 0.148651590625 0.25298426093750004 0.1452940390625 0.2504673140625
2 0.2095071875 0.1912591609375 0.1985951359375 0.1847570375 0.192299740625 0.17846466249999998 0.18705358125 0.17657695 0.1732036703125 0.1960833109375 0.154737146875 0.21789687343750003 0.1450842 0.23090112031249999 0.14109710312499998 0.23593501562500002 0.14907128125 0.24411510625 0.1591796875 0.251953125 0.162921178125 0.25313417031249996 0.167747659375 0.2470515359375 0.1855846375 0.22376975468750002 0.19733607343749998 0.2065706 0.2095071875 0.1912591609375
3 0.2260741828125 0.1020691765625 0.2151953546875 0.11596320156249999 0.208984375 0.1240234375 0.1979705359375 0.1386165109375 0.20340995 0.1416369515625 0.211569071875 0.1479798859375 0.22093694687499998 0.1337838125 0.2269807390625 0.1268367921875 0.238161765625 0.11113050312499999 0.2260741828125 0.1020691765625
2 0.22546980625000002 0.10297531093750001 0.20643185625 0.08877923125 0.20069024375 0.09935077812500001 0.193359375 0.1083984375 0.1889048390625 0.1162652453125 0.1916245453125 0.1256286203125 0.19766833749999999 0.1386165109375 0.2091515640625 0.12351430781249999 0.212890625 0.1181640625 0.21875 0.1103515625 0.22546980625000002 0.10297531093750001
2 0.2596172234375 0.1283470171875 0.23846394375000002 0.111432540625 0.233628928125 0.11777547031249999 0.227585115625 0.127138834375 0.2176128625 0.1392206078125 0.2118712703125 0.14767784374999998 0.2177734375 0.15234375 0.2251676078125 0.1591555296875 0.23060702187499998 0.1633841328125 0.24609375 0.1435546875 0.24873839531250003 0.14103287656250002 0.251953125 0.1357421875 0.2596172234375 0.1283470171875