0 0.667255128125 0.5861909359374999 0.6171990625 0.6301712671875 0.6249891109375 0.6379266343750001 0.638918328125 0.6541036109375 0.6553842921874999 0.6762901953125 0.664993359375 0.686260484375 0.7157549828125 0.6406179453124999 0.667255128125 0.5861909359374999
4 0.6155873578125 0.5151151609375 0.600441321875 0.5108078484374999 0.586226890625 0.47931260781249996 0.5507612484375 0.45789294375 0.5341146984375 0.46461858593749994 0.49373326406249995 0.5047662203125001 0.47324520156250005 0.513043934375 0.4392662875 0.5506047828125 0.43599368906249997 0.568311825 0.5055017921875 0.6444958125 0.5216052062500001 0.62905243125 0.532692775 0.6253081093749999 0.5426106265625 0.6220552203125 0.5707559343749999 0.6032361296875 0.579991028125 0.6039734984375 0.610877790625 0.6361803296875 0.6505218546875 0.6052677906249999 0.6691605 0.5813524609375 0.666030578125 0.5662322046875 0.6377048249999999 0.532990659375 0.6155873578125 0.5151151609375
6 0.6181307828125 0.63109554375 0.6110315796875 0.6371449828125 0.6065308359375 0.6324023828125 0.601339546875 0.62595060625 0.5977330859375 0.622437234375 0.5934066953125 0.6186183093750001 0.5903164249999999 0.6158904734374999 0.5781931671875 0.6032103515625 0.574697559375 0.6033131765624999 0.570486784375 0.6032250859375 0.5674317796875 0.6060687046875 0.5653881281250001 0.6083839234374999 0.56160590625 0.608801434375 0.5662810015625 0.6144676921875 0.573326453125 0.6225561625 0.5858687921875 0.636376496875 0.589955196875 0.6400935718749999 0.5935979171875 0.6441887421875 0.60052775625 0.6485463578124999 0.6032037171875 0.6502486421875 0.608854325 0.6509479046875 0.6136037765625 0.648432521875 0.6214297796875 0.644674109375 0.6273722359375 0.6406826046874999 0.6181307828125 0.63109554375
5 0.4944964109375 0.502968359375 0.4931643515625 0.48861124843750003 0.481122459375 0.491986959375 0.47678936875 0.4996957609375 0.48297187656249996 0.5076245734375 0.4944964109375 0.502968359375
6 0.5036270093749999 0.6436319328125 0.4923736296875 0.630436046875 0.434556878125 0.5670720015625 0.43806325 0.5490733109375 0.42357763125 0.5706788781250001 0.44765214843749995 0.597432325 0.4672846578125 0.6193477749999999 0.4960134734375 0.6504389953125 0.5036270093749999 0.6436319328125
6 0.5421909796875 0.6292944671875 0.5546282375 0.6139056843749999 0.5400996421875 0.6230920906249999 0.52284253125 0.6275772234375 0.5131051249999999 0.6393879046875 0.4964382546875 0.649438275 0.5119300890625 0.649346259375 0.5249768765625 0.6461986890625 0.5330764109375 0.6354643375 0.5421909796875 0.6292944671875
1 0.6952861375 0.71974999375 0.692059646875 0.747828059375 0.7012486328125 0.7381944046875 0.77068219375 0.6766798125 0.7629644515625 0.6739943203125 0.7417985218750001 0.6726567046875 0.7205422609375 0.645948353125 0.6982020875 0.6665818781249999 0.6882115921875 0.676432871875 0.6710238093750001 0.691657515625 0.6759754671875 0.6977614156249999 0.6952861375 0.71974999375
3 0.7422095265624999 0.6715086890624999 0.7481029312499999 0.668824190625 0.80726394375 0.617009075 0.8255897453125 0.5992895171875 0.8145277 0.587679128125 0.73382145 0.6627620609375 0.7422095265624999 0.6715086890624999
2 0.7348644156249999 0.661569590625 0.742993921875 0.6532818 0.814467490625 0.5876157109375 0.8092797046875001 0.5820597609375 0.8023592546874999 0.57367215625 0.7205712109375 0.6458600765625 0.7348644156249999 0.661569590625
2 0.768094721875 0.6731596203125 0.7761909234375 0.669888490625 0.78127413125 0.66713423125 0.7897203015625001 0.6622322281249999 0.8146941234374999 0.6384393312500001 0.8395988046875 0.6163104546875 0.8245951249999999 0.6002993609375 0.798075275 0.6242580671875 0.7791354312500001 0.6422111328125 0.7433667296875 0.6731440859375 0.7506655234374999 0.6737268109375 0.768094721875 0.6731596203125
2 0.6493679046875 0.7866151578125 0.6611129890624999 0.7752636734375 0.6662350046875 0.7731942453125 0.6728833140625 0.7675290953125 0.6769706156249999 0.7628986578125 0.686547321875 0.7533463984375001 0.6915051 0.7475924703125 0.6913672703125 0.7370530890625 0.6951600531250001 0.72021670625 0.6935781921874999 0.7170298171875 0.6750696421875 0.7323865765625001 0.6667952781250001 0.7416082578125 0.66024673125 0.7473126 0.655834134375 0.7516287671875 0.6465418390625 0.76068066875 0.6304234421875 0.7739621015625 0.6101163359374999 0.79217329375 0.5898628890625 0.8112457296875 0.5675903515625 0.8291489593750001 0.5541528015625 0.8410529171875 0.551369875 0.8456338328124999 0.5504368125 0.8507949140625 0.5636954734375 0.8491888046874999 0.5796834359374999 0.842140521875 0.5961672234375001 0.831948865625 0.615472475 0.8170855234375001 0.6493679046875 0.7866151578125
3 0.5663012593750001 0.830038021875 0.578817653125 0.8205998671874999 0.596622734375 0.8041302281249999 0.6166510749999999 0.785682721875 0.64533436875 0.7615477734375 0.6561594296875 0.7519430359375 0.664233509375 0.7437556609375 0.6708272109375 0.73690960625 0.6844296125 0.724244675 0.6929462125 0.7182148421875 0.68730576875 0.7110580328125 0.68402525625 0.706485240625 0.6699058203125 0.718363375 0.664010909375 0.7234488265625 0.656599453125 0.7309118390625 0.648670640625 0.737094346875 0.63118354375 0.754037915625 0.611701640625 0.7718663609374999 0.5972761234374999 0.7844655609375 0.5808982984375 0.7976544296875 0.57388958125 0.8034733140625001 0.55947096875 0.8180611453125 0.5485281953125 0.8264652453125001 0.5415558 0.8328668718750001 0.5345921578125 0.8318967015625001 0.5491935781249999 0.8502926000000001 0.552866621875 0.8416394515625001 0.55731081875 0.8378524437499999 0.5663012593750001 0.830038021875
2 0.58067560625 0.7724141906249999 0.55779298125 0.789161009375 0.5404659453125 0.794018425 0.51838385 0.7932954828125001 0.5017641859374999 0.7892939140624999 0.5178190921875 0.8078122640625001 0.5281387359374999 0.8218607656250001 0.5364125328125 0.831604046875 0.5413338750000001 0.8315325171874999 0.560230578125 0.81818220625 0.5795988546874999 0.7989259140625 0.6068862359375 0.7753983812499999 0.6462493234375 0.7402048390625 0.6837698984375 0.7057557078125 0.6713596 0.6918374968750001 0.6582385875 0.7035686609375 0.634257846875 0.7229024515625 0.6040949796875 0.750806671875 0.58067560625 0.7724141906249999
2 0.3105121359375 0.6513260187500001 0.372924078125 0.7218931609375 0.47255579531249997 0.8320818390625 0.48978240624999997 0.8407538593749999 0.5083310875 0.8469966359375001 0.480678840625 0.8079464984375001 0.3928027609375 0.7090858265625 0.3116905484375 0.6216586687500001 0.1978679390625 0.4931295515625 0.16995968125 0.4601463359375 0.15311787968749999 0.4777067375 0.17994234375 0.506215234375 0.24987184375 0.58481879375 0.3105121359375 0.6513260187500001
3 0.45006576093749995 0.7537759453125 0.3191779453125 0.606899440625 0.180215875 0.44844220625000003 0.1704989390625 0.459809071875 0.24980478125 0.551361428125 0.2935318015625 0.6000900046875 0.4479482234375 0.7683685640625 0.5023906421875 0.8379523265625 0.5145525125 0.8496374734375 0.52365905 0.8516520859375 0.5355515734375 0.85202830625 0.54929490625 0.848742178125 0.5342993953125 0.8319286781249999 0.520397775 0.830104496875 0.45006576093749995 0.7537759453125
2 0.3389382171875 0.6291758578125 0.408394778125 0.70603360625 0.46461116249999995 0.769804046875 0.47871726875 0.7856241140625 0.51892723125 0.8298759562500001 0.5352935296875 0.8321960468749999 0.5087023078125 0.7966169062499999 0.47594546718749997 0.7647827921875 0.438541890625 0.7234573703125 0.38352772343749997 0.6636675265624999 0.3494617765625 0.6249155562500001 0.332549253125 0.6061690515625 0.322793803125 0.5950876171874999 0.316126784375 0.5876306421875 0.298556 0.5686047234375 0.25910998125 0.5231339671875 0.1999056125 0.45828050156250005 0.18681672656249998 0.44361391093749997 0.18097630625 0.448787778125 0.2159555546875 0.48878116250000003 0.24624972343749998 0.5238703828125 0.29560183125 0.5801686625 0.3389382171875 0.6291758578125