4 0.2971174046875 0.42811339375 0.29856591250000003 0.4594978890625 0.298828125 0.5283203125 0.310546875 0.5302734375 0.4580078125 0.52734375 0.4617669875 0.49281373124999994 0.46031847968750006 0.42569919531249995 0.2971174046875 0.42811339375
5 0.654214125 0.45999693593749996 0.65625 0.4990234375 0.654296875 0.5087890625 0.6508627265625 0.5169696765625 0.6525384640625 0.5493659562500001 0.6704124671875 0.559978525 0.712890625 0.5595703125 0.7463768875000001 0.5577443078125001 0.744142646875 0.46223117187499996 0.7033676546875001 0.46167259843749997 0.654214125 0.45999693593749996
0 0.62109375 0.4697265625 0.6201171875 0.4609375 0.576171875 0.4619140625 0.5849609375 0.470703125 0.62109375 0.4697265625
0 0.5380859375 0.46875 0.6544214796875 0.4710860125 0.6539386890625 0.4604635453125 0.5107421875 0.458984375 0.5037743859375 0.4503239484375 0.49363462968749994 0.44549556875 0.49315183749999997 0.45322098437499997 0.4907376140625 0.468188978125 0.492186121875 0.48219126562500003 0.4917032640625 0.49329655156249996 0.49958209531250003 0.49299690625 0.5008183625 0.5061831953125 0.498757975 0.5379127125000001 0.48763191875 0.5399730765624999 0.4671893359375 0.5399230125 0.4593819671875 0.5304427640625 0.300446453125 0.5310004046875 0.2919921875 0.541015625 0.2666015625 0.541015625 0.26263833281250004 0.5342040671875 0.26057791875 0.52761094375 0.2984889515625 0.5304954203125 0.2972873140625 0.4912613921875 0.26426964062499997 0.4901729140625 0.2486679109375 0.4912613921875 0.2470703125 0.51953125 0.244140625 0.5263671875 0.24409490625000002 0.537088571875 0.248046875 0.5478515625 0.2587890625 0.55078125 0.486328125 0.5537109375 0.4970703125 0.552734375 0.51171875 0.5400390625 0.51171875 0.4697265625 0.5380859375 0.46875
5 0.4853515625 0.427734375 0.46203076249999997 0.4269097640625 0.462890625 0.4931640625 0.4710870265625 0.49332172500000004 0.491463640625 0.49369906406249997 0.49297306562500004 0.4435127546875 0.48882225156250003 0.42917381250000003 0.4853515625 0.427734375
2 0.1411239 0.5830992078125 0.17784743593750002 0.584442746875 0.1756081890625 0.49039571875 0.14896623125 0.4887290765625 0.1416894203125 0.49039571875 0.1411239 0.5830992078125
2 0.1669921875 0.453125 0.1650390625 0.455078125 0.1455078125 0.455078125 0.14453125 0.4560546875 0.14453125 0.4736328125 0.1455078125 0.474609375 0.1474609375 0.474609375 0.1494140625 0.4765625 0.1708984375 0.4765625 0.171875 0.4755859375 0.173828125 0.4736328125 0.173828125 0.4541015625 0.1728515625 0.453125 0.1669921875 0.453125
3 0.1778659796875 0.5857338125 0.194947640625 0.5871813984375 0.19439712343749999 0.5664971765625 0.19375407656250002 0.5240564078125 0.19320768125 0.49050793125 0.1933183140625 0.4601470390625 0.1755518515625 0.453704578125 0.1738111140625 0.47583631875 0.14336639375 0.4761470984375 0.14286201874999999 0.48906198749999996 0.1501032328125 0.48906198749999996 0.16774211249999998 0.48906198749999996 0.173828125 0.4892578125 0.176470909375 0.492130303125 0.177656928125 0.5329287546875 0.17718252343750002 0.565899609375 0.1778659796875 0.5857338125
0 0.2060546875 0.470703125 0.2041015625 0.470703125 0.2021484375 0.46875 0.1982421875 0.46875 0.194616540625 0.4732089046875 0.1938459796875 0.49208753281249995 0.2001953125 0.49609375 0.201171875 0.4951171875 0.2060546875 0.494140625 0.212890625 0.4892578125 0.212890625 0.4775390625 0.2060546875 0.470703125
2 0.2128633640625 0.48957872656249996 0.20772071718750001 0.4930756734375 0.200315328125 0.49595551562500007 0.19393846718750002 0.4922528609375 0.1947612859375 0.5617804921875 0.1949670109375 0.5866705578125 0.2138918796875 0.5858477484375 0.213274759375 0.5661002609375 0.212890625 0.4970703125 0.2128633640625 0.48957872656249996
5 0.286140734375 0.577191059375 0.4617068234375 0.577191059375 0.4566327125 0.5599390984375 0.31557088125 0.559431671875 0.28360364531250004 0.5609538984375 0.286140734375 0.577191059375
6 0.6225160328125 0.42511527187500003 0.6158909609375 0.43836553125 0.6134064296874999 0.453272096875 0.6233443234375 0.45741282187500004 0.6846273515625 0.459897240625 0.7450825453125 0.46155351875 0.748395025 0.575009040625 0.7815210703125001 0.5758371796875 0.77986494375 0.422630825 0.695393421875 0.42345896562499996 0.6225160328125 0.42511527187500003