0 0.664628409375 0.2714824140625 0.6980902062500001 0.2285014984375 0.6892899453125 0.21969318750000003 0.6712048187499999 0.1933875484375 0.6136257656249999 0.22682339687500003 0.55859375 0.2978515625 0.5615234375 0.3046875 0.5888671875 0.318359375 0.6135996609375 0.33506963125 0.6302715937500001 0.31549823125 0.6407821609375 0.31549823125 0.6533203125 0.326171875 0.6592662625 0.3310828640625 0.660929178125 0.31669525625 0.658203125 0.3076171875 0.646484375 0.2958984375 0.664628409375 0.2714824140625
1 0.7259953125 0.192119075 0.7121531937500001 0.1768450265625 0.697833759375 0.15966170625 0.6878101546875001 0.17111725312499998 0.6734907203125 0.1849593578125 0.6921452703125001 0.2130489859375 0.7027270921875 0.2236445328125 0.71144759375 0.22073770937499998 0.720703125 0.2177734375 0.7390202703125001 0.21473818906250003 0.7456028921875 0.20693024218749997 0.7364962312500001 0.200233421875 0.7259953125 0.192119075
2 0.77734375 0.22414062812500002 0.7744140625 0.22265625 0.7715625 0.222421875 0.7685546875 0.220703125 0.7596875 0.217578128125 0.7501562500000001 0.21226562499999999 0.7470703125 0.208984375 0.7431640625 0.208984375 0.7421875 0.2119140625 0.7373046875 0.21484375 0.729843759375 0.21632812499999998 0.7240624999999999 0.21789062499999998 0.719531259375 0.218359375 0.722343759375 0.221484375 0.7353515625 0.23046875 0.7407812500000001 0.23304687500000001 0.7451171875 0.236328125 0.7568359375 0.2421875 0.7646875 0.24476562500000001 0.7724609375 0.248046875 0.7784375 0.24898437499999998 0.7822265625 0.25 0.7892187500000001 0.2502343796875 0.787109375 0.2451171875 0.7834375 0.237890625 0.7787499999999999 0.23132812500000002 0.77734375 0.22414062812500002
3 0.7801408703125 0.267794525 0.789161921875 0.2683703375 0.79561099375 0.269834075 0.7964555375 0.28353337500000003 0.8054454921875 0.28581513593749996 0.8209348593750001 0.23098780937500002 0.8037244546875 0.23000435156250001 0.79118546875 0.227791590625 0.77790889375 0.22410365312499997 0.77962993125 0.23098780937500002 0.78553063125 0.242789209375 0.79069374375 0.25114852656250003 0.7782214984375 0.2499443609375 0.7528857796875 0.24015556093749998 0.73681985 0.23119945 0.7299839125 0.2263166375 0.7241245375 0.2224103875 0.7189128859375 0.21808277031249998 0.709316021875 0.22153764062499998 0.7035814328125001 0.22404313125000003 0.7121822609375 0.23298124375 0.7181451359375 0.23919586874999998 0.7292152828125 0.24832781874999998 0.7400084671875 0.2528811984375 0.7489465828124999 0.2572659390625 0.7555729015625 0.2597331609375 0.7647990890624999 0.26266253125 0.7703520703125 0.2647235234375 0.7801408703125 0.267794525
2 0.7803143078125 0.2685650609375 0.7681719625000001 0.2638430421875 0.7501270890625 0.257434578125 0.731177528125 0.2495090265625 0.73691910625 0.2542520765625 0.7449073890625 0.2602432890625 0.7611335890625 0.2689804671875 0.767374434375 0.2722257140625 0.773864915625 0.27547094687499996 0.7828517328125 0.2794650875 0.7888429453125 0.2814621578125 0.795583059375 0.28295996093750003 0.795333425 0.2714768125 0.7944803765625 0.26957692187500004 0.7919921875 0.26953125 0.7860481921875 0.2685650609375 0.7803143078125 0.2685650609375
5 0.78125 0.3486328125 0.7871395578125 0.32816467031249996 0.78068448125 0.3376574328125 0.7744192609375 0.34563134687499997 0.771484375 0.3505859375 0.763671875 0.3583984375 0.76321780625 0.37202121718750003 0.7662554890625 0.3796154296875 0.767584475 0.386450215625 0.770242446875 0.3948038375 0.775390625 0.3720703125 0.77734375 0.3662109375 0.77973520625 0.35607338125 0.78125 0.3486328125
4 0.6396484375 0.31640625 0.6298828125 0.31640625 0.6123046875 0.333984375 0.5924831078125 0.320734796875 0.5595703125 0.3046875 0.5477195953125 0.2890625 0.5361328125 0.283203125 0.5251204578124999 0.283412328125 0.46790540468749997 0.35831925625 0.46875 0.3680320953125 0.4734307484375 0.3726945625 0.4624828609375 0.3885531390625 0.42534924218750003 0.44121542187499996 0.40036837500000005 0.470247171875 0.41454668124999994 0.48307516406250006 0.3895658546875 0.515482721875 0.4233237703125 0.5458648078125 0.4318744 0.5400304453125 0.4573669859375 0.5066651484375 0.4716796875 0.515625 0.4997296890625 0.535531753125 0.4899825 0.5475282765625 0.47723623125000003 0.5628987953125 0.478735771875 0.56889705 0.4869833734375 0.5767697609375 0.503478575 0.5902658359374999 0.5214733421875 0.6033870203125 0.537109375 0.5830078125 0.697265625 0.3740234375 0.697265625 0.3642578125 0.6396484375 0.31640625
5 0.49747793125 0.535722659375 0.4912109375 0.53125 0.4580078125 0.5078125 0.4306640625 0.544921875 0.3876953125 0.515625 0.376953125 0.5244140625 0.37473903750000004 0.5327579515624999 0.4697265625 0.607421875 0.5016285218750001 0.6305933015625 0.51953125 0.6044921875 0.4765625 0.5673828125 0.483247334375 0.5558826703124999 0.49747793125 0.535722659375
5 0.6484375 0.4697265625 0.65234375 0.4580078125 0.6396484375 0.453125 0.634765625 0.4619140625 0.6484375 0.4697265625
5 0.658203125 0.4462890625 0.662109375 0.4384765625 0.6533203125 0.43359375 0.6484375 0.4443359375 0.658203125 0.4462890625
5 0.3466796875 0.533203125 0.3359375 0.5341796875 0.349609375 0.5458984375 0.3466796875 0.533203125