4 0.5672791859374999 0.3810410890625 0.5545050703125 0.302971678125 0.547831078125 0.2932405796875 0.49340757812499997 0.3107699328125 0.375398653125 0.3276115796875 0.3522033859375 0.33665966875 0.36260105781249996 0.41812299218750004 0.38216535 0.484087209375 0.387482715625 0.48612449687500003 0.44993918437499997 0.4691619703125 0.5560682359375 0.45243181093749996 0.563536725 0.444173521875 0.55245604375 0.39257945625 0.5672791859374999 0.3810410890625
5 0.486823940625 0.4646414484375 0.4475627390625 0.472555884375 0.457061471875 0.5095544765625 0.49519136875 0.5008478921874999 0.486823940625 0.4646414484375
5 0.516043775 0.24358801093750002 0.50837066875 0.2054096125 0.4456745046875 0.22002380625 0.45166548906250004 0.25962416250000003 0.4618553 0.31526363281249997 0.5292446125 0.30243985625 0.516043775 0.24358801093750002
2 0.5042480609375 0.182338996875 0.5069423515625 0.194268959375 0.539564665625 0.18497246875 0.5934190218750001 0.16543428124999998 0.5884691265625001 0.137362028125 0.55433013125 0.1481073453125 0.520696240625 0.1617172546875 0.5042887625 0.170023428125 0.5042480609375 0.182338996875
6 0.448881871875 0.2967006765625 0.44108771874999997 0.2913008203125 0.43314203124999995 0.28843909375 0.4457934203125 0.28240388437499997 0.45543267343749994 0.281152428125 0.45189081093750005 0.266525825 0.4452328 0.2690574109375 0.4332155015625 0.272072740625 0.422091675 0.285238609375 0.4228318609375 0.294519821875 0.38747085000000003 0.2998585671875 0.3613723546875 0.304302478125 0.362543059375 0.3262076390625 0.3743970359375 0.312431290625 0.431037953125 0.30293276874999997 0.44517695156250003 0.305144734375 0.46121335312499995 0.3114063296875 0.45710388281250003 0.2991463046875 0.448881871875 0.2967006765625
1 0.5074396984375 0.19529604843749998 0.5017746453124999 0.17110466875000002 0.49906233125000005 0.155722375 0.5019112828125001 0.1454238078125 0.5104286015625 0.1355252140625 0.5109698 0.1291802796875 0.5104034828125 0.1248004484375 0.49829412812499996 0.13020106250000002 0.482938059375 0.135707671875 0.45565950937500005 0.1423835625 0.43764248125 0.1460269375 0.42513424375 0.1491654515625 0.41012459687499997 0.1513455703125 0.41309903593749997 0.153378928125 0.4224710765625 0.16316315312500002 0.4364034421875 0.17306879375 0.44295557343749997 0.2131971546875 0.45855098125 0.209047803125 0.5074396984375 0.19529604843749998
2 0.5789007078124999 0.0977441546875 0.5636975171875 0.1020336640625 0.5411471328124999 0.1124711984375 0.5161892015625 0.121579496875 0.5098008359375 0.125395959375 0.510989484375 0.1302301625 0.5085711890625 0.1393991484375 0.5013958875 0.1463806484375 0.4998795328125 0.153036828125 0.5216149328124999 0.142815484375 0.5458056421874999 0.13316996406249998 0.5696908484375001 0.1247759390625 0.5833095078125 0.12084072187499999 0.5789007078124999 0.0977441546875
3 0.552665440625 0.13156159218750002 0.5276213953125 0.141794690625 0.50798951875 0.14973105625 0.4996159953125 0.15299742968750002 0.502038515625 0.17181163906250002 0.5220026703125 0.16068436875 0.560908940625 0.1453221453125 0.5880715203125 0.13695285937499999 0.5844487625 0.1214826 0.56584394375 0.125454253125 0.552665440625 0.13156159218750002
3 0.43656408750000003 0.17437558749999998 0.43108607499999996 0.17103150625000002 0.41295388437499997 0.17556125625000002 0.37358025625 0.18190844374999998 0.3225208 0.186147709375 0.2993862765625 0.18665405625 0.2884132953125 0.1885888890625 0.293200878125 0.20560917656250002 0.3491860203125 0.20228778906249997 0.3667154734375 0.20038783750000003 0.41149049375 0.194279240625 0.43832874374999997 0.1877604859375 0.43656408750000003 0.17437558749999998
2 0.442503915625 0.2114390625 0.4384305765625 0.18833801249999998 0.419575878125 0.19285356874999998 0.395897284375 0.19702874374999998 0.3678705265625 0.20018417031250002 0.3222124796875 0.2046620234375 0.2925215015625 0.20513348593749997 0.296968715625 0.2269776453125 0.3136486 0.22701394375 0.3289698 0.22609885 0.3512212796875 0.22396175937499999 0.3824282375 0.22125955312499998 0.418349646875 0.2162935921875 0.442503915625 0.2114390625
2 0.30274575625 0.16416124999999998 0.28787221875 0.1651989609375 0.2869198515625 0.18676295625 0.34419155 0.1843701015625 0.399353015625 0.1772398140625 0.4314966625 0.1707795265625 0.41065855625000003 0.1514729359375 0.3720954484375 0.1574801578125 0.33479841875 0.1616792890625 0.30274575625 0.16416124999999998
5 0.5694514390625 0.21902277187500002 0.577370571875 0.22456780781250002 0.59264670625 0.20997468281249998 0.590272609375 0.1965105140625 0.5679833265625 0.1994490875 0.5694514390625 0.21902277187500002