4 0.6027323 0.4291846921875 0.5975207734375 0.42465438125 0.5518022640625 0.42883027812499996 0.43530895625 0.44284996718749997 0.4519715796875 0.653137390625 0.45731934843750005 0.65961606875 0.49238995937499996 0.6571636921875 0.49946124999999997 0.67429026875 0.527010878125 0.6762796 0.53562180625 0.68742483125 0.6195378421875 0.68351474375 0.625744034375 0.6742702406250001 0.6027323 0.4291846921875
0 0.5172628593749999 0.6753443484375 0.5204377640625 0.703481625 0.5434629140625 0.701560734375 0.5498677078124999 0.7617625984374999 0.5823077953125 0.7594941656249999 0.6069072890625 0.7548821546875 0.6204614125 0.7526024875 0.6151437750000001 0.6906746375 0.6143893515625 0.68303395 0.53380968125 0.689509440625 0.53052116875 0.675020603125 0.5172628593749999 0.6753443484375
3 0.6496272015625 0.7906786343750001 0.6722897765625 0.786460709375 0.6683593250000001 0.7679269703125 0.6425354671875 0.7753753203125 0.6309067609375 0.7774120625000001 0.62310265625 0.778563996875 0.6239669015625 0.794634353125 0.6336536828125 0.7936764625 0.6496272015625 0.7906786343750001
3 0.5519509515625 0.794946121875 0.54855155 0.7883312 0.4950395703125 0.7930520703124999 0.40418449843750004 0.802119228125 0.40544413125 0.8201328203125 0.5478293703125 0.8060027484375001 0.5519509515625 0.794946121875
2 0.5491441609375001 0.8108055453125 0.5528488406250001 0.8043947828125001 0.5099043296875 0.8096336734375 0.4048433703125 0.8201748296875 0.40712364218749997 0.8441509343750001 0.46804159062500006 0.84095046875 0.532065225 0.8325577125000001 0.5455592171875 0.8296434734375 0.5491441609375001 0.8108055453125
2 0.6501601359375 0.8156720843749999 0.6586099890625 0.8150812125 0.6566370375 0.7897579546875 0.6436442703125 0.7918789375 0.624213521875 0.79445010625 0.6406288203125 0.817134628125 0.6501601359375 0.8156720843749999
2 0.6527936171875 0.7537411203125 0.6324773593749999 0.7575823546875 0.621499725 0.7607705578124999 0.6232230828125 0.778214921875 0.6317340140625001 0.777677753125 0.6389546390625 0.7750584921875 0.6542956234374999 0.7713428062500001 0.65488290625 0.7663030828124999 0.6527936171875 0.7537411203125
2 0.402982978125 0.802203246875 0.5499129296875 0.788308571875 0.54917008125 0.7690520546874999 0.48694483125000004 0.7770235999999999 0.40064786874999997 0.7860750265625 0.402982978125 0.802203246875
5 0.48931826718749993 0.431241690625 0.48482892031249997 0.40903983125 0.45456110625 0.41017741562500004 0.4593229390625 0.43627600937500005 0.48931826718749993 0.431241690625
1 0.5968043625 0.7643991453125001 0.546166359375 0.7692620953125 0.5508915812499999 0.7936706421874999 0.5502826140625 0.8064577765625 0.5470902828125 0.8168689734375001 0.546719040625 0.822772603125 0.544506228125 0.8303724203125 0.59038 0.8265220515625 0.6407412984375 0.8181605812500001 0.6244492703125 0.795750228125 0.6227254796875 0.7590814546875 0.5968043625 0.7643991453125001
2 1 0.4825396125 0.978981875 0.1819664234375 0.6005751765625 0.2156874046875 0.639851253125 0.6208963578125 0.6525203015625001 0.7504614015625 0.653796459375 0.770537653125 0.6688963218749999 0.766002178125 0.672754459375 0.7856157453125 0.65610069375 0.7892657171875 0.657899390625 0.8149882843749999 0.7159281281250001 0.7985034390625 0.7590751953125 0.78256211875 0.794591146875 0.7641719046875 0.8428814546875 0.7364380171875 0.892624971875 0.7005453375 0.9373038875 0.6550178718749999 0.9684401156250001 0.618048296875 0.9903633749999999 0.589333696875 1 0.5713470203125001 1 0.4825396125
0 0.5022365859375 0 0.5037075375 0.0210355796875 0.47774518749999995 0.0277457796875 0 0.057462029687500006 0 0.3863086546875 0.022875315625 0.38260594375 0.0599352578125 0.352603940625 0.09681799218750001 0.34806695312499997 0.1127660203125 0.338141234375 0.1146667484375 0.323324115625 0.13777467031249999 0.3177924640625 0.173526496875 0.32508192343750003 0.18775767968749998 0.34660256718750004 0.2041620765625 0.3572028265625 0.21059979062499998 0.3792684421875 0.3197083578125 0.371638828125 0.3264118828125 0.3555069171875 0.33524765625 0.35586800625000004 0.33415771250000004 0.34028106875 0.321425203125 0.340192465625 0.2998092796875 0.3250618953125 0.3064242015625 0.32166249375 0.312814275 0.329047234375 0.3158935515625 0.31708454375 0.3475647609375 0.308017246875 0.34293249531250003 0.241772759375 0.3474628046875 0.23656123281250002 0.6002055796875 0.211056159375 0.6056895921875001 0.21948320468750002 0.6169434546875 0.3244225515625 0.6241033484375 0.32881661875 0.6759394453125 0.328128728125 0.6992103140625 0.4929224875 0.73225063125 0.545433125 0.7226040734375 0.5754760937500001 0.7115950859375 0.5860353890625001 0.7176307453125 0.6443501640625 0.711839959375 0.70153403125 0.721731390625 0.7869897046875 0.7365485109375001 0.7888904328125 0.7972613468749999 0.7611502453125001 0.8515841078124999 0.72602531875 0.857109084375 0.707038978125 0.8837936140625 0.6826572296875 0.9163708843749999 0.672547628125 0.9329524890625001 0.65768286875 1 0.5747517875 1 0.482539609375 0.9662575421874999 0 0.5022365859375 0