4 0.6142578125 0.603515625 0.615234375 0.5986328125 0.6044921875 0.6015625 0.603515625 0.5947265625 0.6171875 0.5888671875 0.615234375 0.5400390625 0.5185546875 0.5390625 0.5146484375 0.470703125 0.294921875 0.4697265625 0.291086128125 0.520509246875 0.291015625 0.5830078125 0.2998046875 0.587890625 0.3544921875 0.5859375 0.357421875 0.6474609375 0.3623046875 0.654296875 0.4541015625 0.65625 0.4638671875 0.640625 0.4814453125 0.634765625 0.4892578125 0.6484375 0.5087890625 0.65625 0.611328125 0.6591796875 0.615234375 0.6435546875 0.60546875 0.6298828125 0.603515625 0.6044921875 0.6142578125 0.603515625
0 0.2763671875 0.486328125 0.2569439875 0.4855826078125 0.2177734375 0.486328125 0.1914067796875 0.48832963749999997 0.20082529375 0.5334595828124999 0.203964790625 0.5558283328125 0.2954029484375 0.553473721875 0.2942256234375 0.5436628765625 0.292263453125 0.522471425 0.2930483265625 0.48675990625 0.2763671875 0.486328125
5 0.6767578125 0.6953125 0.634765625 0.6982421875 0.6396484375 0.71875 0.673828125 0.7177734375 0.681640625 0.7138671875 0.6806640625 0.6796875 0.673828125 0.6826171875 0.6767578125 0.6953125
5 0.681640625 0.6728515625 0.68359375 0.6279296875 0.6533203125 0.626953125 0.65234375 0.6689453125 0.681640625 0.6728515625
1 0.190041084375 0.512139209375 0.1811629625 0.48811627187499995 0.16862913125 0.4891607609375 0.15087285156250002 0.48759405312500004 0.1252829328125 0.48446062031250003 0.137294503125 0.50900579375 0.1430391765625 0.5298953156249999 0.1477393671875 0.554440471875 0.146484375 0.5732421875 0.15087285156250002 0.5857747453125 0.1728515625 0.5625 0.19787475937500001 0.559662865625 0.194741275 0.5434734828125001 0.190041084375 0.512139209375
2 0.198563465625 0.578406946875 0.1954319671875 0.5577393374999999 0.1710063421875 0.5646285328125 0.1547226640625 0.5827909671875 0.156601528125 0.641662309375 0.1559752109375 0.6923919 0.1553488953125 0.755020975 0.20420014375 0.7543947078125 0.2035738703125 0.671098003125 0.2023212375 0.6166106796874999 0.198563465625 0.578406946875
2 0.1669921875 0.4296875 0.12027622812500001 0.44214572499999993 0.1171447734375 0.44402461249999997 0.12340772656250001 0.464065890625 0.13205043593750002 0.4863172984375 0.16271569375 0.48733942499999994 0.18415860781249999 0.4909964515625 0.1791482453125 0.465944778125 0.1669921875 0.4296875
5 0.6308151468750001 0.44597824687500004 0.6316070109374999 0.39767648125 0.6070599640625 0.3945091375 0.6070599640625 0.3786725 0.5809291875 0.37788067187499996 0.54450449375 0.3786725 0.4803654578125 0.375505184375 0.4637367859375 0.3762970140625 0.44789997968749995 0.375505184375 0.44869179062500003 0.46814954374999995 0.516790096875 0.471316859375 0.5302513624999999 0.45943936875 0.576969971875 0.4610230546875 0.613394665625 0.4610230546875 0.6141865296875 0.445186390625 0.6308151468750001 0.44597824687500004
5 0.572265625 0.4814453125 0.5888671875 0.494140625 0.615234375 0.4931640625 0.615234375 0.4716796875 0.6083984375 0.46484375 0.5908203125 0.46484375 0.572265625 0.4814453125
5 0.630859375 0.6318359375 0.6328125 0.6083984375 0.6103515625 0.607421875 0.611328125 0.6259765625 0.630859375 0.6318359375
5 0.4736328125 0.669921875 0.494140625 0.6689453125 0.5 0.6572265625 0.4873046875 0.650390625 0.46484375 0.6591796875 0.4736328125 0.669921875
5 0.61328125 0.6826171875 0.634765625 0.6962890625 0.634765625 0.6494140625 0.6240234375 0.646484375 0.6171875 0.6552734375 0.61328125 0.6826171875