4 0.46220633125 0.3487769890625 0.4543851796875 0.3430945890625 0.368894640625 0.35268001875 0.30726895625 0.36936171562500003 0.3126727421875 0.41596514375 0.3023204140625 0.42551467499999995 0.3192207609375 0.5197339999999999 0.33201737656249997 0.5256170984375 0.3433222109375 0.5969930140625 0.35267104374999997 0.61232080625 0.3862771546875 0.6060093859375 0.44627929687499995 0.591562303125 0.4650453484375 0.5976258078125001 0.4799201984375 0.59398221875 0.48740102343749997 0.589004203125 0.49663604375 0.5786429 0.46220633125 0.3487769890625
5 0.521999890625 0.3016620953125 0.5274827640625 0.3213235046875 0.5641745703125001 0.3186705125 0.601667721875 0.2961504171875 0.600799465625 0.2607556109375 0.52624040625 0.27238971093750003 0.521999890625 0.3016620953125
0 0.255967221875 0.5488078796875 0.24064325000000003 0.556315871875 0.21690302031250003 0.55880573125 0.22566740625 0.61013204375 0.2578854796875 0.6050292015625 0.29320145625 0.5994357 0.3172317171875 0.6070577546875 0.32241685468750003 0.6210675421875 0.3351086359375 0.620046096875 0.3476955796875 0.6121201078125 0.346473434375 0.6044037921875 0.3434854265625 0.5921066140625 0.336089096875 0.537388065625 0.31151341875 0.539740696875 0.28642468125 0.544619025 0.255967221875 0.5488078796875
0 0.4946710671875 0.5038102265625 0.48695475312500003 0.5050323703124999 0.497247115625 0.5825010578125001 0.493092396875 0.5999676046875 0.4592855875 0.6112544890625 0.35643333906249997 0.62358974375 0.3272964578125 0.63314825 0.3395868390625 0.642077734375 0.361618478125 0.6375995296875 0.516756553125 0.6120393375 0.52700404375 0.5955852625 0.528513775 0.5676615515625001 0.5401841109375 0.5539483265625 0.533767853125 0.513437671875 0.49701051874999996 0.5123383125000001 0.4946710671875 0.5038102265625
1 0.1905457703125 0.5654564265625 0.17481453593750002 0.5684708609375 0.1624922203125 0.569899671875 0.14833720781249998 0.55645599375 0.1642677890625 0.633929490625 0.1741665421875 0.617198903125 0.1994020390625 0.61477055 0.21937534374999998 0.612129940625 0.2104382890625 0.5623057609375001 0.1905457703125 0.5654564265625
3 0.16718925625 0.3954191046875 0.16430745156249998 0.37816229687499997 0.1554738296875 0.37857267031249997 0.148081925 0.3785499765625 0.1577353671875 0.4365498703125 0.179574221875 0.5664612203125 0.193009115625 0.5639008203125 0.16718925625 0.3954191046875
2 0.16617849843750002 0.5702138796875 0.178490846875 0.5677112328125 0.1575744734375 0.43565044999999997 0.148874821875 0.38060658593749996 0.1253366578125 0.36118986406250003 0.14138677500000002 0.4625263109375 0.154683134375 0.5604310984375 0.16617849843750002 0.5702138796875
2 0.17777144843749998 0.367803753125 0.1623783734375 0.3784678328125 0.1663814734375 0.40055028125 0.1763650875 0.4531184875 0.1839097375 0.5077306187499999 0.1933275375 0.5637037203124999 0.210747234375 0.5620497984374999 0.205710228125 0.5302473921875 0.18187883437500002 0.3892215609375 0.17777144843749998 0.367803753125
2 0.2252405765625 0.765194725 0.227460278125 0.7792093625 0.2456165328125 0.7752285703124999 0.2327033953125 0.707653103125 0.21690079999999998 0.7090509015625 0.2208011828125 0.7371654890625 0.2252405765625 0.765194725
3 0.2032007328125 0.7167462312499999 0.2151479609375 0.7817119671875 0.22655296875 0.780458153125 0.21607890156249998 0.7108387265625 0.2032007328125 0.7167462312499999
2 0.1820314 0.7085589546875 0.1795960859375 0.7119108765625 0.18234591093750002 0.7292725859375 0.186224640625 0.7487633109375 0.19353893125 0.787590578125 0.2133709109375 0.7828966625 0.2042727109375 0.7178898375 0.20173256093749997 0.7143372171875 0.19167679375 0.7070312750000001 0.1820314 0.7085589546875
5 0.5500632453125001 0.404073303125 0.551590925 0.4137186984375 0.5698692421875 0.41675610937499996 0.57544680625 0.4020304140625 0.569249196875 0.3941134 0.5573691875 0.3940175375 0.5500632453125001 0.404073303125
3 0.6291816046875 0.7185478515625 0.6875786296874999 0.7060171078125 0.7376419890625 0.695702778125 0.7388253703125 0.6814925203125 0.7178359921874999 0.6830199734375 0.4164983015625 0.740634528125 0.24879702187500002 0.7742006390625 0.251870965625 0.7894653484374999 0.2557574625 0.790818728125 0.27880686250000003 0.7871680609375 0.30895567343749997 0.7810803328125 0.321760846875 0.7790521921875 0.3393839546875 0.7742920046874999 0.3639159140625 0.7707149421875 0.3764176796875 0.7677701265625 0.41048474687500003 0.75909286875 0.6291816046875 0.7185478515625
2 0.6149944656249999 0.7201385609375001 0.2925116296875 0.7849974390625001 0.2540959828125 0.7910818796875 0.2564660921875 0.8143338437500001 0.3179630234375 0.8006557875 0.4085758359375 0.7843351890625 0.7159248609375 0.7208946140625 0.8333294296875 0.6980276890625 0.82647151875 0.663016521875 0.80096249375 0.6677130671875 0.7398017125 0.6793689328125 0.743516025 0.6945322203125001 0.6813788093750001 0.7083116656249999 0.6149944656249999 0.7201385609375001