4 0.4794921875 0.646484375 0.4873046875 0.65625 0.5087890625 0.65234375 0.568359375 0.6591796875 0.568359375 0.4833984375 0.3974609375 0.484375 0.3984375 0.6435546875 0.4794921875 0.646484375
1 0.4267578125 0.8203125 0.4111328125 0.82421875 0.3984375 0.8388671875 0.4013671875 0.849609375 0.4609375 0.8486328125 0.4912109375 0.84765625 0.49609375 0.8369140625 0.4794921875 0.8203125 0.4267578125 0.8203125
0 0.4423828125 0.71875 0.4345703125 0.7265625 0.4130859375 0.724609375 0.4130859375 0.74609375 0.4140625 0.7353515625 0.4228515625 0.732421875 0.4306640625 0.732421875 0.439453125 0.7451171875 0.4375 0.7880859375 0.4287109375 0.796875 0.4150390625 0.794921875 0.412109375 0.8037109375 0.44921875 0.8095703125 0.48046875 0.8037109375 0.478515625 0.7333984375 0.4541015625 0.734375 0.4423828125 0.71875
6 0.4765625 0.6533203125 0.4541015625 0.650390625 0.4482421875 0.65625 0.4462890625 0.650390625 0.3837890625 0.64453125 0.37890625 0.6767578125 0.3935546875 0.689453125 0.40625 0.6884765625 0.4169921875 0.662109375 0.4306640625 0.662109375 0.4482421875 0.671875 0.4765625 0.6533203125
6 0.5830078125 0.6953125 0.58984375 0.6904296875 0.58984375 0.6748046875 0.5849609375 0.666015625 0.5693359375 0.66015625 0.4873046875 0.65625 0.48046875 0.6650390625 0.478515625 0.7158203125 0.4921875 0.7177734375 0.5068359375 0.705078125 0.5244140625 0.708984375 0.5478515625 0.689453125 0.5830078125 0.6953125
2 0.39453125 0.8466796875 0.4033203125 0.826171875 0.38048501562500003 0.8251679015625 0.3781710484375 0.8518057499999999 0.39453125 0.8466796875
2 0.486328125 0.8232421875 0.4990234375 0.84375 0.5390625 0.8427734375 0.5986328125 0.8359375 0.599609375 0.8212890625 0.5869140625 0.814453125 0.486328125 0.8232421875
2 0.6477522375 0.8228516000000001 0.6396533015625 0.8054790671875001 0.626953125 0.8115234375 0.6269262203125 0.8274842046875 0.6477522375 0.8228516000000001
3 0.51122619375 0.8043208625 0.3747000453125 0.8101116718749999 0.372386078125 0.820535190625 0.55078125 0.8115234375 0.6220703125 0.8046875 0.6328125 0.7978515625 0.6328125 0.7880859375 0.51122619375 0.8043208625
3 0.6015625 0.8330078125 0.611328125 0.8349609375 0.62890625 0.8291015625 0.6201171875 0.80859375 0.59765625 0.8154296875 0.6015625 0.8330078125
3 0.4189453125 0.845703125 0.37354300937499996 0.8518057499999999 0.37354300937499996 0.8564384593750001 0.51953125 0.8564453125 0.6454382703125 0.839065928125 0.64196726875 0.82632610625 0.508912121875 0.8471731453125001 0.4189453125 0.845703125