0 0.5627373765625 0.7387150015625 0.572019071875 0.736572153125 0.6316230984375 0.7249839953125 0.6136342140625 0.6502024343749999 0.5885097312500001 0.6619754375 0.5796289484375 0.6707261578125 0.547209221875 0.6792971078125001 0.556732015625 0.711134603125 0.5627373765625 0.7387150015625
4 0.6155381015625 0.64903871875 0.6311926421875 0.644700415625 0.6275941890625 0.635913828125 0.6179283234375 0.5940463640625 0.61637831875 0.5836693859375 0.6051927359375 0.586975946875 0.593854725 0.5221817734374999 0.5763398921875 0.4573192953125 0.57427156875 0.447452753125 0.5201253875 0.461277184375 0.51340648125 0.45071038124999996 0.48845919687499995 0.4569410828125 0.4891826609375 0.4661974265625 0.478989778125 0.4697718390625 0.379602465625 0.4928355 0.41006537187500003 0.6294900250000001 0.41329255312499996 0.640331734375 0.4256681453125 0.637474603125 0.5072201625 0.6190088828125 0.5206270625 0.6159136562499999 0.5271085875 0.64555665 0.5320822140625 0.6686681140624999 0.552285053125 0.6636418359375 0.5751854187500001 0.6608894703125 0.591474871875 0.6593012703125 0.606547540625 0.6540110390625 0.6155381015625 0.64903871875
5 0.5737412671875 0.4498440421875 0.575915665625 0.44894505625000003 0.5672142578125 0.4112551203125 0.5649165953125 0.4078395640625 0.563745384375 0.4071077109375 0.5275871203125 0.415455503125 0.5261234109374999 0.417797928125 0.5204142109375 0.419116 0.5170474359375 0.42189778125000005 0.516869053125 0.4270466078125 0.5210601453125 0.444340475 0.52290594375 0.4516149921875 0.524690665625 0.4590209484375 0.531975840625 0.457918996875 0.5657989828125001 0.4507326046875 0.5695517999999999 0.45061276406250006 0.5737412671875 0.4498440421875
5 0.6001587296875 0.458784775 0.5889246046875 0.46137837812500004 0.588507840625 0.4583381859375 0.589351025 0.4564327578125 0.590280390625 0.4515268703125 0.5866409421875 0.446736925 0.5865858546875 0.4409223265625 0.58424343125 0.4394586171875 0.583597396875 0.43843130625000004 0.581893128125 0.43929529062499995 0.57970544375 0.44150854375000004 0.5803310296874999 0.4458051140625 0.580636871875 0.45080030156250006 0.57502181875 0.4516100953125 0.5763398921875 0.4573192953125 0.5786823156249999 0.45878300312500003 0.5777320718750001 0.4635346828125 0.5808865062499999 0.4705861265625 0.6148189375 0.4623858203125 0.6137147203125 0.456367940625 0.6001587296875 0.458784775
5 0.6113355125 0.539442428125 0.6108961546875 0.5375393625 0.6050400953125 0.5338800890625001 0.6019658171875 0.5335875921875 0.5988915375 0.5332950953125 0.596695975 0.5368087312500001 0.5975746890625 0.5406148640625 0.5961109812500001 0.5429572890625 0.6000651984375 0.5600848875 0.6054819015625 0.56184109375 0.6069456093750001 0.55949866875 0.6107517437500001 0.5586199546875 0.6122154515625 0.5562775296875 0.61411851875 0.5558381734375 0.6158747250000001 0.5504214703125 0.6136779375 0.5409061375 0.6113355125 0.539442428125
5 0.5142656546875 0.41853100625 0.513385715625 0.4016959046875 0.5063584421875 0.3973047765625 0.486156565625 0.4009664984375 0.4883545765625 0.4235108 0.5142656546875 0.41853100625
5 0.5309453265624999 0.321470940625 0.5243574125 0.3189828796875 0.502691825 0.324987025 0.49132612968749995 0.337810171875 0.49653922968749997 0.362805115625 0.5124972718749999 0.36190795 0.5384144046875 0.353823071875 0.5309453265624999 0.321470940625
6 0.5484533796875 0.6651835140625 0.537644471875 0.668074678125 0.5322952265625001 0.6659333281250001 0.526583578125 0.6411934625 0.5242411546875 0.6397297531249999 0.5233624390625 0.6359236203124999 0.5196124078125 0.6167642921875001 0.5049235999999999 0.620621965625 0.50790100625 0.62666204375 0.5149541921874999 0.6400715359375 0.522731475 0.6703304046875 0.5279348953125 0.6825840484375 0.53628729375 0.681051478125 0.5456800953125 0.678882978125 0.5529376859374999 0.6772036421875 0.5696389125 0.6729559171874999 0.58044784375 0.670064734375 0.5879903640624999 0.661595953125 0.586949496875 0.6570874609375 0.5484533796875 0.6651835140625
1 0.5664198421875 0.7451999078125 0.571256865625 0.7634071296875 0.5735255828125 0.778722659375 0.5667017171875 0.79170236875 0.5603404765625 0.8039416921875 0.6566531375 0.7861411765625 0.6536217703125 0.77987173125 0.6394641875 0.7654704359375 0.6327490453125 0.733371246875 0.6093128640625001 0.7375147671875 0.5912903453125 0.7404084546874999 0.5664198421875 0.7451999078125
2 0.64224596875 0.7688372125 0.6511609296875001 0.7759575015625 0.6548905328125 0.7811631171875 0.6570139953125 0.7859812078124999 0.6655981859375 0.78374660625 0.6743485953125 0.782231978125 0.6820836453125 0.7806989671875 0.6919785984375 0.7786673234375 0.686548890625 0.7551486749999999 0.670045053125 0.759211653125 0.6540395859375 0.7621484765625001 0.6394740453125001 0.7647528593749999 0.64224596875 0.7688372125
3 0.6653752640625 0.7604906437500001 0.6862573703125 0.7550342703124999 0.682744584375 0.7408603109375 0.65743496875 0.746197934375 0.6373943109375 0.7505638046875001 0.6388120859375 0.7600330859375 0.639177290625 0.7649431109375 0.6498811609375 0.7630481953125 0.6653752640625 0.7604906437500001
2 0.6573133343750001 0.7286770203125 0.6335207984375 0.73378578125 0.6368050859375 0.750507740625 0.645053921875 0.74879544375 0.655673596875 0.7465357874999999 0.6619163296874999 0.7452866296875 0.6651569187499999 0.744346390625 0.6675696046875 0.7439480390625001 0.6740370687499999 0.7428725203125001 0.68297330625 0.7408094281250001 0.679590834375 0.7244943078125 0.6573133343750001 0.7286770203125
2 0.4344672703125 0.8021603374999999 0.436753996875 0.8135386812500001 0.43923926093750004 0.8228300984375 0.525720778125 0.8067639234374999 0.543287734375 0.804712771875 0.5596575515625 0.80217310625 0.5661659609374999 0.7935267609375 0.57139315 0.7831903734375001 0.572574284375 0.7770794046875 0.563194665625 0.7780673921875 0.523234221875 0.7843883078125 0.45457301250000004 0.7981334265625 0.4344672703125 0.8021603374999999
3 0.5726735781250001 0.776035946875 0.5719773671875 0.7700734515625001 0.5702125953125 0.7609558515625 0.556647896875 0.764087509375 0.5250216859375 0.770028284375 0.46693678437499997 0.7807168046874999 0.43225472812500004 0.7866827078124999 0.4348895375 0.8010423046874999 0.5403578671875 0.7833396828125 0.5726735781250001 0.776035946875
2 0.4316907546875 0.7859609234375 0.505112134375 0.7736233046875001 0.5368430078124999 0.7681151500000001 0.5534681703125 0.764612184375 0.5706274421875001 0.76034311875 0.566830609375 0.7492257828125 0.564876171875 0.744756421875 0.559934890625 0.7446670671875 0.47782162499999997 0.7593189 0.4486462875 0.76482441875 0.428903953125 0.767229540625 0.4316907546875 0.7859609234375