4 0.379271246875 0.6170635421874999 0.3936836796875 0.61663598125 0.43674820781249996 0.68536655625 0.5835474203125 0.601739628125 0.4962759109375 0.4525340640625 0.34040030312499997 0.538018340625 0.3374449515625 0.554383896875 0.3586676578125 0.5872364515624999 0.341299875 0.6040295703125 0.35070805312500003 0.6222781375 0.35897377656249996 0.6287822921874999 0.379271246875 0.6170635421874999
1 0.24555045625 0.6999054625000001 0.21948938906249998 0.69578199375 0.21672559218749998 0.700760584375 0.244688459375 0.7511468140625001 0.260932575 0.781235571875 0.27000897031250004 0.779378225 0.27777701875 0.7557235062500001 0.2589606625 0.7192263703124999 0.24555045625 0.6999054625000001
0 0.37817324375 0.64250549375 0.36385658906249996 0.637239571875 0.2604161125 0.692450409375 0.2638691390625 0.706243725 0.2830429421875 0.7414068515625 0.2936192375 0.749959909375 0.4278633671875 0.6758369359375 0.4024727421875 0.631859084375 0.37817324375 0.64250549375
2 0.2800078359375 0.8177676875 0.301495428125 0.804025790625 0.279050434375 0.758200909375 0.266172834375 0.7883588421875001 0.2800078359375 0.8177676875
2 0.2042731625 0.6245048421875 0.18335657656249998 0.6331981265625 0.18557137031249998 0.6409405125000001 0.2164639234375 0.696401109375 0.24226332187500002 0.6961651046874999 0.2042731625 0.6245048421875
2 0.15698938906249998 0.58752881875 0.1673741296875 0.6074688421875 0.186599259375 0.5997521203125 0.17080836875 0.5626358687499999 0.167738453125 0.52606861875 0.1864649953125 0.48433771718749996 0.23603667343749998 0.4543814640625 0.228158853125 0.439313571875 0.22148880625 0.43752633750000003 0.185968234375 0.45803415000000003 0.15344746250000002 0.499362771875 0.1440580703125 0.53974049375 0.146342978125 0.5632293203125001 0.15698938906249998 0.58752881875
2 0.25478573125000004 0.4382126921875 0.6877015484375 0.19094069062500002 0.677920221875 0.1694949890625 0.24838472031249997 0.4178605046875 0.25478573125000004 0.4382126921875
3 0.23785993749999998 0.45064982656249997 0.255605959375 0.43506015624999994 0.24607945781249999 0.4231923765625 0.22717640781249998 0.4367781203125 0.23785993749999998 0.45064982656249997
3 0.20914406406250002 0.4942696171875 0.697713140625 0.2076835796875 0.6847749953125 0.1939592046875 0.2468869703125 0.445438065625 0.21810779375 0.46739760781250006 0.1947681734375 0.48488071250000003 0.1764830640625 0.50410535625 0.17226381875000002 0.5358599078124999 0.185342240625 0.5350749 0.1934677375 0.510086171875 0.20914406406250002 0.4942696171875
3 0.18740993125 0.59139061875 0.230282903125 0.671508159375 0.2531012875 0.7090776359375 0.253197065625 0.7033841515625 0.26767961093750003 0.7187030328125 0.263843475 0.72768365 0.2708709671875 0.728136875 0.28428117343750003 0.7474577828125 0.27875358125 0.7574149625000001 0.29261701093750003 0.769708378125 0.3019294125 0.7936504296875 0.3126972640625 0.79081651875 0.1848090921875 0.5440702171875 0.16710455156249998 0.5342520937499999 0.18740993125 0.59139061875
6 0.332031925 0.6172738843750001 0.326574446875 0.6429775046875 0.332433821875 0.653126240625 0.3442740125 0.646290303125 0.338772084375 0.6348075578125 0.34830170312500003 0.6259227187499999 0.34742091875000003 0.6185377796875 0.332031925 0.6172738843750001
3 0.18335657656249998 0.6331981265625 0.20401149375 0.62014536875 0.188290715625 0.5987755578125 0.16896980781249998 0.6121857640624999 0.18335657656249998 0.6331981265625