4 0.585443234375 0.532699 0.57288063125 0.5084230484375001 0.535192940625 0.50674888125 0.524305396875 0.533536096875 0.49798632343750004 0.5377252203125 0.4765625 0.5322265625 0.466796875 0.5087890625 0.474609375 0.4912109375 0.4921875 0.4814453125 0.4921875 0.4736328125 0.4755859375 0.47265625 0.4599609375 0.48046875 0.44555925468749996 0.46500432031249994 0.441279509375 0.440407559375 0.44921875 0.4208984375 0.464818184375 0.40083878906250003 0.46053843906249997 0.381589134375 0.48407711249999996 0.3634089 0.42844019843750003 0.3612700765625 0.3942020859375 0.36020063593749996 0.39634203281249997 0.38907511875 0.392578125 0.5166015625 0.3984375 0.6083984375 0.4814453125 0.611328125 0.4892578125 0.634765625 0.53125 0.6357421875 0.5751953125 0.630859375 0.58203125 0.6240234375 0.583984375 0.5830078125 0.585443234375 0.532699
0 0.494124375 0.6378584890625 0.49504403750000003 0.6493487734375 0.4677734375 0.6484375 0.466796875 0.6181640625 0.4619140625 0.61328125 0.398479040625 0.6121202140625 0.398479040625 0.6245297328125 0.4541015625 0.626953125 0.45457870624999996 0.6539448906249999 0.4580078125 0.662109375 0.494140625 0.6630859375 0.494140625 0.6982421875 0.48814651875 0.74356920625 0.48440733125 0.768474675 0.494140625 0.7685546875 0.4991825375 0.7679286515625 0.509765625 0.7119140625 0.51171875 0.6357421875 0.494124375 0.6378584890625
1 0.494140625 0.8017578125 0.49602319218749996 0.7765381390625 0.48240357031250003 0.7776419109375 0.4798268796875 0.8015567750000001 0.494140625 0.8017578125
2 0.49458238125 0.7881421328125 0.4952161015625 0.8017334125 0.5581385562500001 0.8015386734375 0.65066246875 0.8024029640625001 0.6510948359375 0.7756098828125 0.4952161015625 0.7769182796874999 0.49458238125 0.7881421328125
2 0.3430406140625 0.7769182796874999 0.3424564484375 0.8026092484375 0.3605656140625 0.8029012 0.45870565937499996 0.8026092484375 0.4797356671875 0.8020253640625 0.4814881609375 0.7769182796874999 0.4324181484375 0.7772102203125 0.3430406140625 0.7769182796874999
2 0.34218036875 0.6313735546875 0.3349609375 0.6171875 0.3271484375 0.6171875 0.3095703125 0.619140625 0.300827171875 0.6396402265625001 0.298828125 0.7607421875 0.300827171875 0.77512153125 0.3122987078125 0.7871141734375 0.3228821890625 0.7934918890625 0.341720875 0.8026770765625001 0.34218036875 0.7797141171875 0.34218036875 0.763180803125 0.341796875 0.6904296875 0.34218036875 0.6313735546875
5 0.3535443546875 0.261813515625 0.354614328125 0.3420204203125 0.486328125 0.3310546875 0.494140625 0.3095703125 0.4947765515625 0.2650217890625 0.40234375 0.2607421875 0.3535443546875 0.261813515625
6 0.6146039671875 0.243615740625 0.6175185515625 0.2916817484375 0.6171875 0.3369140625 0.6350054578125001 0.3477587546875 0.646484375 0.3466796875 0.650390625 0.2373046875 0.6474609375 0.232421875 0.6162109375 0.232421875 0.6146039671875 0.243615740625
6 0.56360034375 0.23196334218749998 0.39037814531250004 0.23391344374999998 0.38186446093750004 0.2358044609375 0.3544104359375 0.2370443484375 0.35463670468749997 0.24315045 0.35463670468749997 0.25174422500000004 0.45381205312499995 0.2488975 0.4905964015625 0.249268878125 0.564908215625 0.24964025781250002 0.6057797375 0.2485261078125 0.61395403125 0.25001163593750003 0.613875421875 0.240702609375 0.6169264937500001 0.2325567703125 0.56360034375 0.23196334218749998
3 0.3066693984375 0.258076478125 0.310289559375 0.254910359375 0.3193399890625 0.2542319015625 0.342192334375 0.2537795921875 0.34784885781249997 0.2533272859375 0.34784885781249997 0.2363658953125 0.3256753 0.2359135890625 0.3030492078125 0.23613974375 0.3001078203125 0.23794895624999998 0.2989765125 0.2411150828125 0.298297740625 0.24586427500000002 0.2969401640625 0.280239365625 0.2967139125 0.2890592875 0.30418051562500004 0.2892854375 0.3046330515625 0.28408395625 0.304859303125 0.268705615625 0.30553807499999996 0.26259951406250004 0.3066693984375 0.258076478125
2 0.3083364625 0.25886566875 0.30667008125 0.2649734890625 0.306021865625 0.2785795203125 0.30504953125 0.29218555 0.34556317812500004 0.32846828281249996 0.34556317812500004 0.25428304218750003 0.328385384375 0.25493095625 0.311855828125 0.2559028171875 0.3083364625 0.25886566875