4 0.47859359218749997 0.626262040625 0.47189450468749994 0.6647953484375 0.47590783124999997 0.6721753968749999 0.5691970578125 0.68166208125 0.5751145921874999 0.673533596875 0.5805891921875 0.6289465625 0.57426308125 0.6163630578125 0.5737183124999999 0.5887470718750001 0.58830661875 0.501987621875 0.5820823421875 0.4805615546875 0.552391596875 0.4739643015625 0.52888750625 0.47127359375 0.530274140625 0.4599803546875 0.5059772703125 0.4563937359375 0.5025050640625001 0.465017521875 0.4895071921875 0.4652591703125 0.3925788578125 0.45335786718750004 0.3842810625 0.4808720203125 0.3714620140625 0.60130118125 0.5036587671875 0.6224523828125 0.5051212828125 0.6265675421875 0.4869601046875 0.6302410078125 0.4837970484375 0.62394925625 0.47859359218749997 0.626262040625
5 0.557422021875 0.336836475 0.553484428125 0.37413911875 0.5651431703124999 0.3781242625 0.5875833671875 0.3765159046875 0.5928266328125 0.3529903703125 0.586976575 0.3365297328125 0.557422021875 0.336836475
0 0.4665130125 0.6171362453125 0.46730367968750003 0.63293045625 0.4634593921875 0.68091473125 0.4868267109375 0.6851488625 0.47939686562499995 0.745660103125 0.5455471734375 0.7571947671875 0.5548111796875 0.6946541625 0.553531009375 0.6810544296875001 0.47343834375 0.6719027453125 0.4789456046875 0.615932853125 0.4665130125 0.6171362453125
1 0.4538066578125 0.803663646875 0.4652193359375 0.8075242359375 0.5333692859375 0.819990821875 0.5507326578125 0.8221227750000001 0.54025723125 0.797160171875 0.54206761875 0.7858696140625 0.5438877203125 0.7643693546875 0.5182429453124999 0.75958105 0.4804345953125 0.7537091203124999 0.4745839890625 0.78712871875 0.4538066578125 0.803663646875
3 0.45318403281249997 0.767517596875 0.3404603 0.7475286296875 0.33706027031249997 0.7618669046875 0.38683379218749997 0.770437621875 0.45241222499999995 0.7838180859375 0.47482201562500004 0.7851901515625 0.475637928125 0.7705318890624999 0.45318403281249997 0.767517596875
2 0.434520690625 0.80090359375 0.4548779890625 0.8037951890624999 0.45802151718750006 0.801821340625 0.47537917187499995 0.787047965625 0.46597945156250004 0.78508831875 0.334587909375 0.7619732046875 0.332994159375 0.7716146859374999 0.330798359375 0.7828217796875 0.3438841078125 0.7858392359375 0.434520690625 0.80090359375
2 0.476554740625 0.770797025 0.4804010703125 0.7528246109375 0.4635406671875 0.749934665625 0.356519703125 0.7302360171875 0.3429392859375 0.7273389109374999 0.3406090375 0.7463172515625 0.3642844515625 0.7504538671875001 0.4157803859375 0.7612145140625 0.476554740625 0.770797025
2 0.5772514234375 0.8264091484374999 0.5873464078125 0.8276486562500001 0.5894564015625 0.8069866765624999 0.568949146875 0.8036147703125 0.55648536875 0.8008035265625001 0.541342921875 0.79894426875 0.550144628125 0.8212637562499999 0.564736028125 0.8240185265625 0.5772514234375 0.8264091484374999
3 0.542412559375 0.7832780890625 0.5408706390625 0.799313253125 0.5894564015625 0.8069866765624999 0.591942859375 0.7902135625 0.542412559375 0.7832780890625
2 0.5933800859375 0.773182053125 0.5828369828125 0.770903625 0.5555695171874999 0.7665342640625 0.5450539265625001 0.7652431125 0.542360915625 0.7836986921875 0.566757075 0.7866941640625 0.5915738703125 0.7897412828125 0.5933800859375 0.773182053125
5 0.58813855 0.5915015515625 0.591879490625 0.58507360625 0.5843288921875 0.5664363765625 0.5763366000000001 0.5674228390625 0.5762691234374999 0.5920119609375 0.58813855 0.5915015515625
4 0.5461555312499999 0.45348358437499997 0.5411401328125 0.46976131250000003 0.5951149828125 0.4920754578125 0.6008188062500001 0.48493235468749996 0.5939675203125 0.4768510390625 0.5954166140625 0.4601354234375 0.597606034375 0.44230403125000006 0.5864686453125 0.43682479062499996 0.5725582828125 0.4350051625 0.54830955625 0.4350911328125 0.5461555312499999 0.45348358437499997
5 0.5429699078125 0.43049992187499997 0.5437858203125 0.41584165781250004 0.5292293906250001 0.40618318281250004 0.5173599640625001 0.40669359375 0.5149797031250001 0.42607925937499996 0.5429699078125 0.43049992187499997