4 0.65234375 0.5283203125 0.650390625 0.3818359375 0.5986328125 0.373046875 0.5849609375 0.35546875 0.5537109375 0.349609375 0.4619140625 0.353515625 0.4541015625 0.373046875 0.4033203125 0.373046875 0.400390625 0.5302734375 0.4091796875 0.537109375 0.4609375 0.5361328125 0.46875 0.5791015625 0.462890625 0.6083984375 0.4677734375 0.611328125 0.5087890625 0.607421875 0.58203125 0.6123046875 0.587890625 0.6083984375 0.5915860625 0.5378686359375 0.6435546875 0.5390625 0.65234375 0.5283203125
0 0.3974609375 0.615234375 0.38671875 0.6025390625 0.388671875 0.5419921875 0.3427734375 0.541015625 0.337890625 0.5478515625 0.33694091406250004 0.6706041843749999 0.6634492265625 0.6721658140625 0.6650114421875 0.650303465625 0.666573659375 0.61438691875 0.5712890625 0.61328125 0.3974609375 0.615234375
1 0.33136676875000004 0.668803690625 0.3267387296875 0.6178442453125 0.29296875 0.6162109375 0.2931857375 0.6676454875 0.33136676875000004 0.668803690625
2 0.287109375 0.6064453125 0.2900390625 0.611328125 0.2958984375 0.60546875 0.3046875 0.6103515625 0.3105407515625 0.321353046875 0.2908717703125 0.321353046875 0.283203125 0.3720703125 0.287109375 0.6064453125
3 0.32558180000000003 0.615527890625 0.32558180000000003 0.3225111984375 0.3140117546875 0.3259857046875 0.309383715625 0.6178442453125 0.32558180000000003 0.615527890625
3 0.33136676875000004 0.2900824890625 0.334837771875 0.3028223109375 0.516486959375 0.3028223109375 0.5211148921875 0.3201948421875 0.534998903125 0.3201948421875 0.5326849375 0.3062968171875 0.6703680171874999 0.3062968171875 0.67499605625 0.2900824890625 0.5303709703124999 0.2866079828125 0.42578125 0.2880859375 0.33136676875000004 0.2900824890625
2 0.4560546875 0.322265625 0.515625 0.3212890625 0.5146484375 0.302734375 0.447265625 0.3056640625 0.44921875 0.3193359375 0.4560546875 0.322265625
2 0.564453125 0.3212890625 0.5673828125 0.30078125 0.533203125 0.3037109375 0.5341796875 0.322265625 0.564453125 0.3212890625
2 0.50390625 0.2841796875 0.5009765625 0.2734375 0.419921875 0.2763671875 0.4267578125 0.28515625 0.50390625 0.2841796875
2 0.5458984375 0.28515625 0.58203125 0.2841796875 0.595703125 0.2763671875 0.5927734375 0.26953125 0.544921875 0.2705078125 0.5458984375 0.28515625
2 0.6259765625 0.26953125 0.62109375 0.2763671875 0.6240234375 0.28515625 0.642578125 0.2841796875 0.6669921875 0.283203125 0.673828125 0.2744140625 0.6513671875 0.267578125 0.6259765625 0.26953125