4 0.4580078125 0.3828125 0.447265625 0.5146484375 0.492372496875 0.5200251609375 0.5384699765625001 0.5238143203125001 0.5364828203124999 0.5677915875 0.533203125 0.5966796875 0.5380859375 0.6015625 0.5615234375 0.607421875 0.62890625 0.6083984375 0.63671875 0.5400390625 0.623046875 0.5087890625 0.625 0.3974609375 0.4580078125 0.3828125
0 0.6884765625 0.5625 0.634922046875 0.5582626 0.6313200265625001 0.6015955359375 0.7551305312500001 0.619413828125 0.763505696875 0.543467953125 0.7152252609375 0.5483994937500001 0.70241613125 0.5548105015625 0.6884765625 0.5625
5 0.47754256875 0.5909629984375 0.53125 0.5966796875 0.5390625 0.5263671875 0.5107421875 0.5234375 0.47598035312500003 0.5222526890625 0.47754256875 0.5909629984375
5 0.23046875 0.3466796875 0.2392578125 0.359375 0.251953125 0.3583984375 0.25390625 0.3310546875 0.2431640625 0.3203125 0.2314453125 0.318359375 0.23046875 0.3466796875
6 0.740234375 0.6826171875 0.746107334375 0.6183577265625 0.72900118125 0.61621730625 0.7265625 0.6806640625 0.740234375 0.6826171875
6 0.749314740625 0.546118234375 0.7621443671875 0.3936126390625 0.7477110375 0.3936126390625 0.7322085875 0.5439778140625 0.749314740625 0.546118234375
2 0.76160983125 0.39682328437500003 0.75091844375 0.543442690625 0.763213534375 0.543442690625 0.7744394578125 0.3973583828125 0.76160983125 0.39682328437500003
2 0.753591315625 0.68471103125 0.75733325625 0.6188928265625 0.7455727984375 0.6194279500000001 0.7428999265625 0.682570634375 0.753591315625 0.68471103125
1 0.7642826546875 0.621033271875 0.77734375 0.6396484375 0.7840616781249999 0.539696946875 0.7717665859375 0.5418373671875 0.76953125 0.5751953125 0.7642826546875 0.621033271875
2 0.7813888062500001 0.5418373671875 0.79296875 0.3916015625 0.783203125 0.3916015625 0.7706974671875 0.5418373671875 0.7813888062500001 0.5418373671875
2 0.773370290625 0.6884567984375 0.77711228125 0.6392269390624999 0.7653517734374999 0.6242439156249999 0.76171875 0.6884765625 0.773370290625 0.6884567984375
5 0.255859375 0.6474609375 0.2529296875 0.6328125 0.240234375 0.6357421875 0.2412109375 0.6484375 0.255859375 0.6474609375