0 0.7180926359375001 0.3504037765625 0.6450025875 0.393729971875 0.661508371875 0.42817820624999997 0.6528595375 0.444447984375 0.6591899828125001 0.4624994078125 0.7519522859375 0.4059611 0.7180926359375001 0.3504037765625
4 0.49979217499999995 0.5621400359375001 0.5101068015625 0.56633361875 0.6596698109375 0.47772810000000004 0.6621719374999999 0.46839003593750006 0.6250625624999999 0.4041147140625 0.6320199421875 0.388821496875 0.621992646875 0.3675474640625 0.609297334375 0.3455585375 0.580951359375 0.3179462421875 0.42150128281250004 0.416770609375 0.422547959375 0.43420850624999996 0.45335083281250005 0.47913756249999995 0.4132498046875 0.5034922203125001 0.44473229999999997 0.5538520609375001 0.48431266093750003 0.528595584375 0.49979217499999995 0.5621400359375001
6 0.6449324734374999 0.37798353125 0.6568427781249999 0.386894034375 0.666372396875 0.3780091953125 0.6455772515625 0.359569071875 0.6377390890625 0.36747735000000004 0.6449324734374999 0.37798353125
6 0.6079633265625 0.345201090625 0.6309630765625001 0.38071315 0.6286243625 0.4078611671875 0.6539629390624999 0.44955448125 0.6583689421875001 0.42865835781249995 0.6413615312500001 0.3948118234375 0.6367625265625 0.36578589375 0.6084422140625 0.31673367343750003 0.5998190421875 0.311563528125 0.5929574421875 0.3211632625 0.6079633265625 0.345201090625
1 0.7620961515625 0.3035732265625 0.755330328125 0.3074794765625 0.7472048328125 0.3324682046875 0.7265499156249999 0.3455209640625 0.7586037703125 0.40212086406249997 0.78112285 0.3873096859375 0.81482815 0.3930746984375 0.7843911984374999 0.332423753125 0.7620961515625 0.3035732265625
2 0.7293650375 0.297662525 0.7477588359375 0.327379046875 0.7601687187499999 0.3005962265625 0.711957828125 0.22148135 0.69140009375 0.235248875 0.7293650375 0.297662525
2 0.72326278125 0.3417806046875 0.7313626140625 0.3382318015625 0.67292609375 0.24275061718750002 0.667241271875 0.24670162968749998 0.72326278125 0.3417806046875
2 0.77671205 0.43045120312499996 0.8024601203125 0.473095046875 0.809684996875 0.4675546828125 0.7668763109375 0.397790203125 0.7607296031249999 0.40472191874999996 0.77671205 0.43045120312499996
2 0.847565421875 0.44758292187500004 0.8142114109374999 0.391886378125 0.7971309609375 0.3915990453125 0.7869268968750001 0.3908312359375 0.820638575 0.447940428125 0.8244862765625 0.4602748734375 0.847565421875 0.44758292187500004
3 0.7871224531250001 0.428951303125 0.8112562328124999 0.4691788984375 0.825363528125 0.45850267968749997 0.7820994125 0.389001140625 0.7654563640625 0.39753171875 0.7871224531250001 0.428951303125
3 0.7438219203124999 0.3344213296875 0.746585715625 0.3294427390625 0.6904498734375 0.235797484375 0.6761236937499999 0.2428029953125 0.6890129796875 0.26683320781250003 0.732774265625 0.3398274171875 0.7438219203124999 0.3344213296875