4 0.7430338203125 0.5576949250000001 0.7384491375 0.549072390625 0.5732075359375 0.5274363890625 0.55666066875 0.5295983609375 0.5453463578125 0.6185661953125 0.6807245078124999 0.633960365625 0.7300706875 0.633161121875 0.7430338203125 0.5576949250000001
4 0.8127019093750001 0.7481431859375001 0.797322471875 0.6997175984374999 0.7823107234375 0.660685875 0.7252589453125 0.6677943078124999 0.5987137359375 0.7085349796875 0.6196855859375 0.7958203140625 0.644880340625 0.8598458062500001 0.7338901812499999 0.8379570187500001 0.787972415625 0.8169431625 0.828568284375 0.8034848890624999 0.8127019093750001 0.7481431859375001
0 0.8329185906250001 0.57073374375 0.7970740484375 0.5698841671875 0.7566448234375 0.5604120546875 0.7453808453125 0.5641891671875 0.740027871875 0.5855401734375 0.7338898078125 0.6112220015625 0.7279348078125001 0.6465770078124999 0.7313162375 0.662421234375 0.7710438984375 0.6580997515625 0.8212784875000001 0.6624734250000001 0.8198460921875 0.641833990625 0.884746515625 0.6515668406249999 0.9272739624999999 0.653160496875 0.9291943343750001 0.623575903125 0.934862734375 0.5978791296875 0.9212975875 0.5934214 0.8864456687500001 0.5798777562499999 0.8329185906250001 0.57073374375
1 0.935916015625 0.653606103125 0.9502770109374999 0.6553118875 0.9629107953125 0.65741761875 0.9643276546875 0.6290436374999999 0.9684666749999999 0.6065110453125 0.9422261703125001 0.5997479 0.9385006515625 0.6174551328125 0.93617246875 0.6367252421875 0.935916015625 0.653606103125
6 0.9289375109375 0.5956886234375001 0.9347354859375001 0.59720923125 0.937660759375 0.5868305875 0.9303479031249999 0.5853482203125 0.9289375109375 0.5956886234375001
6 0.918430665625 0.6791500453125 0.927978190625 0.6790605875 0.9281644671875 0.674358096875 0.9275227656249999 0.6675331953125 0.9277964687500001 0.6534546906250001 0.9194645906250001 0.6536649875 0.9187551718750001 0.6617146109375 0.9177465625 0.6699232937499999 0.918430665625 0.6791500453125
3 0.9394213375 0.654832425 0.9354034421874999 0.6536050953125 0.9349308781250001 0.6584078421874999 0.936736065625 0.6810356640624999 0.9376571468750001 0.688093965625 0.9397858515624999 0.696239921875 0.9411512500000001 0.7011749625 0.9456664953124999 0.6965531125 0.9415481078125 0.6820211640625 0.9411314984375 0.675685134375 0.9404824484375001 0.6652102984375 0.9394213375 0.654832425
2 0.9653187187500001 0.7064282640624999 0.972572171875 0.71045190625 0.9699805453125 0.704375490625 0.9664177765625 0.696472646875 0.9649425140625001 0.69129353125 0.9619708984375 0.6823975609375 0.9609445953125 0.676307103125 0.9619386390625 0.6720184031249999 0.9616428000000001 0.6692997093749999 0.9610338109375001 0.6627023046875 0.961318490625 0.6572263578124999 0.95270003125 0.65584535625 0.939190921875 0.6540829953125 0.9406206171875 0.667205096875 0.94066835625 0.6728918546875 0.9419937125000001 0.68219734375 0.9433028671875 0.687464771875 0.9445237265624999 0.692566165625 0.9457521312500001 0.6976573859374999 0.9518294265625 0.6986918484375 0.9545934 0.701804603125 0.95759825 0.703930846875 0.960547703125 0.7074741765625 0.9653187187500001 0.7064282640624999
2 0.9492025734375 0.5837811828125 0.94585134375 0.6012770093750001 0.9676297046875 0.6061777421875 0.97256964375 0.5916698390625 0.9492025734375 0.5837811828125
3 0.9454705796875 0.6008020000000001 0.947328246875 0.5921178625 0.9491944859375 0.5837790046875 0.946051828125 0.5824763765625 0.94499943125 0.5874089 0.9422000859375 0.59991718125 0.9454705796875 0.6008020000000001
5 0.5782550375 0.624294875 0.568920665625 0.6425660343749999 0.554599803125 0.6580431296875 0.5638618171875 0.6949913359375001 0.5738001203125 0.7138795796874999 0.5987298375 0.707253884375 0.62146124375 0.7005004125000001 0.6979006625 0.68196520625 0.7304815546875 0.6667096484374999 0.7292369578125 0.6335956015625 0.7102832078125 0.6340740421875 0.6694788359375 0.6331687890625 0.655336375 0.6319751203124999 0.6497881125 0.631211259375 0.63776320625 0.628046634375 0.5782550375 0.624294875
5 0.6760471124999999 0.516996634375 0.6674245765625 0.5215813171875 0.6682658265625 0.5377243984375 0.6982010937500001 0.5414377671875 0.6940240656250001 0.5196043984375 0.6760471124999999 0.516996634375
5 0.7401399640624999 0.529370928125 0.7355889609374999 0.53953291875 0.743841390625 0.55505348125 0.75602230625 0.5530008750000001 0.7520264609375 0.5330049953125 0.7401399640624999 0.529370928125