4 0.501953125 0.4970703125 0.498046875 0.3505859375 0.3447265625 0.349609375 0.341796875 0.4521484375 0.3447265625 0.45703125 0.3572187390625 0.4575607828125 0.35796963437499996 0.47745321875 0.353088971875 0.477077903125 0.35546875 0.6083984375 0.3603515625 0.61328125 0.5390625 0.6162109375 0.5390625 0.5107421875 0.5322265625 0.50390625 0.5107421875 0.50390625 0.501953125 0.4970703125
5 0.62890625 0.5849609375 0.62890625 0.6123046875 0.6357421875 0.619140625 0.67578125 0.6201171875 0.68359375 0.6162109375 0.6806640625 0.578125 0.6376953125 0.576171875 0.62890625 0.5849609375
0 0.2641320390625 0.42167529375 0.2631466953125 0.44433105624999997 0.292213475 0.442360996875 0.31142708125 0.442360996875 0.3404938625 0.434973253125 0.340986534375 0.372423578125 0.3069931671875 0.3739011234375 0.2616687125 0.37439365625 0.2641320390625 0.42167529375
1 0.2547715046875 0.3842439921875 0.25526421093749996 0.37439365625 0.20156453124999998 0.3753786859375 0.1867848390625 0.36651337968750003 0.189453125 0.4287109375 0.18924809843749998 0.4551664234375 0.20057925468749999 0.44925624218750004 0.2041015625 0.443359375 0.256742159375 0.44433105624999997 0.25723479843749997 0.4147800484375 0.2547715046875 0.3842439921875
3 0.2114176703125 0.374886171875 0.226197396875 0.37439365625 0.224226809375 0.34336508593750004 0.2119103421875 0.342872553125 0.2114176703125 0.357155559375 0.2114176703125 0.374886171875
2 0.1962890625 0.373046875 0.2042624703125 0.37567698437499997 0.210918875 0.37467879531250003 0.21125170781249997 0.343069753125 0.1867848390625 0.34188754062500004 0.1872885578125 0.36602789687500004 0.1962890625 0.373046875
2 0.254851309375 0.3444006671875 0.23621332968750003 0.3444006671875 0.2252302265625 0.3444006671875 0.22489737187499997 0.36303335468750003 0.22589584375 0.3690224390625 0.22622867656249998 0.37401334531249997 0.2425369265625 0.375011521875 0.2561826140625 0.3733479046875 0.255859375 0.3525390625 0.255859375 0.3486328125 0.254851309375 0.3444006671875
2 0.224609375 0.4482421875 0.2265625 0.4501953125 0.2265625 0.4697265625 0.2290265796875 0.6601874234375 0.26148330937500003 0.6613462593749999 0.2561826140625 0.4601895984375 0.255859375 0.4462890625 0.2529296875 0.443359375 0.2294921875 0.443359375 0.224609375 0.4482421875
3 0.212890625 0.4697265625 0.2137301890625 0.5717395265625 0.214335009375 0.6601032124999999 0.2281400421875 0.6601032124999999 0.22781900781250003 0.6212675437499999 0.227176915625 0.5808271015625001 0.22557169687499998 0.45499462343749997 0.22557169687499998 0.44504498437500006 0.2138671875 0.4453125 0.212890625 0.4697265625
2 0.21328838125 0.47028290781250004 0.2125375109375 0.44476051875 0.2046533734375 0.444385190625 0.20164984531250002 0.4500151328125 0.19376570625 0.4537684234375 0.18888504374999998 0.4556450609375 0.189260465625 0.47816482968749996 0.189260465625 0.513445753125 0.19001136093749998 0.57424908125 0.19001136093749998 0.659275084375 0.20014813281250002 0.6596504000000001 0.21403925 0.660025740625 0.21216206406250002 0.55585795625 0.21291293281249998 0.5130704265625 0.21328838125 0.47028290781250004
6 0.33131366406249996 0.4620647296875 0.327934740625 0.45230616875 0.3264330015625 0.445925584375 0.32831018749999996 0.43879431875 0.3173828125 0.44140625 0.3151699390625 0.4432982640625 0.317422546875 0.45268149687500003 0.3204260234375 0.4620647296875 0.33168911093750003 0.4827078328125 0.3350680359375 0.4950936859375 0.333984375 0.5087890625 0.336945221875 0.5164874578124999 0.3463311234375 0.519114765625 0.353515625 0.5107421875 0.354590709375 0.49321706093750006 0.34558025468750003 0.487962446875 0.343327621875 0.47745321875 0.33131366406249996 0.4620647296875
5 0.5 0.3740234375 0.501953125 0.3759765625 0.501953125 0.4384765625 0.5048828125 0.44140625 0.541015625 0.4404296875 0.541015625 0.3564453125 0.5029296875 0.35546875 0.5 0.3583984375 0.5 0.3740234375