4 0.4833984375 0.39453125 0.3349609375 0.396484375 0.330078125 0.4013671875 0.333984375 0.5478515625 0.3525390625 0.5546875 0.384765625 0.5537109375 0.4755859375 0.552734375 0.48046875 0.5458984375 0.486328125 0.5361328125 0.4833984375 0.39453125
0 0.2576050140625 0.5516142859375 0.31082379375 0.5503083234374999 0.33203125 0.5361328125 0.330078125 0.4794921875 0.256625528125 0.48043825 0.2576050140625 0.5516142859375
5 0.486356978125 0.46424984374999995 0.48552274687499997 0.48093450000000004 0.48719121093749995 0.4976191046875 0.5234375 0.4970703125 0.541015625 0.4951171875 0.539747796875 0.4383886921875 0.48552274687499997 0.44005712968750005 0.486356978125 0.46424984374999995
5 0.310546875 0.4755859375 0.32421875 0.4794921875 0.33203125 0.4755859375 0.330078125 0.4619140625 0.3134765625 0.458984375 0.310546875 0.4755859375
1 0.2021484375 0.482421875 0.1845703125 0.466796875 0.177734375 0.4677734375 0.1796875 0.5595703125 0.17935977812499998 0.5726999421875 0.2041015625 0.55078125 0.2504221109375 0.5516143062500001 0.2497691203125 0.4814177359375 0.2021484375 0.482421875
3 0.2017742703125 0.573489490625 0.20242728125 0.618219384375 0.21759793906249997 0.617764725 0.21620605468749998 0.550490309375 0.209936659375 0.5499818078125001 0.20112127812499997 0.551287790625 0.2017742703125 0.573489490625
2 0.21606605 0.5511756921875001 0.21658419375000001 0.57734195625 0.21736140937499998 0.597549571875 0.21684326562499998 0.6110213171875001 0.2171023375 0.6185344046875 0.2518179859375 0.6190525484375 0.2518179859375 0.597031428125 0.2510407703125 0.5703470125 0.2510407703125 0.5594659890625 0.2510407703125 0.551693828125 0.21606605 0.5511756921875001
2 0.18135040156249999 0.57086515625 0.18160948906250002 0.6190525484375 0.19093608125 0.6190525484375 0.2015580171875 0.6182753328125 0.20078080156250003 0.5532482609375 0.1953402890625 0.55791155625 0.189899778125 0.563092996875 0.18135040156249999 0.57086515625
5 0.4375 0.5693359375 0.4365234375 0.5546875 0.419921875 0.5576171875 0.4228515625 0.5703125 0.4375 0.5693359375
3 0.19948880156249998 0.43664704062500004 0.19913511875 0.47060258125 0.19948880156249998 0.48121367656249997 0.21540546093750002 0.48121367656249997 0.214698053125 0.39066556874999997 0.1973665796875 0.39066556874999997 0.19948880156249998 0.43664704062500004
2 0.183572140625 0.4663581375 0.1885240125 0.46954147031250004 0.193475840625 0.47520071562500005 0.19948880156249998 0.48050626875 0.1977202828125 0.39066556874999997 0.17755918125 0.389958171875 0.1786202921875 0.4656507203125 0.183572140625 0.4663581375
2 0.22389434531250002 0.3910192828125 0.215051778125 0.391372975 0.214698053125 0.40870444843750003 0.21540546093750002 0.4741396046875 0.21540546093750002 0.4808599734375 0.23344434062500002 0.4808599734375 0.24759248281250001 0.4808599734375 0.24609375 0.3916015625 0.23415174843750003 0.39066556874999997 0.22389434531250002 0.3910192828125