0 0.5154723078125001 0.20341750468750003 0.4090939890625 0.22619362656250003 0.4465464 0.31402276093750003 0.5204774984375 0.2780899921875 0.5504229984375 0.27079046562500003 0.5154723078125001 0.20341750468750003
1 0.403967425 0.216812459375 0.454572915625 0.2084061765625 0.5108207609375001 0.1931416828125 0.4989085109375 0.161503721875 0.4987940109375 0.134391665625 0.408269240625 0.15079245624999998 0.403967425 0.216812459375
4 0.6696662 0.5185300453125 0.6759048421875 0.506131596875 0.5630011859375 0.2644027640625 0.4997455984375 0.2875609046875 0.4653880953125 0.3055528828125 0.43606777656249995 0.32361220468749996 0.5619323015625 0.591082825 0.5707622140625 0.5989102828124999 0.61943239375 0.5761719421875 0.6159426921875 0.546725215625 0.6696662 0.5185300453125
6 0.479169634375 0.432343509375 0.488503284375 0.4294614046875 0.4825892703125 0.41808594218749995 0.47175618124999996 0.41569262343749996 0.467577178125 0.40821419531250003 0.4525925375 0.37455814374999996 0.44285395781250003 0.3555464453125 0.43567618125 0.33751712500000003 0.433150496875 0.3280290953125 0.4332264828125 0.3224767375 0.4333024703125 0.3169243890625 0.43901216875 0.3135332609375 0.442005240625 0.312625165625 0.44633811718749994 0.3128185484375 0.438609196875 0.2954591109375 0.42770202187499995 0.3024378109375 0.4185688265625 0.3124471859375 0.41621244687500003 0.3262313609375 0.41735935468749996 0.33548426249999996 0.449338296875 0.404448634375 0.456717384375 0.4219934140625 0.4615208125 0.4270417328125 0.46892038124999996 0.43259500156249997 0.479169634375 0.432343509375
2 0.5005139890625 0.1659250078125 0.5208281890625 0.162008234375 0.54256791875 0.1543801546875 0.5286614875 0.12775452812500002 0.5012128265625 0.136386075 0.4979827484375 0.14492755156249998 0.5005139890625 0.1659250078125
3 0.5061357937500001 0.18085615156249998 0.526212415625 0.177557909375 0.549379946875 0.17083244375 0.541902178125 0.1551893265625 0.5243966 0.16195778125 0.50194181875 0.166827603125 0.5061357937500001 0.18085615156249998
2 0.5190355421875 0.1925469328125 0.5436308750000001 0.18672408437500002 0.5554769296875001 0.1845264921875 0.5493328703125 0.171878934375 0.5401990203125 0.17440728125 0.5238342640625 0.1791295046875 0.5065168515625 0.18171202343749998 0.510614440625 0.1932196390625 0.5190355421875 0.1925469328125
2 0.34166181562500003 0.54816825 0.3468165328125 0.5809896546875 0.3556051296875 0.61286845 0.36561607500000004 0.65659700625 0.3852627046875 0.723485146875 0.40026559375000004 0.7769085312499999 0.418651478125 0.828825709375 0.4328954859375 0.8684053390625 0.448995534375 0.8605618359375 0.40921265 0.7499642984375 0.3930170296875 0.6923447328125001 0.3796812625 0.6381135453125 0.369260059375 0.5995331171875 0.3472717265625 0.4864154765625 0.33456469375000003 0.38807438906249997 0.32500497500000003 0.318045890625 0.32325009374999997 0.291343275 0.32166726562500003 0.2589575109375 0.32761229687500004 0.243479603125 0.342894534375 0.229247046875 0.36776792187499996 0.22289991874999998 0.404484634375 0.2173576234375 0.403409846875 0.19825199843750002 0.367882665625 0.20191403281250003 0.3357415515625 0.21014633749999997 0.3086779 0.2221958515625 0.2981572171875 0.23498375 0.2985565171875 0.2814027640625 0.3101128875 0.3604680328125 0.3276011578125 0.48320460781249996 0.34166181562500003 0.54816825
3 0.2856383203125 0.30648418906249997 0.291221996875 0.348958059375 0.3001106375 0.40883251249999997 0.30409026875 0.4364788609375 0.3081717484375 0.4618596359375 0.3158242484375 0.5052385703125 0.3237250875 0.5466807625000001 0.3437902734375 0.6380241578125 0.37633615468750004 0.75339825625 0.396657625 0.8115128687500001 0.41857802499999996 0.874466184375 0.43340763750000005 0.867863615625 0.4122493953125 0.8141055046875 0.3866340625 0.729700665625 0.3673827203125 0.6671869515625 0.3597832140625 0.64014066875 0.35701491406249997 0.6226981921875 0.34366733437499997 0.5677751640625 0.335142778125 0.5149543796875 0.32481801718750003 0.46682052812499997 0.31215210625 0.388484675 0.3038262671875 0.32114385156249997 0.2982981484375 0.272539590625 0.2962958828125 0.23436811249999998 0.3128722515625 0.2192169796875 0.3495871046875 0.2056457890625 0.3350071609375 0.19659549999999998 0.31476684375 0.19728116406250001 0.298643825 0.1922482578125 0.286905403125 0.20080490312500002 0.2779016828125 0.21924519999999997 0.2770892078125 0.24236440781250002 0.2809645078125 0.2672819125 0.2856383203125 0.30648418906249997
2 0.41879883281249997 0.8745138750000001 0.41321443750000003 0.8589701953125 0.40486848281250004 0.83497325 0.39826094218749997 0.8178817687500001 0.38597559531250003 0.78428653125 0.37672904375 0.7560161125 0.36701538125 0.7229453484375 0.3592190140625 0.6979320953125 0.35130352343750004 0.667399609375 0.343141403125 0.6393141578125 0.33826294218749997 0.6156029484375 0.3251647765625 0.5554243546875 0.316561634375 0.5128441296874999 0.30720808125 0.456574665625 0.29878695624999996 0.4076512015625 0.291639075 0.359336675 0.28803066718750003 0.3302254578125 0.28364567812499997 0.29711941249999996 0.2767046015625 0.232764184375 0.2776838359375 0.218755909375 0.27063230312500003 0.2288786671875 0.2681585859375 0.23832725781250003 0.2650996921875 0.25471417500000004 0.26604 0.276332203125 0.26992869218750004 0.3083236546875 0.27251301250000004 0.341886846875 0.27708935156250003 0.385926028125 0.290518775 0.4753574578125 0.29558683750000003 0.5114982515625 0.303350646875 0.5484421671875 0.315275896875 0.605236078125 0.3252682078125 0.6449345890625 0.33358805468749997 0.678625925 0.34348857499999996 0.7136168625 0.3547602265625 0.7494367078125 0.3657145328125 0.785294 0.3791792546875 0.8230385890624999 0.3913405375 0.8563551703125001 0.40095776718750004 0.8824572296875001 0.41879883281249997 0.8745138750000001
5 0.35099494375 0.2349572953125 0.33682481875 0.24874910625000002 0.35805318124999996 0.2628152078125 0.36815983750000003 0.25190155000000003 0.35099494375 0.2349572953125