1 0.7192406265625 0.53598333125 0.7265204453125 0.5478873328125 0.7362255109375 0.5094391359375 0.747709225 0.432998409375 0.739970365625 0.43718889531249994 0.7243039734375001 0.449842015625 0.7213666328125 0.4619587171875 0.712847853125 0.5210970296874999 0.7192406265625 0.53598333125
2 0.7380134796875 0.353910909375 0.7252892656250001 0.4485345921875 0.748072565625 0.4305409375 0.7575871625 0.3524427953125 0.7545024796875001 0.3349004828125 0.743693259375 0.319033209375 0.7380134796875 0.353910909375
2 0.6679845046875 0.7361102421875 0.69069464375 0.671317884375 0.7191973484374999 0.5783833421875 0.726723953125 0.5494678171875 0.72002991875 0.5380229625 0.71221638125 0.520229084375 0.7028209921874999 0.5597613203125 0.688621109375 0.6197799359375 0.657581403125 0.73280100625 0.6679845046875 0.7361102421875
0 0.7163817921875 0.44749588281249997 0.708765515625 0.4481032765625 0.680411996875 0.44339780937500006 0.665461315625 0.44029222343749996 0.609757428125 0.4309897703125 0.6018412390625001 0.475783628125 0.59770568125 0.49195959218749996 0.5973058984375 0.5001212296875 0.610859246875 0.5039836765625 0.6479325796875 0.5077444718749999 0.6770958421875 0.5125322578125 0.694530559375 0.5175492140625 0.7057550828125 0.5207189343749999 0.7075402765625001 0.5078996546875 0.7126433999999999 0.47426741874999995 0.7163817921875 0.44749588281249997
6 0.5638641421874999 0.5303873859375 0.5718098515625 0.5319573265625 0.5780066234375 0.5318601953125001 0.5889499546875 0.5349401734375 0.5948649421875001 0.5366995859375 0.6014880171875 0.5379338031249999 0.60663074375 0.536729265625 0.6090071874999999 0.5333353515625 0.6093350046875 0.5245399484375 0.6101692265625001 0.5201892781249999 0.6101408390625 0.5172694171875001 0.61263111875 0.50889729375 0.6134259234375 0.5046022625 0.5977362140625 0.5007631609375001 0.5953254640625001 0.5097955640625 0.594296646875 0.51758344375 0.5881907125 0.5221314453125 0.5835048328125 0.5210876890625 0.5782342921875 0.521903775 0.5717856218749999 0.5190743390625 0.5679387171875 0.5197526531250001 0.55538053125 0.516017234375 0.5517589468749999 0.5235972109375 0.5527764171875 0.52936756875 0.5561703312499999 0.5317440125 0.5638641421874999 0.5303873859375
4 0.5940749046875 0.516135765625 0.60857063125 0.4183835328125 0.5861698609375 0.409442234375 0.5566397578125 0.410682678125 0.44033365937499996 0.3865673421875 0.42189128125 0.38882760312500003 0.41227167031249995 0.40738146875 0.3950626921875 0.48974607968750006 0.395624821875 0.5154292765624999 0.37694773125 0.5782202062499999 0.3793218265625 0.5916843734375 0.4558022453125 0.6148890328125 0.530361559375 0.6215747640625 0.5443949015625 0.59430961875 0.551419790625 0.5216737578124999 0.55538053125 0.516017234375 0.5843438078125 0.5228097578125 0.5940749046875 0.516135765625
5 0.3560409 0.40341368437499997 0.350605003125 0.440070771875 0.38262303750000004 0.44731628749999996 0.38975236875 0.43713454531249996 0.39383163906249996 0.392783646875 0.36905442499999996 0.3872362640625 0.3560409 0.40341368437499997
5 0.37129825156249996 0.5236852187500001 0.361002675 0.5215340953125 0.353987178125 0.526737628125 0.347645296875 0.5695042296875 0.3735538171875 0.5758437609375 0.3814180171875 0.54541170625 0.3902893265625 0.5266538890625 0.37129825156249996 0.5236852187500001
5 0.304544234375 0.5275227328125001 0.307371321875 0.53793214375 0.3216276390625 0.5344267421875 0.31540663750000003 0.5216408875 0.304544234375 0.5275227328125001
6 0.6851336078125 0.5624201875 0.6802293374999999 0.586638503125 0.6471411828125 0.7230025515625 0.6581601218750001 0.6956209234374999 0.6772486234375 0.6359563421875001 0.6903496328125 0.5784901375 0.6940850515625 0.5659319515625 0.70452884375 0.52105075 0.694846428125 0.5181707140625 0.68948980625 0.5445539296875 0.6851336078125 0.5624201875
6 0.7196755453125 0.4186252890625 0.721613603125 0.407472321875 0.72152350625 0.4047126203125 0.72333625 0.3823865328125 0.7245958546875 0.35242598125 0.7163208515624999 0.40444044999999995 0.7146344578125 0.412866315625 0.713230909375 0.4206475390625 0.7118951671875 0.4288133140625 0.7102431484375 0.4340610234375 0.7088056953125 0.44164996875 0.708409053125 0.4472710796875 0.7098282640625 0.447135575 0.7155005875 0.4470119375 0.7172967531250001 0.4388772859375 0.7182027359375 0.43276777187500004 0.7187695625 0.42473480468749997 0.7196755453125 0.4186252890625
3 0.7558657734375 0.3395108359375 0.7576058437500001 0.3526159875 0.7581661140625 0.30400578125 0.7369380890625 0.3017562671875 0.7357969515625 0.313086571875 0.7357788843749999 0.3259310171875 0.7321268437499999 0.3650987484375 0.7316187484375 0.389729403125 0.72658225 0.4339923984375 0.7401882453125 0.342845928125 0.744064865625 0.3276089484375 0.7425026015625 0.3236039984375 0.7440822546875 0.3196157484375 0.749795196875 0.3277399828125 0.7539619109375 0.33356858749999996 0.7558657734375 0.3395108359375