4 0.2841796875 0.4765625 0.466796875 0.4755859375 0.4658203125 0.326171875 0.27734375 0.3271484375 0.275390625 0.4560546875 0.2841796875 0.4765625
5 0.6748046875 0.486328125 0.720703125 0.4853515625 0.7236405859375 0.362819921875 0.6455078125 0.36328125 0.6438461140625 0.4829425890625 0.6748046875 0.486328125
0 0.2509765625 0.408203125 0.271484375 0.4150390625 0.2705078125 0.388671875 0.166015625 0.3974609375 0.1689453125 0.408203125 0.2509765625 0.408203125
6 0.482421875 0.2978515625 0.484375 0.3779296875 0.466796875 0.3876953125 0.466796875 0.4638671875 0.484375 0.4658203125 0.4921875 0.4638671875 0.4921875 0.2978515625 0.4873046875 0.294921875 0.482421875 0.2978515625
0 0.69832468125 0.35064209218750003 0.712530046875 0.3587549015625 0.712530046875 0.3029794078125 0.66585529375 0.3029794078125 0.6638260328125 0.34658570625 0.69832468125 0.35064209218750003
2 0.076171875 0.3837890625 0.083984375 0.3916015625 0.076171875 0.3974609375 0.078125 0.5224609375 0.0849609375 0.533203125 0.0927734375 0.52734375 0.1123046875 0.544921875 0.130859375 0.5458984375 0.1328125 0.3056640625 0.0869140625 0.302734375 0.080078125 0.3095703125 0.076171875 0.3837890625
2 0.1103515625 0.265625 0.1331550984375 0.2735705171875 0.130859375 0.2587890625 0.13619905625 0.2411193171875 0.107421875 0.2607421875 0.1103515625 0.265625
2 0.6376953125 0.240234375 0.3427734375 0.236328125 0.1630859375 0.240234375 0.158203125 0.2451171875 0.162109375 0.2705078125 0.1748046875 0.275390625 0.64453125 0.2744140625 0.6572265625 0.2734375 0.658203125 0.2626953125 0.654296875 0.2451171875 0.6376953125 0.240234375
2 0.7255859375 0.240234375 0.71875 0.2451171875 0.7158203125 0.2734375 0.751953125 0.2744140625 0.8017578125 0.271484375 0.802734375 0.2529296875 0.7919921875 0.240234375 0.7255859375 0.240234375
2 0.8363194093749999 0.239091125 0.80587941875 0.23807702812499998 0.83834880625 0.2755987265625 0.8363194093749999 0.239091125
3 0.08203125 0.2978515625 0.0908203125 0.302734375 0.1328125 0.3017578125 0.134765625 0.2783203125 0.1240234375 0.2734375 0.0947265625 0.27734375 0.08203125 0.2978515625
3 0.134169728125 0.5514338671875 0.1412724109375 0.554476190625 0.158521734375 0.5747581609375 0.1552734375 0.2421875 0.134765625 0.2470703125 0.134169728125 0.5514338671875
3 0.6650390625 0.296875 0.669921875 0.2822265625 0.6591796875 0.275390625 0.4599609375 0.271484375 0.15625 0.2783203125 0.1611328125 0.296875 0.275390625 0.2978515625 0.3173828125 0.294921875 0.3388671875 0.287109375 0.3955078125 0.296875 0.6650390625 0.296875
3 0.8427734375 0.28515625 0.8427734375 0.275390625 0.7158203125 0.275390625 0.7109375 0.2802734375 0.7119140625 0.296875 0.841796875 0.2958984375 0.8427734375 0.291015625 0.8310546875 0.29296875 0.830078125 0.2880859375 0.8427734375 0.28515625
1 0.66015625 0.2744140625 0.66796875 0.2802734375 0.666015625 0.2958984375 0.7109375 0.2958984375 0.71875 0.2412109375 0.6591796875 0.23828125 0.65625 0.2548828125 0.66015625 0.2744140625