2 0.5517578125 0.318359375 0.5283203125 0.318359375 0.51171875 0.3232421875 0.5205078125 0.330078125 0.4892578125 0.330078125 0.4873046875 0.376953125 0.4736328125 0.314453125 0.3837890625 0.314453125 0.39879815 0.60130421875 0.4651810796875 0.5973953984375 0.46257786718749994 0.545277821875 0.5615014890625 0.542671921875 0.560546875 0.3251953125 0.5517578125 0.318359375
0 0.544921875 0.3076171875 0.55078125 0.3076171875 0.552734375 0.2919921875 0.5439453125 0.267578125 0.537109375 0.2919921875 0.544921875 0.3076171875
0 0.55078125 0.2470703125 0.5498046875 0.236328125 0.466796875 0.2392578125 0.46875 0.2998046875 0.455078125 0.3076171875 0.505859375 0.3095703125 0.509765625 0.2548828125 0.5224609375 0.251953125 0.5361328125 0.2578125 0.55078125 0.2470703125
5 0.607421875 0.2783203125 0.607421875 0.2646484375 0.5947265625 0.26171875 0.591796875 0.2763671875 0.607421875 0.2783203125
1 0.4658203125 0.16796875 0.458984375 0.1728515625 0.4690859578125 0.20651342343749998 0.4697265625 0.2265625 0.5497868546875 0.2234516234375 0.5484851890625 0.1973928640625 0.5546875 0.1806640625 0.5641047015625 0.16872814687499998 0.4658203125 0.16796875
2 0.3623526984375 0.1765457859375 0.3649559109375 0.1999987046875 0.41796875 0.1982421875 0.4580078125 0.197265625 0.46484375 0.1884765625 0.4560546875 0.173828125 0.3623526984375 0.1765457859375
2 0.5517578125 0.1953125 0.59765625 0.1943359375 0.5947265625 0.169921875 0.5634765625 0.169921875 0.548828125 0.1884765625 0.5517578125 0.1953125
3 0.6044551499999999 0.196089884375 0.5523900671875001 0.196089884375 0.5510884015624999 0.21433106406250002 0.6279296875 0.2109375 0.6226778765625001 0.170031096875 0.6018518187499999 0.170031096875 0.6044551499999999 0.196089884375
3 0.46484375 0.2138671875 0.4716892890625 0.196089884375 0.365234375 0.2021484375 0.3720703125 0.21484375 0.46484375 0.2138671875
2 0.46484375 0.2275390625 0.4638671875 0.21484375 0.3671875 0.2197265625 0.3701171875 0.228515625 0.46484375 0.2275390625
2 0.5556640625 0.2265625 0.580078125 0.2255859375 0.6279296875 0.224609375 0.630859375 0.2138671875 0.552734375 0.2138671875 0.5556640625 0.2265625