4 0.548828125 0.4443359375 0.5546875 0.4345703125 0.5546875 0.3798828125 0.5458984375 0.373046875 0.5029296875 0.375 0.494140625 0.2900390625 0.4716796875 0.283203125 0.470703125 0.2705078125 0.4365234375 0.232421875 0.3916015625 0.228515625 0.3798828125 0.2421875 0.3642578125 0.244140625 0.32417106093750003 0.2426435890625 0.326171875 0.2705078125 0.3203125 0.3369140625 0.328125 0.3583984375 0.328125 0.4013671875 0.3212890625 0.404296875 0.3115234375 0.396484375 0.263671875 0.3994140625 0.2578125 0.4169921875 0.2578125 0.4755859375 0.263671875 0.4970703125 0.2685546875 0.501953125 0.470703125 0.5009765625 0.49609375 0.4970703125 0.4990234375 0.451171875 0.5419921875 0.44921875 0.548828125 0.4443359375
0 0.45949436875 0.508842709375 0.275593496875 0.5045072187499999 0.275593496875 0.5322543640624999 0.231353215625 0.5261846703125 0.2114016828125 0.520114978125 0.156751946875 0.5131782 0.15328210625 0.581678928125 0.35453204843749997 0.6180970546875 0.388362875 0.6259009515625 0.458626859375 0.619831290625 0.45949436875 0.508842709375
0 0.5557820546875 0.46028519531249995 0.5531796578125 0.44207615 0.5366980328125 0.4498800453125 0.5306258625 0.46288651718749996 0.5158789921875 0.447278725 0.5002648093750001 0.4498800453125 0.50286720625 0.4646206859375 0.50460209375 0.4810955640625 0.5158789921875 0.47329166718750004 0.5349631453125 0.48369685156250003 0.5557820546875 0.46028519531249995
1 0.1025390625 0.576171875 0.140625 0.5771484375 0.146484375 0.5146484375 0.0908203125 0.5 0.0779008171875 0.5845056921875 0.1025390625 0.576171875
3 0.125 0.5068359375 0.129965815625 0.21074804687499998 0.10467712656249999 0.21372621875000003 0.109375 0.5029296875 0.125 0.5068359375
2 0.107421875 0.5029296875 0.1136025625 0.21074804687499998 0.086826253125 0.2122371671875 0.087890625 0.4912109375 0.107421875 0.5029296875
3 0.11657766249999998 0.6247106953125 0.1210403796875 0.5740821953124999 0.1017020265625 0.572593075 0.092776590625 0.6217325234375 0.11657766249999998 0.6247106953125
2 0.146484375 0.5087890625 0.1433539703125 0.2122371671875 0.129965815625 0.2152152703125 0.126953125 0.5068359375 0.146484375 0.5087890625
2 0.134765625 0.6220703125 0.140625 0.5810546875 0.1240234375 0.576171875 0.10913984375 0.62322164375 0.134765625 0.6220703125
2 0.091288971875 0.6217325234375 0.0986328125 0.576171875 0.080078125 0.5830078125 0.0645126640625 0.6172653015625 0.091288971875 0.6217325234375
6 0.2109375 0.5224609375 0.228515625 0.5244140625 0.23409594843749998 0.4132621828125 0.311449771875 0.3254067828125 0.2192201765625 0.3983713953125 0.2109375 0.5224609375