4 0.5419921875 0.525390625 0.5732421875 0.529296875 0.58203125 0.5244140625 0.58203125 0.4189453125 0.5791015625 0.4140625 0.5380859375 0.416015625 0.5322265625 0.37890625 0.4150390625 0.3828125 0.4140625 0.4775390625 0.3486328125 0.48046875 0.337890625 0.4892578125 0.337890625 0.5751953125 0.3447265625 0.580078125 0.419921875 0.5791015625 0.431640625 0.5751953125 0.4345703125 0.55078125 0.5341796875 0.548828125 0.5419921875 0.525390625
0 0.3173828125 0.478515625 0.31640625 0.4970703125 0.3095703125 0.501953125 0.255905284375 0.5048416984374999 0.258040425 0.5723111640625 0.3357592859375 0.573592225 0.333984375 0.4970703125 0.34375 0.4814453125 0.348997103125 0.475377184375 0.3173828125 0.478515625
1 0.2080078125 0.5078125 0.1870346390625 0.49654976250000005 0.1870346390625 0.5936314984375 0.1953125 0.5771484375 0.24971801718750003 0.57069879375 0.248046875 0.5146484375 0.2431640625 0.505859375 0.2080078125 0.5078125
2 0.1831752671875 0.381438703125 0.18359375 0.4814453125 0.186040025 0.494118396875 0.190814653125 0.4984155046875 0.2051385078125 0.507964609375 0.21182294218750003 0.509396990625 0.2109375 0.4970703125 0.20614542343750003 0.41246325781250004 0.20466103125 0.380961240625 0.1831752671875 0.381438703125
3 0.20561595000000002 0.4282294234375 0.208984375 0.4970703125 0.21086805625 0.507964609375 0.2247144015625 0.5074871562500001 0.224609375 0.4775390625 0.2204172484375 0.38000633125 0.20466103125 0.380961240625 0.20561595000000002 0.4282294234375
2 0.2247144015625 0.506532246875 0.2476325609375 0.5060547921875 0.24667764218750002 0.3790514140625 0.23521857812500002 0.37952886874999997 0.22137216718750002 0.3790514140625 0.2247144015625 0.506532246875
5 0.611328125 0.3974609375 0.607421875 0.4150390625 0.619140625 0.4189453125 0.64453125 0.4072265625 0.6416015625 0.390625 0.6298828125 0.388671875 0.611328125 0.3974609375
5 0.6024811390625 0.5698623359375 0.652840553125 0.56693450625 0.65166936875 0.5277014265625 0.625904109375 0.5300437109375 0.6015625 0.5322265625 0.6024811390625 0.5698623359375
2 0.20804415625 0.5763831796875001 0.1958255390625 0.577255925 0.1908799140625 0.5854015765625 0.18709794375 0.59441999375 0.1882616375 0.6022747296875 0.1882616375 0.62234798125 0.188552546875 0.6374756406250001 0.213280709375 0.636602884375 0.21182612656250002 0.6139114046875 0.21211703593750003 0.5755104234374999 0.20804415625 0.5763831796875001
2 0.2508093671875 0.5848197453124999 0.25110025625 0.5755104234374999 0.249354765625 0.5708557562500001 0.2451171875 0.5703125 0.22957222656249998 0.5705648421875 0.22462658124999998 0.5740558359375 0.226663021875 0.6040202406249999 0.2263720921875 0.6240934734375 0.227244878125 0.637184715625 0.252554859375 0.635730128125 0.2522639296875 0.6290390640625 0.2522639296875 0.6069293953125 0.2508093671875 0.5848197453124999
3 0.224609375 0.5830078125 0.22433555312500003 0.5753350078125 0.226923559375 0.57163788125 0.2138671875 0.57421875 0.21102575468749998 0.5740410171875 0.21121060468750003 0.591787221875 0.21158032031250001 0.6045423109375 0.21213343906249998 0.61400491875 0.2126894796875 0.62099451875 0.2136614625 0.6369250421875 0.2268727265625 0.637261615625 0.2265625 0.6240234375 0.22544469843749998 0.602139175 0.224609375 0.5986328125 0.224609375 0.5830078125