4 0.6025390625 0.525390625 0.61328125 0.5107421875 0.58203125 0.4365234375 0.5498046875 0.39453125 0.5048828125 0.41796875 0.4931640625 0.41015625 0.4853515625 0.412109375 0.46875 0.4228515625 0.4658203125 0.439453125 0.423828125 0.4658203125 0.431640625 0.5107421875 0.455078125 0.5341796875 0.4248046875 0.552734375 0.419921875 0.5634765625 0.455078125 0.6240234375 0.474609375 0.6279296875 0.51953125 0.5947265625 0.568760515625 0.5692425453125 0.5576171875 0.546875 0.6025390625 0.525390625
0 0.5536969890625 0.6366559078125 0.5412651046875 0.615617334375 0.528833221875 0.58931911875 0.49918795937500005 0.6103577062500001 0.4733678921875 0.6299618171875 0.4853216265625 0.6557818828124999 0.5 0.6787109375 0.51171875 0.7041015625 0.52734375 0.7333984375 0.552262540625 0.7700596156249999 0.5905144921875001 0.7423269218749999 0.60820601875 0.727504290625 0.5810546875 0.685546875 0.5536969890625 0.6366559078125
5 0.541015625 0.3876953125 0.5205078125 0.35546875 0.44921875 0.3955078125 0.451171875 0.4111328125 0.46484375 0.4228515625 0.4912109375 0.408203125 0.5029296875 0.41796875 0.541015625 0.3974609375 0.541015625 0.3876953125
5 0.560546875 0.5712890625 0.5703125 0.5751953125 0.595703125 0.5595703125 0.5908203125 0.533203125 0.556640625 0.5517578125 0.560546875 0.5712890625
3 0.54859375 0.766953125 0.5484375 0.773203125 0.5521874999999999 0.770703125 0.5471874999999999 0.762421875 0.5404687499999999 0.753515625 0.53515625 0.7568359375 0.5231702984375 0.7654298953125 0.5001636890625 0.778313596875 0.4891205453125 0.7852155796875 0.47485641875000006 0.7921175625 0.45829165937500005 0.7990195453125 0.44494785468750003 0.805001278125 0.42792293593749997 0.81006271875 0.433444521875 0.8261673453125 0.44816875156249997 0.820185640625 0.47577668281249996 0.808682321875 0.500100775 0.79518838125 0.5223066265625 0.782365284375 0.54765625 0.763671875 0.54859375 0.766953125
2 0.54890625 0.770234375 0.5478125 0.763671875 0.5390025953124999 0.7702686171875001 0.530878703125 0.775920025 0.520625 0.7835156249999999 0.48999831718750003 0.8014931421875 0.468344109375 0.81222443125 0.45148065624999995 0.819123115625 0.44015624999999997 0.823828125 0.43328125 0.826484375 0.43421875 0.829140634375 0.4411326265625 0.8271715828125 0.44841457343749996 0.8241055125000001 0.45328125 0.821953125 0.45765625 0.8203906249999999 0.467194328125 0.8166319359375 0.48125 0.8107031250000001 0.49046874999999995 0.8067968750000001 0.49890625 0.801953125 0.5060952515625 0.7976605390625 0.5139520875 0.7936363046875 0.521695171875 0.788988890625 0.52505069375 0.7872228265625 0.52717456875 0.786354359375 0.5292892453125 0.7847503375 0.5400622328125 0.778745721875 0.546773275 0.77450716875 0.5490625 0.772265625 0.54890625 0.770234375
2 0.48685642656250006 0.8277350453125001 0.4970703125 0.822265625 0.524306953125 0.8074273828124999 0.547275915625 0.7928378625 0.547275915625 0.7833415546875 0.528262990625 0.793449390625 0.5082190328125 0.8053175046875 0.49925201250000006 0.810328478125 0.491743203125 0.8138948750000001 0.48513708125 0.816785046875 0.4762601046875 0.8207074390625 0.46944754218750007 0.8235976109375001 0.4628414203125 0.8256620296875001 0.4537580015625 0.829584409375 0.4428166125 0.8343325593750001 0.4366233734375 0.837429178125 0.43290742968749996 0.837429178125 0.42877860312499994 0.8372227375 0.43352675312500005 0.8498156578125 0.44140625 0.8466796875 0.4538894421875 0.8422405187500001 0.46129539687500004 0.8392103515624999 0.47538325312499996 0.8336407234375001 0.48685642656250006 0.8277350453125001
1 0.5922590859375 0.760007325 0.5992799390625 0.754490940625 0.6054649765625 0.7484730671875 0.61148285 0.743458171875 0.6156619296875 0.7399477453125 0.6213454765625 0.735100009375 0.6255967859375 0.7310310703125 0.6243952546875 0.728828265625 0.620625 0.7260156296875 0.61616341875 0.7304194453124999 0.5957812687499999 0.7482031250000001 0.579375 0.759765625 0.56640625 0.769140625 0.558659290625 0.7757206578125 0.547793684375 0.7825743468749999 0.54745936875 0.7926041374999999 0.5615010640625 0.7845803046875 0.5710293640625 0.7772251265625 0.5751953125 0.7734375 0.5859068859375001 0.7648550515625 0.5922590859375 0.760007325
3 0.6953125 0.6201171875 0.7001953125 0.615234375 0.703125 0.6123046875 0.7109375 0.6025390625 0.7109375 0.5966796875 0.7099609375 0.595703125 0.7060546875 0.595703125 0.7041015625 0.59765625 0.6982421875 0.599609375 0.6943359375 0.603515625 0.6923828125 0.603515625 0.6904296875 0.60546875 0.6865234375 0.60546875 0.6794871796875 0.615084134375 0.674078525 0.6218950328124999 0.671875 0.6259765625 0.6692708328125 0.6303084937500001 0.669921875 0.6357421875 0.671875 0.6376953125 0.671875 0.6416015625 0.673828125 0.6435546875 0.673828125 0.6455078125 0.6748046875 0.646484375 0.67578125 0.6455078125 0.6796875 0.6416015625 0.6796875 0.6396484375 0.69140625 0.6259765625 0.6953125 0.6201171875
3 0.650390625 0.6767578125 0.6552289375 0.6700188171875 0.6640625 0.6611328125 0.6675171421874999 0.654878490625 0.6650390625 0.65234375 0.6554920171874999 0.6504610984375 0.65234375 0.6552734375 0.640798321875 0.661745875 0.6253336843749999 0.6774916953125001 0.6157737265625001 0.68620811875 0.6039643671875 0.698579828125 0.5958102859375 0.7078586109375 0.5977785124999999 0.7117950640624999 0.60480789375 0.7213550203125 0.610150221875 0.7148880078125 0.61328125 0.7138671875 0.63671875 0.6923828125 0.63671875 0.6904296875 0.650390625 0.6767578125
2 0.7315231796874999 0.609701571875 0.7481419625 0.5859604625 0.7585287015625 0.5699352078125 0.7635736875 0.55865816875 0.768618675 0.5414458671875 0.7701024953125 0.5316526484375 0.76980573125 0.5230465015625 0.7656510359375 0.52334325625 0.760309284375 0.5230465015625 0.754077240625 0.5221562093750001 0.7508128375 0.5209691546874999 0.7517031296875001 0.5372911625000001 0.7505160734375 0.551832596875 0.7466581421875 0.5666707953125 0.7428002109375 0.5791348828125 0.7383487515625 0.58655398125 0.733007 0.5951601375 0.717278528125 0.6147465578125 0.704517659375 0.6304750484375 0.67988625 0.6610417375 0.6505066171875 0.695763121875 0.6329975421875 0.7141624875 0.6214237484375 0.7251427546875 0.6261719890624999 0.7316715625 0.6469454484375 0.7088207453125001 0.6674221625000001 0.6853763828125 0.689976225 0.6610417375 0.7125302859375 0.6328491609375 0.7315231796874999 0.609701571875
3 0.7672484265625 0.4980233625 0.7608587859375 0.49900639062499996 0.746604971875 0.5024469593750001 0.7480795031249999 0.5056417875 0.750291303125 0.5139974640625 0.7505160921875 0.52067238125 0.7607142125 0.52331234375 0.77049885 0.5226489734374999 0.7712895515625 0.5197820890625 0.7712895515625 0.5150338750000001 0.7701024953125 0.5058341828125 0.7689687140625 0.50170969375 0.7672484265625 0.4980233625
2 0.7478646140625 0.45239824375 0.7381117859375 0.43200597968750004 0.7265625 0.4150390625 0.60546875 0.2001953125 0.5833964625 0.153607046875 0.5634474953125 0.1638031859375 0.5802932890625 0.19838139531250001 0.594479221875 0.2254233421875 0.6170880515625 0.2679811390625 0.6725018484375 0.3619629265625 0.697770540625 0.4062939640625 0.7092966109375001 0.4280161734375 0.7177195078125 0.4439753609375 0.73367868125 0.4723472109375 0.7429882 0.4927394890625 0.7469779921875 0.5020490078125001 0.7673702703124999 0.49717260625000004 0.76648365 0.48653315781249995 0.7593906828125 0.4732338453125 0.7478646140625 0.45239824375
6 0.5577166265625 0.1903019796875 0.5677739421875 0.2098470078125 0.5863561296875 0.2430589359375 0.6428814625 0.3417898515625 0.6820723609375 0.41188126562500005 0.69329240625 0.4313287828125 0.70242148125 0.4344913984375 0.5903078484375001 0.2368072046875 0.55922396875 0.1722138734375 0.5508735140625001 0.176448528125 0.5577166265625 0.1903019796875