4 0.6611328125 0.427734375 0.6455078125 0.4296875 0.6396484375 0.421875 0.4306640625 0.421875 0.4228515625 0.431640625 0.40234375 0.4345703125 0.40234375 0.5126953125 0.4072265625 0.529296875 0.5625 0.5322265625 0.6376953125 0.53125 0.666015625 0.5244140625 0.666015625 0.4345703125 0.6611328125 0.427734375
0 0.3681640625 0.52734375 0.396484375 0.5283203125 0.40234375 0.5263671875 0.3994140625 0.509765625 0.365234375 0.5107421875 0.3681640625 0.52734375
0 0.6708984375 0.529296875 0.75 0.5283203125 0.751953125 0.5146484375 0.7470703125 0.509765625 0.66796875 0.5126953125 0.6708984375 0.529296875
5 0.2529296875 0.5390625 0.359375 0.5380859375 0.365234375 0.5302734375 0.3623046875 0.4375 0.251953125 0.4384765625 0.2529296875 0.5390625
1 0.22777387187499998 0.454626821875 0.2194647796875 0.4533590765625 0.21875 0.5244140625 0.21868960781250002 0.539137153125 0.22942555156250002 0.53418215 0.2421875 0.5283203125 0.2421875 0.4619140625 0.2352064578125 0.46068293281250006 0.22777387187499998 0.454626821875
2 0.220703125 0.5673828125 0.22092247343750002 0.574761775 0.23427170937500003 0.574489346875 0.2420703140625 0.57428435625 0.24244472031250003 0.5279037203125 0.2318198078125 0.5319901828125 0.219287878125 0.5382560796875 0.220703125 0.5673828125
2 0.2319764765625 0.4151562328125 0.22591953281250002 0.4147385234375 0.22132458906250002 0.414529659375 0.220280296875 0.45358618125000005 0.2294921875 0.455078125 0.23427394218750003 0.4598519296875 0.2426283640625 0.46214937031250003 0.24283723125 0.45734563125000005 0.24283723125 0.43792180312499995 0.2430460828125 0.4193333984375 0.2426283640625 0.4151562328125 0.2319764765625 0.4151562328125
3 0.220703125 0.5771484375 0.220703125 0.5869140625 0.2236328125 0.58984375 0.2412109375 0.58984375 0.2421875 0.5888671875 0.2421875 0.5751953125 0.2412109375 0.57421875 0.2236328125 0.57421875 0.220703125 0.5771484375
5 0.2783203125 0.56640625 0.2744140625 0.56640625 0.2724609375 0.564453125 0.2666015625 0.564453125 0.2646484375 0.56640625 0.2548828125 0.56640625 0.251953125 0.5693359375 0.251953125 0.5791015625 0.2529296875 0.580078125 0.2880859375 0.580078125 0.2890625 0.5791015625 0.2890625 0.5693359375 0.2841796875 0.564453125 0.2802734375 0.564453125 0.2783203125 0.56640625
5 0.27734375 0.5478515625 0.2822265625 0.541015625 0.267578125 0.5400390625 0.2685546875 0.548828125 0.27734375 0.5478515625
0 0 0.9130859375 0.04296875 0.9169921875 0.1611328125 0.91015625 0.169921875 0.9033203125 0.173828125 0.8740234375 0.173828125 0.2451171875 0.19140625 0.1826171875 0.18359375 0.1572265625 0.1591796875 0.146484375 0.140625 0.1298828125 0.14453125 0.1005859375 0.1396484375 0 0 0.0009765625 0 0.9130859375