5 0.28932786875 0.42242431406250003 0.3298065921875 0.39826786406250003 0.302960734375 0.3535983625 0.26386286875 0.377778915625 0.28932786875 0.42242431406250003
4 0.3598068 0.49962483593749996 0.3888117984375 0.5788639843750001 0.429080584375 0.6458682375 0.5224175437499999 0.6005339765625 0.52932183125 0.6006544921875 0.5399348390625 0.6257027515625 0.550909390625 0.6300381484375001 0.638698815625 0.585988334375 0.5493870515625 0.4007193765625 0.47002738906249997 0.4366286625 0.3598068 0.49962483593749996
5 0.35698989062500003 0.42360535937500005 0.34575020625 0.434459396875 0.34553327968750003 0.44688711562499994 0.36685570625 0.4914602046875 0.3877131875 0.48353660468750004 0.432351515625 0.4575272828125 0.40572965625 0.400974384375 0.35698989062500003 0.42360535937500005
0 0.61179145625 0.722548821875 0.6769784078125001 0.6942066640625 0.651710746875 0.6405378140625 0.63003405625 0.5922544000000001 0.5664129250000001 0.6247183484375001 0.61179145625 0.722548821875
6 0.5421421859375 0.6575106828124999 0.546667615625 0.6534442609375 0.5730927453125 0.6408033109375 0.5656086 0.6238854453125 0.54376459375 0.6321024562499999 0.5295720859374999 0.6007369703125 0.5217878625 0.601010540625 0.451172575 0.635399621875 0.43257453124999995 0.6453110890625 0.4356919125 0.654373278125 0.4831709828125 0.631863703125 0.5153836859375 0.6160481828125 0.5206510390625 0.6226035953125 0.532060703125 0.6458192921875 0.537174678125 0.6577824375 0.5421421859375 0.6575106828124999
6 0.35154159375 0.2801247078125 0.3523645578125 0.271971234375 0.327568153125 0.28910780625 0.3273512265625 0.3015355234375 0.346793778125 0.318158475 0.3696998546875 0.328519009375 0.42495826093750005 0.3281022703125 0.459744834375 0.3135154109375 0.5295590078125 0.27053311562500004 0.5338461984375 0.2623202796875 0.5231608828125001 0.2414145921875 0.45882193281249994 0.2872550140625 0.43241691718749997 0.29646306093749997 0.38413510781250004 0.2928577421875 0.3684814890625 0.2845043296875 0.35530581875 0.2826855765625 0.35154159375 0.2801247078125
5 0.40482386875 0.29460014375 0.4316456859375 0.29925568125 0.4560602171875 0.28720680781249996 0.4797514546875 0.2734533828125 0.5253557546875001 0.240477875 0.5210114015625 0.23139630156250002 0.517391109375 0.22382832343749998 0.5012599843750001 0.229982084375 0.49016491718750005 0.23255097500000002 0.3680227734375 0.2663322125 0.353696365625 0.2720035609375 0.3523942 0.2821122921875 0.36400343125 0.28344065 0.385234965625 0.2924417390625 0.40482386875 0.29460014375
1 0.627675440625 0.760162359375 0.6186629328125 0.77598609375 0.6152854875 0.7863680859375 0.6253530140625 0.7833476218750001 0.70782036875 0.7464325625 0.71620606875 0.742104240625 0.722424428125 0.73986889375 0.7148847218750001 0.73625695 0.7054729984375 0.733640753125 0.6996392484375 0.7348488328125 0.696565134375 0.73225930625 0.6788821015625001 0.7018271140625 0.6353094765625 0.7198061921875001 0.6162894 0.728853815625 0.627675440625 0.760162359375
2 0.7202798031250001 0.73935295 0.7231264140625 0.7406620796875 0.7217329703125 0.7352344796875 0.7162698062499999 0.7225474890625 0.708093115625 0.725327446875 0.6997597640625 0.7279445453125 0.6949904609375 0.730481390625 0.6992061890625 0.7340784609375001 0.7015941953125 0.7342459828125001 0.7038059249999999 0.733540284375 0.709129025 0.7351325375 0.7148045796875 0.7364948234375001 0.7180322890624999 0.7369238453125 0.7202798031250001 0.73935295
3 0.6869618515625 0.7162586171875 0.6902341984375 0.720170296875 0.695568984375 0.7306339515625 0.6997597640625 0.7279445453125 0.7047829046875 0.7258206265625 0.7094980750000001 0.7239706921875 0.7161489546875 0.7224214328125 0.709495359375 0.706116134375 0.701453959375 0.7100174984375001 0.6957813984375 0.711530115625 0.6869618515625 0.7162586171875
2 0.7071461109375 0.7004479078125 0.704270871875 0.6940552375 0.7017914015625 0.6906854921875001 0.6962197640625 0.6933507953125 0.690648128125 0.6960161 0.679868 0.701802325 0.6835028109375 0.7097041609375 0.6870408046875001 0.7158845625 0.691715646875 0.7139913515625 0.697287284375 0.711326046875 0.7028589203125 0.70866074375 0.7087177484375 0.70582659375 0.7071461109375 0.7004479078125
2 0.50601149375 0.8319533015625 0.51154043125 0.8411530421875 0.51815584375 0.837001378125 0.5293612015625 0.8306540203124999 0.539201625 0.8259753078125 0.5539249640625 0.8173970078125 0.5917387921875 0.7980356937499999 0.6032990578125 0.7925904125 0.6006101390625 0.7897526828125 0.59692379375 0.7852919953125 0.596995459375 0.7811863 0.5998460578125 0.7747333937499999 0.5936457109375 0.7770208843749999 0.5869702828125 0.7798456515625001 0.5586691421875 0.794655303125 0.5089191703125 0.8199216125 0.5013208296875 0.8236216203125 0.50601149375 0.8319533015625
3 0.4992049609375 0.8225146078125001 0.5061092484375 0.8226351218750001 0.6204001015625 0.76385383125 0.62601994375 0.7584268125 0.6260922515625 0.7542842390625 0.6193807875 0.7431168640625 0.500923259375 0.8032067046875 0.49389845625 0.8099904765625 0.4937779421875 0.816894765625 0.4992049609375 0.8225146078125001
2 0.6027614609375 0.7329611265625 0.5070188890625 0.781309975 0.49540542343749994 0.7872241796874999 0.4858247828125 0.7920841453125 0.4913503640625 0.7955320578125 0.4965918703125 0.7992542984375001 0.497620965625 0.80429945 0.5824458 0.7608146437500001 0.6199161140625 0.742197790625 0.61828289375 0.7376699109375 0.6145854703125 0.7275817484375 0.6027614609375 0.7329611265625
5 0.6060371578125 0.795372525 0.6159441890624999 0.7817326703125 0.6092086218749999 0.771946153125 0.5952072234375 0.782751984375 0.6060371578125 0.795372525
2 0.6230654046875 0.7694254671875 0.626410446875 0.7604105984375 0.6218050609375 0.7624970765625 0.6189951406249999 0.7652105859375 0.616233425 0.7651623796875 0.61201854375 0.76923264375 0.609256828125 0.7691844375 0.6064469078125 0.771897946875 0.6064228046875 0.7732788046875 0.6145633328125 0.7817085671874999 0.6187541109375 0.7790191609375 0.6202554828125 0.7721389765625 0.6230654046875 0.7694254671875
5 0.5715810375 0.71189439375 0.58696329375 0.701112665625 0.5775624234375 0.6857545109375 0.5636092296874999 0.6937986265625 0.5715810375 0.71189439375
5 0.6041703875 0.5066527749999999 0.6152895578125 0.5027030265625 0.6086986078125001 0.48463136249999994 0.596150375 0.4913187234375 0.6041703875 0.5066527749999999