1 0.7059507546875 0.44226284062500004 0.724609375 0.4990234375 0.729606134375 0.5104459953125 0.7472317109375 0.5201864453125 0.75558066875 0.5229694312500001 0.7309976265625 0.4496841359375 0.7147635421875 0.4135053203125 0.7096614296875 0.4264926015625 0.7059507546875 0.44226284062500004
2 0.7308034890624999 0.5115624624999999 0.759765625 0.6025390625 0.7714155640625 0.6359006078125 0.7793052453125 0.6183973921875 0.779296875 0.6005859375 0.7563652249999999 0.525326475 0.7308034890624999 0.5115624624999999
2 0.658048525 0.2981710421875 0.6244323296875 0.23830659999999998 0.6147619171875001 0.243372040625 0.6649559625 0.349286078125 0.689362240625 0.4059270921875 0.70547959375 0.443227253125 0.7100845515625 0.42434689687500005 0.7146895109375 0.411913509375 0.7022561234375 0.38474425624999997 0.658048525 0.2981710421875
0 0.7030155125 0.45618136875 0.6990313953125 0.4438668375 0.6885278140625 0.4489375203125 0.6722291546875 0.456905765625 0.6443403375 0.4666849609375 0.6084832875 0.47682633750000003 0.5958065515625 0.4829836203125 0.5976175140625 0.4909518421875 0.6044991703125 0.506163925 0.6200734671875 0.54890263125 0.6733157328125 0.530068625 0.6875 0.5244140625 0.7146056703125 0.51485654375 0.7222117109374999 0.5141321578125 0.713881284375 0.48841650625 0.7030155125 0.45618136875
6 0.6034126421875 0.45684704375 0.6015625 0.4482421875 0.5986328125 0.4453125 0.59335905 0.44501928749999997 0.5870509140625 0.44738483906250004 0.5815313078125001 0.4501446484375 0.5712890625 0.455078125 0.5651695671875 0.4560585265625 0.5576171875 0.458984375 0.5498046875 0.458984375 0.546875 0.4619140625 0.546875 0.4677734375 0.5517578125 0.474609375 0.5634765625 0.46875 0.5673828125 0.46875 0.5732421875 0.46484375 0.57857436875 0.46473221875000004 0.5830078125 0.462890625 0.5898107359375 0.466309246875 0.592176275 0.473800159375 0.596118859375 0.48227671718750004 0.6109035546875 0.47577145156249995 0.609375 0.4716796875 0.60546875 0.4638671875 0.6049896765625 0.4609867578125 0.6034126421875 0.45684704375
4 0.58984375 0.4677734375 0.5791015625 0.462890625 0.5517578125 0.474609375 0.546875 0.4697265625 0.52734375 0.3994140625 0.5087890625 0.375 0.4365234375 0.39453125 0.365234375 0.4306640625 0.365234375 0.4443359375 0.39453125 0.5029296875 0.3984375 0.5283203125 0.4296875 0.6064453125 0.4423828125 0.623046875 0.4609375 0.6220703125 0.5712890625 0.578125 0.6005859375 0.57421875 0.62109375 0.5615234375 0.58984375 0.4677734375
5 0.36328125 0.5849609375 0.375 0.6201171875 0.390625 0.6337890625 0.4140625 0.6240234375 0.40234375 0.5810546875 0.3935546875 0.572265625 0.36328125 0.5849609375
5 0.3623046875 0.447265625 0.337890625 0.4580078125 0.3515625 0.4990234375 0.359375 0.5029296875 0.369140625 0.4990234375 0.387327678125 0.49280210156250004 0.375333884375 0.47586974531250004 0.3623046875 0.447265625
5 0.314453125 0.5107421875 0.318359375 0.4970703125 0.3037109375 0.49609375 0.302734375 0.5068359375 0.314453125 0.5107421875
6 0.621788096875 0.27988678125 0.606181790625 0.254834559375 0.66244663125 0.383381234375 0.6714818609375001 0.4063800015625 0.678874321875 0.423218384375 0.6887309609375001 0.4482706125 0.6977661671875001 0.44375299687499997 0.6796875 0.4013671875 0.673828125 0.3896484375 0.650947246875 0.33533023906250004 0.621788096875 0.27988678125
6 0.73046875 0.5419921875 0.728515625 0.5361328125 0.7265625 0.5283203125 0.724609375 0.5224609375 0.7214279296874999 0.5147617703125 0.7158203125 0.515625 0.7143991328125 0.515737996875 0.7157658437500001 0.521204834375 0.718499265625 0.528428875 0.7210374421875 0.5333099906250001 0.7237708625 0.541119759375 0.726504284375 0.5485390453125001 0.72962819375 0.5565440640625 0.7468096984375 0.6063313765625 0.740366634375 0.577044721875 0.734704546875 0.5553725968750001 0.7343140578125 0.5526391765625001 0.73046875 0.5419921875
3 0.7759128843750001 0.6262665203125 0.77169749375 0.6352593703125 0.7694492859375 0.631606015625 0.7702923640625 0.627390625 0.7638287640625 0.613058296875 0.73460205625 0.525659203125 0.7472482281249999 0.568375165625 0.752025671875 0.5925433953125 0.7624236343749999 0.6304819109375 0.7646718421875 0.6431280828125 0.7677631296875 0.6540880984374999 0.7882780296874999 0.6481865515624999 0.779285196875 0.6004121328124999 0.7798472484375 0.6136203484375 0.7790041703125 0.6198029218750001 0.7759128843750001 0.6262665203125