4 0.5341796875 0.615234375 0.505859375 0.6005859375 0.513671875 0.5634765625 0.4755859375 0.525390625 0.4501953125 0.515625 0.4365234375 0.49609375 0.3603515625 0.470703125 0.3125 0.5927734375 0.3046875 0.6318359375 0.4619140625 0.693359375 0.509765625 0.7060546875 0.53125 0.6787109375 0.529296875 0.6611328125 0.5390625 0.6298828125 0.5341796875 0.615234375
5 0.69921875 0.5673828125 0.6806640625 0.5625 0.6513671875 0.54296875 0.6318359375 0.513671875 0.623046875 0.5322265625 0.638671875 0.5517578125 0.6220703125 0.55859375 0.61328125 0.5751953125 0.6240234375 0.576171875 0.638671875 0.6044921875 0.65234375 0.6083984375 0.6748046875 0.583984375 0.6865234375 0.587890625 0.69921875 0.5751953125 0.69921875 0.5673828125
0 0.4610709078125 0.7821756140625 0.47873699687500004 0.7683358874999999 0.49592560781249995 0.738747546875 0.506907228125 0.7086819609375 0.4794921875 0.69921875 0.4033203125 0.671875 0.384765625 0.7041015625 0.34695765 0.80794615 0.36796593906249997 0.8131956609375001 0.39852348593750003 0.8265581578125 0.4118923875 0.8346710796875 0.42000925 0.819876909375 0.43242323281250006 0.798878703125 0.44674708750000003 0.7883796171874999 0.4610709078125 0.7821756140625
6 0.360509525 0.6542775765625 0.35055073124999997 0.6518913953125 0.3505859375 0.66796875 0.3529380453125 0.6733668140625 0.364874584375 0.6767074390625 0.3901800265625 0.69293333125 0.3967965875 0.6810025234375 0.382950209375 0.676230209375 0.3638517265625 0.6623904984375 0.360509525 0.6542775765625
6 0.562543653125 0.6366199875 0.55108455625 0.631847675 0.5429677265625 0.655709265625 0.5343734203125 0.6814797687499999 0.5224368484374999 0.707727484375 0.519094615625 0.7167948828124999 0.5119327046875 0.7239533609375 0.5028609546875 0.7215672125 0.4970703125 0.736328125 0.515625 0.7373046875 0.5291213156250001 0.729202903125 0.537715621875 0.7115453546875 0.5439226140625 0.6953194640625 0.562543653125 0.6366199875
5 0.4672296578125 0.493691221875 0.456250178125 0.50039769375 0.46112994687500003 0.5180784 0.495898403125 0.5400268687499999 0.5078125 0.5380859375 0.515625 0.5166015625 0.5126953125 0.5078125 0.4794921875 0.498046875 0.4672296578125 0.493691221875
5 0.509765625 0.5595703125 0.5185546875 0.568359375 0.537109375 0.5712890625 0.5361328125 0.55859375 0.5185546875 0.544921875 0.509765625 0.5478515625 0.509765625 0.5595703125
5 0.2769179671875 0.6199063390624999 0.2714282078125 0.6284418640625 0.2897274234375 0.636367690625 0.295217184375 0.64429351875 0.29460719218750003 0.6497806359375 0.2860675546875 0.6564871171875 0.28911743125 0.6644129546875 0.298828125 0.6630859375 0.306640625 0.6552734375 0.30078125 0.6318359375 0.290947365625 0.6199063390624999 0.2769179671875 0.6199063390624999
5 0.3183492609375 0.6825785984375 0.3165193671875 0.6923334671875 0.322265625 0.7021484375 0.33203125 0.7041015625 0.33984375 0.6982421875 0.33984375 0.6865234375 0.3262789046875 0.680139878125 0.3183492609375 0.6825785984375
6 0.3215826984375 0.800456715625 0.2906769953125 0.7968923890624999 0.2641298125 0.7984765406250001 0.23599764687499997 0.8036250078125 0.22133728593750002 0.8063972640625 0.2209410203125 0.8178823140624999 0.2348089828125 0.8139219656250001 0.267299590625 0.8056051953125 0.29741287031249997 0.80204086875 0.340205396875 0.805209146875 0.3215826984375 0.800456715625
3 0.32751330156249997 0.8119671984375 0.3205895421875 0.810414059375 0.3116770453125 0.8103576390624999 0.3001864359375 0.8103576390624999 0.278895675 0.8115114671875 0.267653434375 0.8129160796875 0.257393909375 0.8159021265625 0.2876787046875 0.8144962625 0.302609815625 0.81414510625 0.3154296875 0.81640625 0.3238007765625 0.817488275 0.32936773750000004 0.81918805625 0.335919028125 0.8204042234375001 0.341529346875 0.8226472625 0.34510216250000003 0.8155803078125 0.341796875 0.8134765625 0.33670548437500003 0.812086975 0.32751330156249997 0.8119671984375
2 0.2978515625 0.8359375 0.3251953125 0.83984375 0.3386989625 0.8274832218749999 0.342426740625 0.8223241937499999 0.3364049640625 0.819744678125 0.314611875 0.8151588703125 0.29769358281249997 0.8137258062500001 0.2767607546875 0.8137258062500001 0.26012918281249997 0.8151588703125 0.21469030937500003 0.8267168437500001 0.21562008437500002 0.84678099375 0.2339651328125 0.8422644734375 0.262392815625 0.8369414453124999 0.2791384234375 0.8355083859375 0.2978515625 0.8359375
1 0.4097112921875 0.8414362656250001 0.39402678281250003 0.831731459375 0.3779296875 0.826171875 0.3630311109375 0.819413825 0.3454793875 0.8149346828124999 0.3342761078125 0.8321047328125 0.3249400921875 0.840316478125 0.3417449609375 0.8440490953124999 0.3634045640625 0.8548736874999999 0.384690715625 0.868311109375 0.40037527656250005 0.881375284375 0.40672377187500003 0.89257313125 0.40523001093750005 0.8858544203125 0.4029893453125 0.86905764375 0.40448310468750004 0.860845878125 0.4097112921875 0.8414362656250001
2 0.4029893453125 0.86457850625 0.4037370671875 0.8707346328125001 0.40373625 0.8776426562499999 0.40373625 0.8843613671874999 0.4024714734375 0.8866327281249999 0.4056190078125 0.8911033796875 0.41257671093750004 0.900044675 0.416221215625 0.9035218453124999 0.420031384375 0.909648290625 0.42185362499999995 0.9129598828125 0.4354787765625 0.898545309375 0.421875 0.8779296875 0.4140625 0.8701171875 0.40448310468750004 0.8578597953125 0.4029893453125 0.86457850625
3 0.4208984375 0.853515625 0.414113925 0.84695500625 0.4095715359375 0.8421016968749999 0.4083184703125 0.8478943578125 0.40690876718749996 0.8532173406249999 0.4051857859375 0.8586968828125 0.40925825937500004 0.864019865625 0.41427054218750003 0.8698125296875 0.419921875 0.8759765625 0.4233553 0.8803019375 0.42836758281250004 0.8867208328125 0.4315002671875 0.8923569328125 0.4352594859375 0.8986192656249999 0.44544067031249995 0.8832765453125001 0.440585025 0.8767010921875 0.4340063984375 0.8688731796875 0.4293073921875 0.8626108406249999 0.4208984375 0.853515625