5 0.59154491875 0.5359268593750001 0.6479171781249999 0.5239743609375 0.6348735953125 0.456870940625 0.629148809375 0.45300952343749995 0.58159046875 0.464243609375 0.5822280734375 0.48799584375 0.59154491875 0.5359268593750001
6 0.5653743828125 0.601604009375 0.554368265625 0.536996765625 0.5898297375 0.5277753828125 0.58677695625 0.5120701890625 0.5522297125 0.5180093703125 0.5466636296875 0.49735984999999994 0.53399193125 0.49206174531249997 0.521216865625 0.4782463734375 0.534818640625 0.560199865625 0.5427930265625001 0.6052172109375 0.5653743828125 0.601604009375
5 0.5181374046875 0.4397685359375 0.514329859375 0.4355344453125 0.503998309375 0.4335633328125 0.492494865625 0.4357993765625 0.47987339999999995 0.432283696875 0.47034106875 0.4241881890625 0.46075486562499995 0.42605155781250004 0.4584649515625 0.42450699218750004 0.441582459375 0.429778296875 0.4384394546875 0.44431700156250004 0.4406485625 0.46079988437499997 0.44866326250000005 0.4662058671875 0.5119322015625001 0.45390763125 0.5153670734375 0.45622448125000004 0.5183484640625 0.47156240625 0.5247916625 0.48423774374999995 0.5350962765625 0.49118829374999995 0.543910196875 0.49046988125 0.5424195015625 0.48280091875000003 0.5374669984375 0.4777945453125 0.5348582828125 0.4643738609375 0.52186414375 0.4589409421875 0.5181374046875 0.4397685359375
6 0.3273661375 0.44608898124999996 0.3285497125 0.4418398859375 0.3356859234375 0.43375436250000005 0.3579895046875 0.43477769374999997 0.3825166578125 0.4300100984375 0.393359578125 0.4222395859375 0.35931670000000004 0.42782132968750003 0.3312103125 0.4283967125 0.320146871875 0.4388135046875 0.3168771875 0.4541563703125 0.3261644265625 0.45369079218749997 0.3273661375 0.44608898124999996
4 0.32265081875 0.60610170625 0.334257578125 0.6555772875 0.542437584375 0.6210802375 0.5172843140625 0.4558518078125 0.4425388671875 0.4654066484375 0.42970634218750003 0.4300970984375 0.34268516875 0.4430329390625 0.3388237515625 0.448757725 0.34744912031249997 0.4828953828125 0.3439334421875 0.495516846875 0.35814891875 0.5584131125 0.3458193203125 0.5717529906250001 0.3228124328125 0.5762250765625 0.32265081875 0.60610170625
6 0.3032942890625 0.5730551359375 0.29064588750000003 0.5745188953125 0.292482321875 0.5890845359375 0.30276000000000003 0.601014525 0.321532796875 0.600349984375 0.3223589515625 0.5892461499999999 0.307447571875 0.5841859046875 0.3032942890625 0.5730551359375
0 0.34696870468749996 0.5008958953125 0.3455318796875 0.48326805625 0.3422316875 0.4560540140625 0.3365069015625 0.45219259687499996 0.2732379625 0.46449083281250003 0.25177564218750004 0.4666730046875 0.1813221875 0.4773798734375 0.1907965203125 0.5333787437499999 0.2004597515625 0.5879301828125 0.357317078125 0.5602616953124999 0.34696870468749996 0.5008958953125
5 0.21487207968750002 0.42012494218749996 0.1918651921875 0.424597028125 0.1884033859375 0.427259615625 0.1829974015625 0.4352743171875 0.182970465625 0.4402537546875 0.1821981828125 0.4413987125 0.1881609640625 0.4720745625 0.19159583593750001 0.4743914125 0.20693375937499997 0.471410021875 0.209223675 0.4729545875 0.22839608125000002 0.46922784999999995 0.2341747375 0.46313039062500005 0.2308206734375 0.445875225 0.232365240625 0.44358531093750003 0.228265828125 0.4224956640625 0.22483095625 0.4201788140625 0.21716199375 0.42166950937500003 0.21487207968750002 0.42012494218749996
6 0.17218687187499998 0.4276191609375 0.173975525 0.43682098593749996 0.1770997921875 0.4540104921875 0.179742121875 0.46760409531249997 0.1812373484375 0.47739973750000003 0.1881358296875 0.476173115625 0.17821105937499998 0.42623114375000004 0.17218687187499998 0.4276191609375
1 0.1740130140625 0.609128115625 0.186895196875 0.5920225046875001 0.1928112390625 0.5882896890625 0.191030184375 0.57895961875 0.1737865625 0.4809249234375 0.1601084609375 0.475097153125 0.148725065625 0.46879687812500004 0.14297334374999998 0.4699149 0.147011575 0.4931400609375 0.164564934375 0.596732025 0.1682612921875 0.6102461359375 0.1740130140625 0.609128115625
3 0.16977790625 0.47862166406249995 0.1746941703125 0.480794921875 0.16975204375 0.4513604078125 0.164163271875 0.42127222656249996 0.1602066703125 0.4223011 0.160929521875 0.4273563453125 0.16544777500000002 0.4519372703125 0.1681726875 0.4659557296875 0.16878202343749998 0.47244031093750005 0.16977790625 0.47862166406249995
2 0.14331848125 0.46984611562499995 0.14860351249999998 0.46828661875 0.1569295 0.47278856718749995 0.1634179453125 0.47605111093749997 0.1699063796875 0.47931364218750006 0.167685103125 0.46377922343750005 0.1633560625 0.4401392109375 0.16164702343749998 0.4340849390625 0.161006275 0.42941962968749997 0.1601235359375 0.4221403265625 0.146690278125 0.42421928124999997 0.136433675 0.4262129640625 0.14331848125 0.46984611562499995
2 0.1700208015625 0.6270424125 0.177460725 0.6686754781250001 0.1817396765625 0.690688775 0.1940653546875 0.6886192640625 0.20514196875000001 0.68516075625 0.20204878437499998 0.6663534656250001 0.194654478125 0.6261704031249999 0.19101331562499999 0.6024013453125 0.1892494546875 0.5916480609375 0.1836530890625 0.59730586875 0.1785653796875 0.603841903125 0.1742584796875 0.61022718125 0.16715662343749998 0.6106285703125 0.1700208015625 0.6270424125
3 0.20471910000000001 0.67837884375 0.20560398124999998 0.6851409515625 0.210144028125 0.68425845625 0.20266470781249998 0.6445462203125001 0.19363890156250002 0.5923803015625 0.19278871718749999 0.5879034078125 0.18990378125000001 0.5902310296875 0.190145228125 0.5945030484375 0.1959018421875 0.6342178140625 0.199799534375 0.6542696984374999 0.20471910000000001 0.67837884375
6 0.21564573281250002 0.6759122171875 0.22041857031249998 0.67539065625 0.21833187812500002 0.663610709375 0.21198517031250003 0.622601159375 0.20537172812499999 0.5875331296875 0.200441225 0.5882884296875 0.20439187812499998 0.60965758125 0.21070605156250002 0.6494549109375 0.2140916 0.6668720453125 0.21564573281250002 0.6759122171875
5 0.801534421875 0.5209748875 0.813437475 0.515676646875 0.807766559375 0.501856353125 0.7950912234375 0.5082995515625 0.801534421875 0.5209748875
5 0.7825011203125001 0.42817505625 0.79626754375 0.43246301875000004 0.7959756765625 0.41560746249999997 0.781782709375 0.41936113593749996 0.7825011203125001 0.42817505625
5 0.7720123828125 0.384451196875 0.76133509375 0.3755834046875 0.7547841531249999 0.38282582187499997 0.755129890625 0.3897225015625 0.7627719171875 0.39321124375 0.7720123828125 0.384451196875
5 0.773705284375 0.5671727859375 0.7859271390625 0.5737506625 0.7955133421875 0.5718872937499999 0.8036357859375001 0.5573755234375 0.79221315 0.5446732515625 0.7722415234375 0.554524384375 0.773705284375 0.5671727859375
5 0.333804096875 0.6685983625 0.3280793109375 0.6647369453125 0.3054450984375 0.671126271875 0.30653618437499996 0.6818574328125 0.3187580390625 0.688435309375 0.333804096875 0.6685983625