4 0.403917803125 0.327193221875 0.3826701515625 0.3645919578125 0.3652345265625 0.36009215 0.351934025 0.3861958578125 0.36227604687500004 0.40461764218749996 0.3241147859375 0.48381546249999996 0.431156559375 0.5361639265625 0.5131929046875 0.373007471875 0.41573906562499996 0.3233522609375 0.403917803125 0.327193221875
5 0.64541009375 0.5609378828125 0.569725921875 0.5201828265625 0.563158553125 0.5223166953125 0.519743396875 0.603221609375 0.5117299421875 0.623251028125 0.5142574296875 0.6354990640625 0.5877745812499999 0.6740539453125 0.596968896875 0.6710665312499999 0.6475108078125 0.5718724453124999 0.64541009375 0.5609378828125
0 0.42980993281249996 0.5409578953125 0.30795948125 0.483256075 0.2984378515625 0.4718284328125 0.21043148281250001 0.43377032031249996 0.1937487671875 0.4665119953125 0.409482134375 0.5722491890625 0.42756939687499995 0.58127540625 0.43827909531250003 0.57596175625 0.51107005 0.6188220875 0.5138977203125 0.6071404265625 0.5270133296874999 0.585078753125 0.531582053125 0.5736593265625001 0.5005999625 0.5547487656250001 0.49277359687500005 0.5688825125 0.4881954125 0.5815468687500001 0.47007391875 0.5741881531249999 0.4420494640625 0.55928410625 0.42980993281249996 0.5409578953125
6 0.3230109671875 0.42989436249999996 0.3404047671875 0.40188915312500006 0.3510473234375 0.3879361046875 0.34638816875 0.38031016875 0.34461256875 0.37260119375 0.2640595703125 0.33254352656249997 0.2593526015625 0.3417814703125 0.2930366578125 0.3584595109375 0.335951409375 0.3808105125 0.33721378281250003 0.38487039375 0.330962778125 0.39993726406249996 0.30949715312500004 0.4431853484375 0.29785687968749996 0.4633187046875 0.2947482890625 0.46989277500000004 0.2996268609375 0.47095260625 0.3008484078125 0.4747120515625 0.3076204171875 0.45642077499999995 0.316401196875 0.4477723734375 0.3230109671875 0.42989436249999996
5 0.50645133125 0.5131513125 0.5274669109375 0.5063229375 0.5527544421874999 0.45454229843749994 0.48964562031250003 0.4256748109375 0.44977726406249996 0.49961873749999997 0.44836433124999997 0.51314709375 0.44122431874999996 0.5202263921875 0.4583127328125 0.5258882109374999 0.48444305312499997 0.5430089125 0.501097978125 0.527959990625 0.50645133125 0.5131513125
6 0.5315740046874999 0.5700692328125 0.5374034453125 0.5616173015625 0.5071880531249999 0.5446988390625 0.49627085624999995 0.5309805578125 0.487010234375 0.5427023609375 0.49567831562500003 0.55150305625 0.5315740046874999 0.5700692328125
5 0.4246512796875 0.58765040625 0.4333193609375 0.5964511015625 0.4859535484375 0.62436558125 0.4942943171875 0.6187512203125001 0.488713109375 0.60604325625 0.43739239531249996 0.577702003125 0.42908477968750003 0.5789491703125 0.4246512796875 0.58765040625
2 0.26805304375 0.283409340625 0.26093163750000004 0.296617396875 0.2474689203125 0.323039465625 0.2514981578125 0.32665866875 0.2570934796875 0.329509628125 0.295416671875 0.25506451406249997 0.285000225 0.250148625 0.2748754125 0.2684827078125 0.26805304375 0.283409340625
1 0.255859965625 0.32737948437500003 0.24715872968750002 0.3229459828125 0.24584525625000003 0.32337275625 0.24052505625 0.33381423906249996 0.2409518296875 0.3351277125 0.24791281718749997 0.3386745140625 0.2518532390625 0.33739419375 0.2562867390625 0.3286929578125 0.255859965625 0.32737948437500003
2 0.251811828125 0.33910696093750003 0.24443232343750002 0.3369011125 0.24123105156250002 0.335281975 0.23269008281249998 0.35050758593750003 0.20388181093750002 0.4047416421875 0.1962231984375 0.41645940000000004 0.1959381296875 0.4204745 0.200216665625 0.42419850156249994 0.20590692968750002 0.42687771718749995 0.2130193578125 0.413704490625 0.251811828125 0.33910696093750003
1 0.1947453890625 0.420440134375 0.1935630984375 0.4216801421875 0.174341834375 0.4590174734375 0.17842288906249998 0.45999873124999996 0.1814844953125 0.461230915625 0.1875298890625 0.4625354453125 0.20499064687500002 0.4289869171875 0.20163283437500001 0.4250583203125 0.1947453890625 0.420440134375
2 0.17405569375000002 0.459965578125 0.1658425609375 0.4758410203125 0.17773246874999998 0.482179225 0.1827157609375 0.47239896249999996 0.1872502453125 0.4629500078125 0.18181071875000002 0.459338478125 0.1767988078125 0.458184703125 0.17405569375000002 0.459965578125