4 0.4747018734375 0.47919402968749997 0.4989376 0.543232240625 0.41101351406250003 0.583447546875 0.4290894328125 0.628848665625 0.44396253437500005 0.62864061875 0.4458508265625 0.6352827624999999 0.43484573906249996 0.6369756 0.43772389218749996 0.6410390687499999 0.447934571875 0.6375619609375 0.4564776015625 0.661551859375 0.45311711250000003 0.6780137749999999 0.463040909375 0.6906991078125 0.5555233921875 0.6463163109375001 0.570188446875 0.6312351625 0.57176466875 0.6155676531250001 0.5902063078124999 0.6137707906250001 0.6054829093749999 0.6240729015625 0.6885491203125 0.5849514796874999 0.690229365625 0.576720521875 0.66788193125 0.5193244531250001 0.7186358562499999 0.4988653125 0.7246790453124999 0.49082980625 0.69919418125 0.433763203125 0.6750348734375 0.38893105 0.4747018734375 0.47919402968749997
0 0.7771671703125 0.3638224234375 0.7522659421875 0.3727182359375 0.7161786343750001 0.3879692703125 0.6987378875 0.3965504609375 0.6836745296875 0.40372974375000004 0.69891673125 0.436034603125 0.7057435390625 0.45619204375000005 0.7086584296875 0.4656335578125 0.79314905 0.430593353125 0.7869189328124999 0.408881534375 0.7771671703125 0.3638224234375
5 0.4210506546875 0.7692572953125 0.4297765421875 0.769648203125 0.4613984453125 0.75663820625 0.4575178375 0.7359173671875 0.417964453125 0.7503207265625 0.4154772078125 0.7375313703125 0.40804065625 0.73763539375 0.4210506546875 0.7692572953125
5 0.4295433078125 0.7163030078125 0.4115714125 0.6783384406249999 0.38431245468749997 0.691543890625 0.404368096875 0.7317876578125 0.4295433078125 0.7163030078125
1 0.853831253125 0.43635632500000004 0.852742875 0.42312230937499995 0.8439490359375 0.4064565390625 0.8382594593749999 0.3821216828125 0.8350109453125001 0.3607015859375 0.8360006390624999 0.33339290781250003 0.8138975671875001 0.3466638 0.7983136359375 0.35531718749999996 0.7864385796875 0.3594609671875 0.7880990203125 0.3850180703125 0.7965499796875 0.41555509375 0.800272215625 0.431619334375 0.824286009375 0.42403333437499996 0.853831253125 0.43635632500000004
2 0.8491006625 0.4351963671875 0.8268374546875 0.4252273265625 0.801721446875 0.4288685296875 0.8072669546875 0.4490230265625 0.8193729171875 0.48545229687499997 0.840390571875 0.535738434375 0.8736982640625 0.6120884890625 0.9185808265625001 0.5927910203125 0.89253511875 0.5358312578125 0.8713293656250001 0.4897422171875 0.8491006625 0.4351963671875
2 0.77926115625 0.338386840625 0.784873396875 0.36331058125000004 0.8029750265625 0.351248103125 0.830573396875 0.337841659375 0.8294184421875 0.31399868125 0.8269884125000001 0.2931426890625 0.8233634734375 0.2926999171875 0.7756191046875001 0.3003198546875 0.77926115625 0.338386840625
5 0.380555465625 0.5105145546875 0.41383107968750005 0.495699296875 0.4558665109375 0.4752503578125 0.4729949984375 0.4806257953125 0.5339176343750001 0.45003423124999997 0.49695913281250004 0.3650773390625 0.4828135578125 0.372242121875 0.46730044375 0.37828223906249997 0.40999478125 0.40726342187500003 0.376397103125 0.42135530781249997 0.352847515625 0.4327070234375 0.35928885625 0.4471745125 0.3381522890625 0.46005220781249995 0.358521790625 0.5038559859375 0.3733907109375 0.49636912187500004 0.380555465625 0.5105145546875
5 0.4164325625 0.5307927359375 0.42643519531249996 0.5124425265625 0.40273218125000004 0.5048231171875 0.3866737640625 0.5119727843749999 0.38320925156249996 0.5209981499999999 0.391947734375 0.540625103125 0.4164325625 0.5307927359375
5 0.44953598125000005 0.66036654375 0.44288124375000004 0.643018790625 0.4227593609375 0.6530466109375 0.43407651875 0.673663425 0.44953598125000005 0.66036654375
5 0.5727671234375 0.6322250234375 0.5639498046875 0.6436336125000001 0.5740690546875 0.651956 0.593201078125 0.64450685625 0.5968610437499999 0.6311185453125 0.5727671234375 0.6322250234375
5 0.446279515625 0.6842650124999999 0.43765764999999995 0.69131065625 0.4567234296875 0.7341331 0.4707895296875 0.7129047374999999 0.4560992890625 0.68951379375 0.446279515625 0.6842650124999999