5 0.7421875 0.4599609375 0.751953125 0.4150390625 0.7021484375 0.40234375 0.69140625 0.4482421875 0.7421875 0.4599609375
4 0.4443359375 0.34765625 0.412109375 0.4462890625 0.4072265625 0.451171875 0.3818359375 0.44140625 0.37109375 0.4462890625 0.341796875 0.5400390625 0.537109375 0.6044921875 0.56640625 0.5224609375 0.59765625 0.3994140625 0.5205078125 0.365234375 0.4443359375 0.34765625
5 0.5986328125 0.41015625 0.58984375 0.4306640625 0.5775449015625 0.48084178125 0.63671875 0.5009765625 0.654296875 0.4501953125 0.654296875 0.4345703125 0.6455078125 0.42578125 0.5986328125 0.41015625
0 0.2935184171875 0.511505809375 0.3433084921875 0.52945338125 0.364150834375 0.46113681562500003 0.2622549046875 0.42582064218750004 0.237359884375 0.492400328125 0.2935184171875 0.511505809375
6 0.3974609375 0.4296875 0.37283514375000004 0.421767946875 0.3606771109375 0.41713633437500003 0.357421875 0.4208984375 0.3572033859375 0.4269785328125 0.3479400875 0.45476832187499994 0.36530870625 0.46113681562500003 0.37457200468749996 0.4397155375 0.406993390625 0.4512945984375 0.41220397656249996 0.445505059375 0.43652004218749996 0.370820009375 0.442309615625 0.35055661250000003 0.43362530781249997 0.34650394375000004 0.4168356078125 0.3962939921875 0.4058355171875 0.43045225625 0.3974609375 0.4296875
6 0.746375046875 0.5550893718750001 0.7568359375 0.546875 0.7612929234375 0.545946171875 0.7665863625 0.552202040625 0.771484375 0.5224609375 0.7626953125 0.513671875 0.73723183125 0.5161104046875 0.7138671875 0.525390625 0.67578125 0.5654296875 0.662109375 0.6005859375 0.64453125 0.6806640625 0.6474609375 0.689453125 0.669921875 0.6962890625 0.681640625 0.6181640625 0.693359375 0.5927734375 0.7294921875 0.560546875 0.746375046875 0.5550893718750001
5 0.76563795625 0.5531376078125 0.7592709046875 0.54517879375 0.7502509140625 0.5526070203125 0.729027409375 0.5616270265625001 0.7138671875 0.57421875 0.691886275 0.5902787421875 0.68359375 0.6162109375 0.6770298203125 0.6428069187500001 0.66907100625 0.6985186203125 0.678621584375 0.7017021453125001 0.6865803984375 0.704355084375 0.693359375 0.6884765625 0.69921875 0.6787109375 0.759765625 0.5673828125 0.76563795625 0.5531376078125
1 0.1963810203125 0.480056253125 0.23055577500000002 0.4884761203125 0.247890796875 0.44464328125 0.25459493593750004 0.42467637500000005 0.224164046875 0.41111806562500003 0.21904201875 0.3936429203125 0.213920009375 0.3840014515625 0.2090992578125 0.393341615625 0.178367090625 0.4783070203125 0.17565542812499998 0.48734589375 0.17294376718749999 0.49337180937499997 0.1807795015625 0.490457265625 0.18919936875 0.4855044015625 0.1923828125 0.48046875 0.1963810203125 0.480056253125
2 0.191458446875 0.4822937953125 0.1904296875 0.484375 0.1855865796875 0.4870980453125 0.1806640625 0.490234375 0.17811329375 0.4922581703125 0.1748046875 0.4921875 0.17188555625 0.4933257828125 0.1767578125 0.49609375 0.189679103125 0.500977003125 0.193359375 0.4931640625 0.197265625 0.4853515625 0.19875380625 0.480158571875 0.1932378 0.480692378125 0.191458446875 0.4822937953125
3 0.1982421875 0.48046875 0.197265625 0.4853515625 0.19530407656249998 0.49044030625 0.193359375 0.4951171875 0.1898537296875 0.5009776359375 0.20620475625 0.5075180515625 0.208984375 0.4990234375 0.21183678125 0.4938921859375 0.2145619546875 0.4842632421875 0.2094749640625 0.48389989062499994 0.1982421875 0.48046875
2 0.2216796875 0.486328125 0.21477618125000003 0.4845798765625 0.212890625 0.4892578125 0.2109375 0.4951171875 0.208984375 0.5009765625 0.20695320781249998 0.5071598171875 0.2119140625 0.509765625 0.2185098734375 0.5121380734375001 0.22265625 0.5126953125 0.224609375 0.5068359375 0.2265625 0.5009765625 0.22988874374999999 0.48920253750000003 0.2216796875 0.486328125
2 0.2662885625 0.2761436578125 0.25703684375 0.2737301671875 0.24657838124999998 0.271316675 0.2449693875 0.2789593921875 0.24175139843750001 0.2914290984375 0.23828125 0.3017578125 0.234224271875 0.318307884375 0.22188394374999998 0.358958375 0.217770515625 0.37105674375 0.2216796875 0.37109375 0.22744918906249997 0.37154067031250004 0.23035279531250002 0.3744442765625 0.23301443593750001 0.38097739218750004 0.23567607499999998 0.3749282109375 0.23828125 0.3681640625 0.24728770312499998 0.3375182765625 0.263671875 0.2841796875 0.2662885625 0.2761436578125
3 0.2685546875 0.275390625 0.263671875 0.2802734375 0.2265625 0.4033203125 0.2265625 0.4111328125 0.2294921875 0.4140625 0.2421875 0.4169921875 0.28125 0.2900390625 0.28125 0.2802734375 0.2763671875 0.275390625 0.2685546875 0.275390625
2 0.2934205703125 0.2884841546875 0.2871019578125 0.28966889375 0.28275791093749997 0.28690450625 0.25511398125 0.3781294703125 0.24247675625 0.4180157109375 0.246868371875 0.41998620000000003 0.25669363437500003 0.4243343234375 0.26103768125000004 0.41209201249999994 0.292766809375 0.3096346375 0.2965798765625 0.2971722578125 0.2997391828125 0.28690450625 0.2934205703125 0.2884841546875
5 0.228515625 0.3896484375 0.23046875 0.3720703125 0.2138671875 0.37109375 0.216796875 0.3876953125 0.228515625 0.3896484375
2 0.23046875 0.3916015625 0.23046875 0.3876953125 0.2294921875 0.38671875 0.2177734375 0.38671875 0.216796875 0.3916015625 0.220703125 0.3974609375 0.220703125 0.4013671875 0.2248642171875 0.41003566406249997 0.2265625 0.4052734375 0.2265625 0.4013671875 0.228515625 0.3994140625 0.228515625 0.3935546875 0.23046875 0.3916015625
5 0.3125 0.4267578125 0.31640625 0.4111328125 0.2978515625 0.404296875 0.294921875 0.4228515625 0.3125 0.4267578125
5 0.435546875 0.5888671875 0.439453125 0.5751953125 0.4228515625 0.5703125 0.41796875 0.5810546875 0.435546875 0.5888671875