4 0.44334756875 0.6192514734375 0.4550431328125 0.6377546890625 0.45972952031250003 0.64563470625 0.5240631765625 0.6090583953125 0.644230465625 0.5342977109375 0.5747416171874999 0.41711319375 0.503444490625 0.45469171875000003 0.41472985937500007 0.5085408609375001 0.39508560937500004 0.517228203125 0.40388901875 0.5429572890625 0.407986425 0.5599392515625 0.428700646875 0.5962952421875001 0.44334756875 0.6192514734375
5 0.40795676406250003 0.436907065625 0.445001409375 0.488774384375 0.5349129125000001 0.4378140359375 0.5742914328125 0.41495166875 0.5400519046875 0.3569046953125 0.5014019078125 0.38105589375000004 0.40795676406250003 0.436907065625
0 0.369427303125 0.470741790625 0.3599911234375 0.4810440265625 0.372907475 0.501258728125 0.38183763437499996 0.5039948484375001 0.3883003984375 0.513626496875 0.40015529375 0.516363415625 0.4363540265625 0.49596057812499994 0.44468006562499995 0.48811525937500005 0.42683803437499995 0.4666316015625 0.40693427031249996 0.4376176125 0.40272759999999996 0.43945739375 0.3766827390625 0.4534244046875 0.369427303125 0.470741790625
1 0.3199534609375 0.5006353609375 0.3316489375 0.51934198125 0.339338071875 0.5303123875 0.3467783296875 0.540884784375 0.35284999375 0.5470544281249999 0.355512365625 0.5340465171875 0.37096491249999997 0.5246725890625 0.37181087343749997 0.5180566265625 0.36623685625 0.5082556484375 0.350535078125 0.4818128234375 0.3481960609375 0.4860407203125 0.3438663984375 0.4915118484375 0.33727238437499996 0.5008875609375 0.3199534609375 0.5006353609375
3 0.3380173296875 0.50002230625 0.34307015625 0.4920091578125 0.34804676875 0.4866873734375 0.3442395359375 0.4810405140625 0.33851624375 0.47188621093750005 0.3314991453125 0.47571520625 0.32527828593749997 0.4790469078125 0.330180428125 0.48733049843750004 0.3380173296875 0.50002230625
2 0.34232338125 0.46867839218749996 0.3375457796875 0.4716621609375 0.344214628125 0.47967250000000006 0.3483702640625 0.4867620578125 0.3498880859375 0.48166345312500003 0.34232338125 0.46867839218749996
2 0.42082017031249996 0.598828675 0.3873568875 0.5413333359375 0.38220711875 0.5334982515625 0.37228025625 0.5182232499999999 0.3710493765625 0.52489436875 0.3760071734375 0.534230753125 0.382817075 0.5449220953125 0.3908240515625 0.5571263046875 0.399816596875 0.56967669375 0.4033434359375 0.575888584375 0.416519625 0.5944182171875 0.42082017031249996 0.598828675
3 0.3710241015625 0.524811321875 0.35622485312499996 0.5328673078125 0.36221078281249997 0.5416699359375 0.3685071828125 0.5531936765625 0.38189910625 0.5749414828125 0.395935765625 0.5993592171875 0.404114603125 0.613096553125 0.393736878125 0.6182874296875001 0.4002926265625 0.628135859375 0.40958870625 0.6229276953125 0.420053228125 0.6384321703125 0.437078490625 0.6675930109375 0.4559684296875 0.6565191265625 0.447640134375 0.6424264859375 0.438032278125 0.62744480625 0.42963895937499996 0.6136339890625 0.42115885000000003 0.598912659375 0.4145892375 0.59285409375 0.3919317015625 0.5598912484375 0.3810081890625 0.5427470640625 0.3710241015625 0.524811321875
2 0.36655831875 0.54837031875 0.3621671921875 0.541343046875 0.35992478125 0.5366927796875001 0.35643196875 0.53269951875 0.3532616609375 0.5368704906249999 0.35080785468750003 0.5453743296875 0.353351375 0.5513547296875 0.35924442343749996 0.563011325 0.3653344890625 0.5727522390625001 0.3706543890625 0.5847667984375 0.3773892671875 0.59490171875 0.381419484375 0.6029413671875 0.38659601875 0.6102650734374999 0.3927398296875 0.61977325625 0.40407778437499997 0.6120947546875 0.37321545 0.5598630296875 0.36655831875 0.54837031875
2 0.4171632578125 0.6623198828125 0.42574306718750005 0.6750870578125 0.4325673421875 0.6710242359375 0.43686610937500003 0.6683395140624999 0.43117008125 0.6579541437499999 0.42470386875 0.6466555031250001 0.41628525156249996 0.6331901281250001 0.4094249828125 0.622535953125 0.4002005640625 0.628496103125 0.40424869843750005 0.6375204531249999 0.407849 0.6442351203125 0.41134185468749995 0.6514152703125 0.4171632578125 0.6623198828125
5 0.3547079078125 0.46946342812499997 0.3564641125 0.47488012968750004 0.3583671796875 0.4753194875 0.3598308890625 0.4776619125 0.3629051671875 0.477369415625 0.367590015625 0.474441996875 0.36802937343750003 0.4725389296875 0.370371796875 0.47107522187499995 0.3730079421875 0.459656821875 0.3722760875 0.458485609375 0.370373021875 0.458046253125 0.3574896890625 0.46609665156249996 0.35705033125 0.46799971874999996 0.3547079078125 0.46946342812499997
2 0.32543279375 0.501298690625 0.33186829218749997 0.50173900625 0.33843746406249997 0.5027328921875001 0.3362597875 0.497276346875 0.3249551390625 0.47845007968750003 0.3106520078125 0.48717050781250004 0.315139725 0.492649703125 0.319360125 0.5004194328125 0.32543279375 0.501298690625