4 0.35971298281249997 0.5723747828125 0.37612075625 0.5831483328125 0.42854075312499995 0.5137597078125 0.4042549421875 0.4940934453125 0.3553780078125 0.557554978125 0.35971298281249997 0.5723747828125
4 0.5305429 0.4933181234375 0.4854400859375 0.4605643890625 0.478572575 0.46128619375 0.379012121875 0.5842331125 0.374961721875 0.5985455796875 0.400835503125 0.6333203671875001 0.43184446562499995 0.6508913234375 0.4299636265625 0.6594210578124999 0.44904415000000003 0.68241176875 0.4921960171875 0.7098158546875 0.6097605078125 0.55998048125 0.5305429 0.4933181234375
0 0.26992065468750004 0.6761592796875 0.3125600859375 0.7050888734375 0.3645304109375 0.7371208031250001 0.4094473640625 0.685869025 0.4230511609375 0.695543928125 0.43674086875 0.69187579375 0.39945785312500004 0.65984999375 0.394022565625 0.630458109375 0.354363334375 0.574325728125 0.2953645484375 0.6471831625 0.26992065468750004 0.6761592796875
5 0.635428115625 0.5267318515625 0.671217578125 0.48408732031249996 0.651196634375 0.465361478125 0.6308127140625001 0.4563945125 0.6052894671875 0.49101664375 0.61266016875 0.5082947296875 0.635428115625 0.5267318515625
5 0.5196291359375 0.4819671296875 0.560755803125 0.51652745 0.580851 0.5227474109375 0.5969741984375 0.504388690625 0.590902746875 0.49947212499999993 0.5853344828125 0.51255545 0.574779546875 0.5178308453125 0.59155444375 0.49246025312499997 0.5830989625 0.4780735328125 0.54681460625 0.44994764062500003 0.5196291359375 0.4819671296875
5 0.5236795359374999 0.46765466250000004 0.5318504421875 0.4529091140625 0.5150095859375 0.43801505625 0.5028625328125 0.454567190625 0.5236795359374999 0.46765466250000004
5 0.538940715625 0.41466966406249994 0.545593759375 0.3986949734375 0.5275237625 0.3853187796875 0.5186310515625 0.3931968171875 0.5214481625 0.40678747968750006 0.5296891765625 0.40592131406250004 0.538940715625 0.41466966406249994
5 0.59039955625 0.481472234375 0.59611218125 0.4697624125 0.5835361921875 0.45580877343750004 0.57782356875 0.467518596875 0.59039955625 0.481472234375
1 0.25443990625 0.707031525 0.226029440625 0.7141836109375 0.21988373437500003 0.7217729265624999 0.257974675 0.7538749640625 0.3336533671875 0.800079146875 0.3414612984375 0.795092475 0.341321084375 0.76733370625 0.36186780937499996 0.7479341171875 0.3436391546875 0.7365392125 0.2690452421875 0.6874436640625 0.25443990625 0.707031525
3 0.358161940625 0.7822277640624999 0.4144503015625 0.8186809625 0.4280295703125 0.806875890625 0.3555634453125 0.7575047234375 0.34623765 0.7612622546875001 0.342983309375 0.7699363499999999 0.358161940625 0.7822277640624999
3 0.254151184375 0.7042845203125 0.2575498875 0.6969839265625 0.25270757499999996 0.690549496875 0.2121395859375 0.6548529750000001 0.199326628125 0.6739848953124999 0.2433075265625 0.706812909375 0.254151184375 0.7042845203125
2 0.34218725 0.7755747203125 0.34312352343749997 0.79769511875 0.4019438625 0.8407436 0.4151062796875 0.8178708968749999 0.363944671875 0.784397325 0.34218725 0.7755747203125
2 0.1813088453125 0.69292576875 0.21215005625 0.7142537171875001 0.241934025 0.7069572703125 0.2252375296875 0.6934367156250001 0.198517434375 0.6733296234374999 0.1813088453125 0.69292576875
2 0.3539012203125 0.7549020796875 0.4240859046875 0.8016837062500001 0.433320234375 0.7937238421874999 0.3614204296875 0.747168403125 0.3539012203125 0.7549020796875
2 0.21194341562500002 0.6600591546875 0.25849030625 0.6927190578125 0.264491653125 0.6837562390625 0.25401097031250003 0.676525753125 0.21885261250000002 0.6482177703125 0.21194341562500002 0.6600591546875