4 0.62196660625 0.4289903375 0.5947203421875 0.386742234375 0.6078007750000001 0.374376290625 0.616651146875 0.3687718390625 0.5771856609375 0.317742525 0.5691230218750001 0.3047264453125 0.41570161250000004 0.4203614546875 0.4148600625 0.42721532343749996 0.43770687500000005 0.45645790937499997 0.5241645765625 0.574819971875 0.6332497921875 0.489593259375 0.603160984375 0.44616144999999996 0.62196660625 0.4289903375
0 0.7101217265625 0.3660855421875 0.6940694140625 0.3756404203125 0.6745662578125 0.387160128125 0.6649951374999999 0.397116459375 0.6236081921875 0.4282122078125 0.6037475953125 0.44835794843750004 0.6287855484375 0.48147584375 0.66802646875 0.45175479999999996 0.6924834953125 0.433886153125 0.7330818984375 0.40082677968749997 0.7101217265625 0.3660855421875
6 0.642226759375 0.41113433906249996 0.6271768125 0.38247485000000003 0.6417059843749999 0.368183953125 0.6340136890625 0.3532261609375 0.59371490625 0.388364346875 0.6210349546875 0.42650481406249996 0.642226759375 0.41113433906249996
6 0.676802875 0.39160906875 0.6749028765625 0.38441858125 0.6424363546875 0.34286332656249996 0.6261553796875 0.33947283437500003 0.622908903125 0.34324853593750004 0.667736684375 0.39745307812499997 0.676802875 0.39160906875
3 0.7437339656249999 0.34134091875 0.6979630796875 0.2759348578125 0.6909225359375 0.294417490625 0.7321794921875 0.34816365625 0.7437339656249999 0.34134091875
3 0.8196142359374999 0.43564431406250004 0.7724542390625 0.3762219375 0.754517675 0.38803091093750003 0.8031337578125 0.4470099453125 0.8196142359374999 0.43564431406250004
1 0.7810770984375 0.3696263453125 0.78345773125 0.3615700140625 0.7593911796875 0.33131276875000004 0.719728903125 0.35931085625 0.7437781796875 0.39009252656250004 0.75815915625 0.3862925296875 0.7810770984375 0.3696263453125
2 0.7005363171875 0.27764225 0.7473400015625 0.342197928125 0.759806190625 0.3346628796875 0.7248736234375001 0.28341337499999997 0.7063317375 0.26443944375 0.7005363171875 0.27764225
2 0.78501975 0.367874434375 0.77225556875 0.37784690468750004 0.8208824828125 0.43538834375 0.8296805812500001 0.42707736562500004 0.7996189859375 0.38860027812500003 0.78501975 0.367874434375
2 0.7310658437499999 0.3510372296875 0.6970018109375 0.306428496875 0.6860599171875 0.3162165171875 0.7190257296875 0.35845985156250004 0.7310658437499999 0.3510372296875
2 0.7056845468749999 0.3603693046875 0.6742521781249999 0.3217239078125 0.6424363546875 0.34286332656249996 0.6788468890625 0.386294284375 0.7056845468749999 0.3603693046875
2 0.7926939875000001 0.43366749843749997 0.776893646875 0.41503018750000004 0.7723006921875 0.4297720765625 0.7788650984375 0.442661840625 0.7926939875000001 0.43366749843749997