4 0.4384765625 0.33203125 0.4208984375 0.32421875 0.40625 0.3388671875 0.390625 0.3701171875 0.4068233796875 0.39314611875 0.380859375 0.3896484375 0.357421875 0.4306640625 0.34375 0.4384765625 0.31640625 0.5029296875 0.3203125 0.5205078125 0.3974609375 0.55859375 0.4169921875 0.525390625 0.4228515625 0.53515625 0.4228515625 0.529296875 0.4326171875 0.53125 0.48002548437500003 0.5528692296875 0.556640625 0.4150390625 0.5517578125 0.3984375 0.5009765625 0.365234375 0.4501953125 0.345703125 0.4384765625 0.33203125
0 0.380859375 0.3896484375 0.3759765625 0.3828125 0.3564453125 0.375 0.3408203125 0.39453125 0.2998046875 0.376953125 0.28125 0.3896484375 0.25 0.4501953125 0.251953125 0.4658203125 0.2539924734375 0.47822264375 0.2569675734375 0.4834344265625 0.2740747046875 0.4871570890625 0.28125 0.4931640625 0.3046875 0.5009765625 0.3203125 0.4951171875 0.34375 0.4384765625 0.359375 0.4248046875 0.380859375 0.3896484375
5 0.5576171875 0.416015625 0.5078125 0.4951171875 0.484375 0.5478515625 0.5126953125 0.572265625 0.537109375 0.5810546875 0.552734375 0.5693359375 0.587890625 0.5087890625 0.578125 0.4326171875 0.5576171875 0.416015625
2 0.1938925984375 0.49577464375 0.2122719 0.5016534 0.2453546421875 0.44213119218749997 0.2365326 0.41567689531249996 0.2265625 0.4326171875 0.1938925984375 0.49577464375
2 0.28578910468749996 0.36497279374999997 0.3408203125 0.259765625 0.320342225 0.251072303125 0.26667464375 0.35688953125 0.28578910468749996 0.36497279374999997
1 0.2568359375 0.3515625 0.2373046875 0.32421875 0.19140625 0.4091796875 0.2275390625 0.408203125 0.25943614375 0.42673403125 0.2669348796875 0.4092447984375 0.275390625 0.3857421875 0.283203125 0.3662109375 0.2568359375 0.3515625
3 0.2548828125 0.349609375 0.2668058984375 0.356938309375 0.3216947390625 0.25108233750000003 0.306665634375 0.2419342796875 0.25390625 0.3427734375 0.2548828125 0.349609375
3 0.1784192546875 0.4862696671875 0.195083165625 0.4945978796875 0.2374372328125 0.4127038140625 0.2255859375 0.408203125 0.216796875 0.4130859375 0.1784192546875 0.4862696671875
2 0.1640625 0.4619140625 0.1583349984375 0.4768913796875 0.17924505468750002 0.487999725 0.21484375 0.4189453125 0.2223719953125 0.40762761249999996 0.1897000828125 0.41220161875 0.1640625 0.4619140625
2 0.2726868484375 0.2595769421875 0.2556974109375 0.2863676609375 0.23740109999999998 0.3229598453125 0.2472027140625 0.3366819296875 0.253083665625 0.35040397031250003 0.262885234375 0.3262269921875 0.306012175 0.2432411390625 0.2870624953125 0.22755878749999997 0.2726868484375 0.2595769421875
5 0.421875 0.5517578125 0.427734375 0.5322265625 0.4169921875 0.52734375 0.408203125 0.5478515625 0.421875 0.5517578125