4 0.573194103125 0.5530530671875 0.5703125 0.5400390625 0.5703125 0.4208984375 0.5244140625 0.4140625 0.4423828125 0.419921875 0.44140625 0.4541015625 0.44112172968749996 0.4797528984375 0.44140625 0.5166015625 0.44178209218750003 0.5642792390625 0.46819660625 0.5655999421875 0.4866866984375 0.56361885625 0.488667784375 0.6283343203125 0.5164029828125 0.627013596875 0.5527228859375 0.626353234375 0.5916842359375 0.625692871875 0.593004959375 0.5550341515625 0.573194103125 0.5530530671875
0 0.672248384375 0.6184288921875 0.7363034859375001 0.6190892531250001 0.7356431234375 0.5748450078125 0.7046061156250001 0.5748450078125 0.5916842359375 0.573524284375 0.5910238734375 0.6184288921875 0.672248384375 0.6184288921875
6 0.5903635125 0.4209806921875 0.5693359375 0.419921875 0.56989229375 0.4909790703125 0.56989229375 0.5530530671875 0.58970315 0.5563548968750001 0.5910238734375 0.5708828375 0.599608578125 0.5722035812499999 0.599608578125 0.5239971437500001 0.600268940625 0.48239434687499994 0.5903635125 0.48305472812500005 0.5903635125 0.4209806921875
1 0.7732837499999999 0.6237117875 0.771302665625 0.5689017515625 0.7455485515625 0.5761657328124999 0.746869275 0.613806359375 0.7732837499999999 0.6237117875
6 0.7285087640625 0.574375403125 0.7369638468749999 0.5748450078125 0.733862165625 0.3762995359375 0.732523815625 0.293767925 0.7240475953125001 0.2942140484375 0.7258320640625 0.3749611859375 0.7265625 0.4208984375 0.7285087640625 0.574375403125
2 0.7659825765625 0.287076171875 0.7414461515624999 0.287076171875 0.7423383859375 0.44143259218750003 0.744122853125 0.5770521046875 0.7699976281249999 0.5703603515625 0.7691053953125 0.49675107656249995 0.7682131609375 0.44812434375 0.7659825765625 0.332133971875 0.7659825765625 0.287076171875
5 0.4866911671875 0.62676175 0.4860727921875 0.5649204515624999 0.4440206578125 0.5649204515624999 0.44340228281250005 0.62676175 0.4866911671875 0.62676175
6 0.59182140625 0.6174855531250001 0.59182140625 0.6273801640625 0.4866911671875 0.6273801640625 0.4440206578125 0.6279985765625 0.444639071875 0.6446957328125 0.5040067359375 0.6446957328125 0.560900746875 0.64407731875 0.5856372750000001 0.6453141453125 0.6134658671875 0.6446957328125 0.6134658671875 0.6174855531250001 0.59182140625 0.6174855531250001
6 0.7289383390624999 0.7025395484375 0.7377840078125 0.7025395484375 0.7364571921875 0.6193423859375 0.7269406734375 0.619649371875 0.728124678125 0.6763080421875001 0.7289383390624999 0.7025395484375
2 0.7450858874999999 0.6134900828125 0.7450858874999999 0.7091205265625 0.7729434515625 0.7091205265625 0.7725276671875 0.665878934375 0.7716960984375001 0.6238846953125 0.7571436390625 0.61723214375 0.7450858874999999 0.6134900828125
3 0.742310334375 0.2638112703125 0.7419255765625 0.2408211890625 0.7385408796874999 0.23980578125 0.728725259375 0.2381134328125 0.7192481078124999 0.23879037187500002 0.724663621875 0.24657517499999998 0.7253405625 0.2550369171875 0.7215173906250001 0.2638112703125 0.25679363125 0.26900953906249997 0.25627380624999996 0.285643928125 0.3628379640625 0.2840844515625 0.726596853125 0.278510290625 0.7261958171875 0.285643928125 0.742310334375 0.286683578125 0.742310334375 0.2638112703125
2 0.7261102984375001 0.2778968609375 0.25654950468750004 0.28561583281249997 0.256401590625 0.2922324265625 0.3068099953125 0.2916874625 0.44604612499999996 0.29032507343749997 0.5296968359374999 0.28896269375 0.7262533796875 0.286165859375 0.7261102984375001 0.2778968609375
2 0.6145156765625 0.23979114375 0.306174003125 0.2441263515625 0.256861021875 0.24575207031250001 0.256861021875 0.2685119078125 0.33203125 0.2685546875 0.7234376890625 0.2636348 0.7250633921875 0.2517129640625 0.7218119859375001 0.23816544999999997 0.6145156765625 0.23979114375