4 0.452323375 0.4845739203125 0.481523965625 0.465764903125 0.5327701796875 0.4224026546875 0.42818823124999994 0.297090903125 0.4047094734375 0.3179675078125 0.3513894203125 0.361482640625 0.35724640625 0.3718189609375 0.452323375 0.4845739203125
5 0.6829958375 0.665965778125 0.657769396875 0.6339261359374999 0.6281383125 0.594672140625 0.5990902421875 0.6208144859375 0.5902717859375 0.6254423296875 0.5817530750000001 0.6279217218750001 0.5576310125 0.6496116546875 0.560631971875 0.67018106875 0.5876815828125 0.7029359015625001 0.61017424375 0.7278104734374999 0.6829958375 0.665965778125
0 0.577534846875 0.5352284078125 0.5762355984374999 0.5475899281250001 0.5997336453125001 0.5750558265625 0.605949459375 0.568765759375 0.577534846875 0.5352284078125
0 0.3212424765625 0.344427315625 0.324041909375 0.33706065625 0.32786906875 0.3313102265625 0.3494855953125 0.3625878921875 0.379219946875 0.3369632703125 0.3592871578125 0.3106187171875 0.348622765625 0.2991788984375 0.3256475578125 0.315728128125 0.318491325 0.317753328125 0.310130471875 0.324464984375 0.3042531125 0.3343096109375 0.3087365953125 0.3445015703125 0.44965477187499997 0.5231763453125 0.45717398124999997 0.5309100234375 0.47625865312500004 0.534304578125 0.530901728125 0.4900554875 0.54825406875 0.5099320703125 0.619650975 0.6018118671875 0.6276023515625 0.5947517328124999 0.5386354046874999 0.482536278125 0.540980840625 0.47167109687500003 0.538352040625 0.460752428125 0.532044434375 0.4652389890625 0.5188927984375 0.47278244999999997 0.508922553125 0.48272007656250004 0.499988253125 0.4893336078125 0.5051794296875001 0.4952680375 0.49570976718750004 0.5045271984374999 0.46975465625 0.5228940078125001 0.4611516 0.5155440671875 0.448325571875 0.499625690625 0.450779771875 0.48759211249999995 0.3503250453125 0.364426953125 0.3372213140625 0.3641595375 0.3212424765625 0.344427315625
5 0.4995246421875 0.4894006953125 0.5394766421875 0.45899047031249995 0.5480079 0.44674089375000003 0.546942378125 0.44313779531249997 0.532906965625 0.424495184375 0.481958834375 0.4668586046875 0.48699447031250004 0.47332762500000003 0.4995246421875 0.4894006953125
2 0.28784644375 0.2201025015625 0.28197177500000004 0.215496209375 0.20957173906249998 0.2733969140625 0.2316384828125 0.30278197812499996 0.303317546875 0.24185604375 0.28784644375 0.2201025015625
2 0.296643059375 0.208528990625 0.2978722015625 0.21004685312500002 0.2975834796875 0.21279385781250001 0.311104034375 0.22949035312500002 0.3124775375 0.2296347140625 0.315224540625 0.22992343593750003 0.33040317343750003 0.217632021875 0.330547534375 0.21625852031249998 0.3268601109375 0.2117049296875 0.32411310625 0.2114162078125 0.3118216921875 0.19623757656250002 0.3104481890625 0.19609321562499998 0.2967874203125 0.20715548749999999 0.296643059375 0.208528990625
3 0.255999865625 0.30434998750000003 0.28857785625 0.2771414046875 0.3143060609375 0.2556040359375 0.3379705296875 0.23658328593750003 0.3317964640625 0.21872177812500002 0.31350139062500004 0.2312969265625 0.2941003859375 0.207832515625 0.28374621875 0.21556814531250001 0.2883032625 0.2211956265625 0.29940376875 0.2349036109375 0.30308163593750004 0.2397565671875 0.30251245 0.2436181125 0.2715524828125 0.2702151203125 0.2456307640625 0.2905956703125 0.23064680625 0.3036088828125 0.2402716578125 0.317794821875 0.255999865625 0.30434998750000003
0 0.315736025 0.2646940765625 0.31956781093750003 0.26787416406250003 0.3276644640625 0.27011383125 0.3367716421875 0.2627389828125 0.33778216875 0.25312446718750004 0.336553028125 0.251606603125 0.33684175 0.2488595984375 0.3343834671875 0.24582387187500002 0.328636553125 0.2458122953125 0.3134801734375 0.2570941625 0.3143625234375 0.26454971562499996 0.315736025 0.2646940765625
2 0.3273979109375 0.27029460312500003 0.3214439 0.268498715625 0.3145454796875 0.264555990625 0.31340989375 0.25727008281249997 0.25989459375 0.3016646890625 0.2406808453125 0.31748839375000004 0.2532300953125 0.33167796875 0.268188409375 0.3187708796875 0.3215930109375 0.27503039687499997 0.3273979109375 0.27029460312500003
5 0.3377479109375 0.39407321875 0.3164472859375 0.37018797812500004 0.30542528281250003 0.38237804375 0.41591260312499995 0.5188185203125 0.42612665312500003 0.504018184375 0.3377479109375 0.39407321875
6 0.7362518578125 0.6688059109375 0.6824486203125 0.6036803749999999 0.6352982015624999 0.548086353125 0.6208315234375 0.5512763640625 0.6076833796875001 0.5587265265625 0.6107195515625 0.5690555625 0.6473554546875 0.6182449171875 0.6841139703125 0.66626975625 0.5980270812499999 0.740243909375 0.6182303921875001 0.766508846875 0.7362518578125 0.6688059109375