4 0.325907128125 0.3824103125 0.2855566796875 0.40065149062499994 0.2855566796875 0.47752490625000005 0.32981200624999996 0.48143372656250005 0.32421875 0.5361328125 0.33203125 0.5634765625 0.501953125 0.5673828125 0.509765625 0.5439453125 0.5078125 0.3857421875 0.4248046875 0.375 0.325907128125 0.3824103125
6 0.54296875 0.5244140625 0.544921875 0.4755859375 0.5087890625 0.47265625 0.5078125 0.5224609375 0.54296875 0.5244140625
0 0.2109375 0.4931640625 0.2333984375 0.55859375 0.310546875 0.5595703125 0.31640625 0.5537109375 0.287109375 0.5361328125 0.2705078125 0.490234375 0.2109375 0.4931640625
1 0.1962890625 0.4921875 0.1611328125 0.4921875 0.1337890625 0.478515625 0.1328125 0.4912109375 0.162109375 0.5693359375 0.173828125 0.5732421875 0.1904296875 0.556640625 0.220703125 0.5576171875 0.201171875 0.4970703125 0.1962890625 0.4921875
6 0.2738420453125 0.48403962656250005 0.2881600109375 0.5296425421875 0.323303915625 0.5504895609375 0.32070058437500004 0.48925136562500005 0.3037109375 0.4921875 0.2738420453125 0.48403962656250005
2 0.1788234203125 0.49576608593750005 0.1957444796875 0.49055434531250003 0.1357421875 0.35546875 0.12890625 0.3662109375 0.1788234203125 0.49576608593750005
2 0.21917375 0.64560415625 0.24520635156249998 0.6482100546875 0.232421875 0.5927734375 0.22265625 0.5634765625 0.2080078125 0.560546875 0.21917375 0.64560415625
3 0.1650390625 0.4921875 0.177734375 0.4912109375 0.1227985890625 0.35245809375000003 0.0980676546875 0.3563669125 0.15625 0.4853515625 0.1650390625 0.4921875
2 0.16796875 0.5849609375 0.1904296875 0.65234375 0.203125 0.6396484375 0.19140625 0.5810546875 0.1826171875 0.568359375 0.16796875 0.5849609375
3 0.22042054531250002 0.64952839375 0.205078125 0.5615234375 0.1865783078125 0.5622314390625001 0.2048010328125 0.643013734375 0.22042054531250002 0.64952839375
2 0.1345132234375 0.4788433046875 0.15794249375 0.489266784375 0.0966796875 0.35546875 0.079844928125 0.35376107343749996 0.1345132234375 0.4788433046875
5 0.4375 0.5869140625 0.44140625 0.5732421875 0.4306640625 0.5703125 0.427734375 0.5849609375 0.4375 0.5869140625
5 0.216796875 0.3818359375 0.220703125 0.3681640625 0.2138671875 0.365234375 0.205078125 0.3798828125 0.216796875 0.3818359375