4 0.501439271875 0.6647088609375 0.520222353125 0.6137022062499999 0.55517256875 0.549752334375 0.5478769875 0.5447961593749999 0.551925146875 0.5386618249999999 0.391162671875 0.46215337031250003 0.3354819890625 0.5709878140625 0.31909987812499996 0.6046594546875 0.4134070140625 0.65119274375 0.418441859375 0.6395072828125 0.4914829421875 0.6742799828125 0.501439271875 0.6647088609375
5 0.4704216703125 0.43475550625 0.46409702656249996 0.42857487812499995 0.47374103281249996 0.40512771093750005 0.43831781718749996 0.3886055421875 0.42008825468750005 0.4214555203125 0.45430900625000004 0.439516771875 0.43708930312499994 0.48059139218749997 0.502452640625 0.51430896875 0.5137670453125 0.5188903093749999 0.53972901875 0.4665973796875 0.4704216703125 0.43475550625
0 0.30967497499999996 0.7007775125 0.36990945625 0.73017591875 0.3885066078125 0.685532446875 0.404860465625 0.6487384578125 0.3471849265625 0.6194405796875 0.3327386859375 0.6506367015625 0.30967497499999996 0.7007775125
6 0.3940842515625 0.676374603125 0.43050534999999995 0.69308491875 0.449758590625 0.6552748546875 0.43782102500000003 0.64986318125 0.4251190734375 0.6761529578125 0.39904785 0.6631244875 0.3940842515625 0.676374603125
6 0.31346682656249997 0.61779373125 0.307945040625 0.63002650625 0.3363032 0.642486675 0.3423128796875 0.631032625 0.31346682656249997 0.61779373125
6 0.387755796875 0.45726463749999996 0.43708930312499994 0.48059139218749997 0.4402458046875 0.472986246875 0.3931458015625 0.448459853125 0.387755796875 0.45726463749999996
6 0.48705710937499996 0.7809108890625 0.49499552187500007 0.770750184375 0.48921655625 0.7662351625 0.48046640781249994 0.7772077265624999 0.48705710937499996 0.7809108890625
2 0.3539643484375 0.7891863875 0.4729440078125 0.8461527671875 0.486366409375 0.8255868749999999 0.3544706015625 0.7628761703125 0.3539643484375 0.7891863875
3 0.354698259375 0.7630188265625 0.4870976265625 0.82549745 0.49594239843750004 0.809944165625 0.361529703125 0.7491959546875 0.354698259375 0.7630188265625
2 0.36038779375 0.7489645109375 0.493608496875 0.8120848921875 0.5003898312499999 0.8008656671875001 0.3671691265625 0.7377452875 0.36038779375 0.7489645109375
1 0.35321845625 0.7671635328125 0.36679115625000003 0.7387867296875 0.30648125 0.7101668734375 0.296760196875 0.731583478125 0.27296538125 0.75137225 0.3334813015625 0.781340834375 0.35203634375 0.790685684375 0.35321845625 0.7671635328125
2 0.2660542015625 0.7043488890625 0.3010722125 0.7204761703125 0.3072124578125 0.7100775031250001 0.27210429999999997 0.6932190765625 0.2660542015625 0.7043488890625
3 0.26004410624999996 0.7188134703125 0.2942407984375 0.73429900625 0.30089190625 0.71901393125 0.267180990625 0.7059951171875001 0.26004410624999996 0.7188134703125
2 0.2484046734375 0.7387902875 0.2741059890625 0.7510623390625 0.293599709375 0.7351195609375 0.26136632187500003 0.7205071515625 0.2484046734375 0.7387902875