0 0.5185546875 0.32421875 0.5283203125 0.33984375 0.5471185265625 0.343387134375 0.5445360671875 0.23478347031250002 0.4794921875 0.236328125 0.48046875 0.3212890625 0.5185546875 0.32421875
4 0.5169208328125 0.5278834265625 0.5537109375 0.53125 0.5625 0.5244140625 0.560546875 0.3505859375 0.5537109375 0.34375 0.4794921875 0.34375 0.4697265625 0.330078125 0.4462890625 0.328125 0.4208984375 0.328125 0.3828125 0.3388671875 0.388671875 0.5263671875 0.404296875 0.5341796875 0.45860801562500003 0.5299681453125 0.459649253125 0.5768739828125 0.5190034031249999 0.5747892625000001 0.5169208328125 0.5278834265625
6 0.4541015625 0.314453125 0.466796875 0.3134765625 0.48046875 0.3076171875 0.4775390625 0.294921875 0.451171875 0.3037109375 0.4541015625 0.314453125
6 0.517400796875 0.3271776515625 0.4795851328125 0.324983234375 0.4521484375 0.314453125 0.3955078125 0.314453125 0.38671875 0.3193359375 0.3916015625 0.330078125 0.419921875 0.3291015625 0.46217609687500005 0.32693922343750004 0.4845176109375 0.34253861875 0.53329436875 0.3414414234375 0.517400796875 0.3271776515625
1 0.4609375 0.1748046875 0.4609375 0.1826171875 0.478515625 0.2021484375 0.4794921875 0.2265625 0.5445360671875 0.2271029984375 0.54296875 0.2001953125 0.564814046875 0.17388817343750002 0.4970703125 0.169921875 0.4609375 0.1748046875
2 0.366418846875 0.20186709375 0.439453125 0.2001953125 0.4743852875 0.199124078125 0.45739562500000003 0.17498539375 0.3647746875 0.1771798109375 0.366418846875 0.20186709375
2 0.474609375 0.2275390625 0.4755859375 0.21875 0.363678546875 0.22161691874999997 0.3642578125 0.228515625 0.474609375 0.2275390625
2 0.5478515625 0.2265625 0.578125 0.2255859375 0.6279296875 0.224609375 0.6267440296875 0.2155822671875 0.544921875 0.2177734375 0.5478515625 0.2265625
2 0.5546875 0.1884765625 0.548920525 0.19692963593749999 0.615234375 0.1962890625 0.6278401687499999 0.199124078125 0.6283881890624999 0.1727909765625 0.5634765625 0.173828125 0.5546875 0.1884765625
3 0.543988046875 0.21887390468749998 0.58203125 0.2158203125 0.628936259375 0.21503364375 0.6267440296875 0.19747825937500002 0.544921875 0.2001953125 0.543988046875 0.21887390468749998
3 0.366418846875 0.2029643140625 0.36532270625 0.21887390468749998 0.392578125 0.2197265625 0.47767360625000005 0.21832528125 0.478515625 0.2060546875 0.4755859375 0.201171875 0.366418846875 0.2029643140625