4 0.62519999375 0.6122687234375 0.6237681140625 0.597921225 0.689327234375 0.550167196875 0.595663821875 0.4095590984375 0.45290946875 0.5070260734375001 0.5490588421875 0.6565588953125 0.5655906875000001 0.65836544375 0.5968827937500001 0.63490275625 0.6148465203125 0.651056803125 0.6323943546875 0.6403985875 0.6383060765625 0.6316992921875 0.62519999375 0.6122687234375
1 0.71716800625 0.7398850171875 0.7148725109375 0.7661702406249999 0.720031765625 0.7685800140625 0.768344665625 0.7371704984375 0.797226996875 0.7188670671875 0.7947410374999999 0.70994234375 0.7706020687499999 0.7038432875 0.7355064 0.72515971875 0.71716800625 0.7398850171875
0 0.6506565625 0.6115893109375 0.6464021468750001 0.6262384234375 0.7086941375 0.7255756109375 0.7222129828125 0.7211688234375 0.75595295625 0.6995888703124999 0.7637474140625 0.6884417078125 0.680440603125 0.559695146875 0.6383410390625001 0.5880916625 0.6506565625 0.6115893109375
2 0.8323394984375 0.697289921875 0.817132178125 0.6768132578125 0.7729846078125 0.7024001578125 0.8039673734375 0.7131426796875 0.8323394984375 0.697289921875
2 0.644830415625 0.78632144375 0.6549615921874999 0.8065806640625001 0.662530621875 0.803831184375 0.7157011640625 0.7691451484375 0.7136660578125 0.7434250578125 0.644830415625 0.78632144375
2 0.6112428140625 0.836069353125 0.6304098609375 0.8243189624999999 0.621370859375 0.8056789562500001 0.5854465375 0.8240204796875 0.5491825109375 0.8296337203125 0.506246965625 0.8138637953125001 0.472905740625 0.7665025125 0.4584240796875 0.7754122265625 0.45710647968749996 0.782190696875 0.4800421265625 0.816194190625 0.52353860625 0.8457528046875 0.5644729421875 0.852302715625 0.5877451640625 0.8483848765625 0.6112428140625 0.836069353125
2 0.45546848593749995 0.7489270046875001 0.17860014531249999 0.3343145703125 0.1578889953125 0.345568046875 0.4356123875 0.75673211875 0.45546848593749995 0.7489270046875001
3 0.4690560078125 0.764943996875 0.45226641250000005 0.748328684375 0.44109207812499995 0.7586598328124999 0.45596333749999995 0.77656914375 0.4690560078125 0.764943996875
3 0.5145726609375 0.7905471562499999 0.1946038765625 0.323159440625 0.1818154515625 0.337023434375 0.4632272484375 0.7563025078125001 0.48714083124999996 0.783479759375 0.5062094390625 0.805542965625 0.52666275625 0.8224424890625001 0.558634275 0.824436371875 0.5569388749999999 0.8114445671875 0.5314442125000001 0.8050819890625001 0.5145726609375 0.7905471562499999
3 0.6129731765625 0.805453528125 0.6899048875 0.757096275 0.7257911171875 0.7317127609375 0.7201048203125 0.7320143734375 0.7343761343749999 0.716498515625 0.7436024703124999 0.7196988515625 0.743564378125 0.7126568625 0.761902771875 0.6979315640625 0.7722212828125 0.7027511125 0.7835176875000001 0.6880639078125 0.8067518171874999 0.6771040796875 0.8031736828125 0.6665601421875 0.5659494703125 0.8113489359375 0.5573902703125 0.8296952265625 0.6129731765625 0.805453528125
6 0.628705071875 0.6593783015625 0.654726775 0.6630294906249999 0.6644420578125 0.6564764484375 0.6567968421875 0.6451419515625 0.645725865625 0.651431471875 0.636197915625 0.6425448421875 0.62889240625 0.643938628125 0.628705071875 0.6593783015625
3 0.6549615921874999 0.8065806640625001 0.6404998140625 0.7868865765625 0.6202786859375 0.8040597421875001 0.6350039828125 0.8223981359374999 0.6549615921874999 0.8065806640625001