4 0.3407038203125 0.4937868328125 0.4557879640625 0.518919728125 0.46777222500000004 0.5226595109375001 0.46634970468750003 0.5291602265625001 0.49126495 0.5363956937500001 0.55651375625 0.5504595218749999 0.59742415625 0.3862865484375 0.3788830609375 0.3344992203125 0.34460302187499997 0.465010228125 0.3407038203125 0.4937868328125
6 0.402986665625 0.5261353296875 0.419500215625 0.546527865625 0.55138563125 0.58009739375 0.550915878125 0.56748636875 0.458486003125 0.5416210125 0.42133762968750005 0.5290460359375 0.4209593140625 0.51434818125 0.404619921875 0.510595925 0.402986665625 0.5261353296875
0 0.5715253453125 0.476056071875 0.5631442421874999 0.5234403015625 0.5582135109374999 0.5599434765625 0.5559332593749999 0.579105021875 0.58404701875 0.5834194734375 0.5081955203125 0.75827128125 0.5470736656249999 0.766285875 0.5693499046875 0.717651159375 0.6445677171875 0.5625545515625 0.6714407765625 0.4750403890625 0.6732781906249999 0.45755855937499995 0.6667859359375 0.45393037031250005 0.6341111640625 0.44792693593750005 0.6230437328125 0.474698746875 0.5715253453125 0.476056071875
5 0.3818418171875 0.31338164062499996 0.38942635625 0.3326517046875 0.5966993828125 0.3818872765625 0.603611975 0.34851326718750003 0.4398697171875 0.309874703125 0.42689694375 0.2856048109375 0.406424871875 0.283453109375 0.3874947234375 0.29476396718750003 0.3818418171875 0.31338164062499996
2 0.56737931875 0.78404704375 0.543185665625 0.7804646078124999 0.5413511328125 0.78750865625 0.6063606375 0.8043805921875 0.6085633390625 0.795882409375 0.56737931875 0.78404704375
2 0.496835646875 0.78076963125 0.50530925 0.7707481140625 0.42784860468749997 0.75605940625 0.393514553125 0.746339925 0.3739263671875 0.733369025 0.29727328750000004 0.6528559515625 0.2807979 0.6393392078125 0.277504915625 0.649905215625 0.29643338125 0.6710648546875 0.3749739203125 0.748319621875 0.4105811265625 0.762537721875 0.496835646875 0.78076963125
2 0.3824907515625 0.72248408125 0.34901225625 0.6630952546875 0.31806062968750004 0.633653 0.2876327640625 0.61168604375 0.284022153125 0.62527408125 0.33916674375 0.6755563125 0.360356296875 0.7005158296875 0.3824907515625 0.72248408125
3 0.370881028125 0.72912058125 0.391446696875 0.7452496187500001 0.430007209375 0.756286284375 0.50190088125 0.7699533828125 0.5075339390625 0.7578874078125 0.4509553109375 0.748012359375 0.40017053125 0.7370003640625 0.3727647046875 0.7153510671875 0.32526059687500003 0.6583836515625 0.28484021406250004 0.6257965453125001 0.28105615156249997 0.6404087656249999 0.3042355109375 0.6607409078125001 0.3322104734375 0.6894337890625 0.370881028125 0.72912058125
1 0.9591856390625001 0.9145266015625 0.9614313671874999 0.8931599203125 0.9605622328125 0.8920866296875 0.945022828125 0.8904533718750001 0.9428762453124999 0.892191640625 0.9312216921875001 0.8909666968750001 0.9280018171875 0.8935741 0.927389346875 0.8994013765625001 0.9291276156249999 0.901547959375 0.9269810328125001 0.903286228125 0.927850165625 0.90435951875 0.9297925921875001 0.9045636765625 0.9315308609375 0.906710259375 0.9412429875000001 0.9077310453124999 0.944719525 0.9120242109375001 0.952489228125 0.9128408390624999 0.9542274953125001 0.914987421875 0.9591856390625001 0.9145266015625
3 0.5432815515625 0.7816007828125 0.6068364078124999 0.7957009015625001 0.6096289875 0.7815904015624999 0.54764149375 0.76503610625 0.5432815515625 0.7816007828125
1 0.5048792125 0.7649064578125 0.49879236562499996 0.7812896453125 0.5396476156250001 0.7912579734375 0.54423443125 0.772534740625 0.5048792125 0.7649064578125