4 0.22007524687500002 0.5142811421875 0.309875359375 0.5566551546875 0.3797371609375 0.60056585625 0.40258710625000005 0.5625371609375 0.440211778125 0.497115034375 0.45128425468750005 0.46731075625 0.43220393125 0.44787110781250006 0.3335188109375 0.3955886265625 0.3053746171875 0.4453496046875 0.2693924203125 0.42636112343750004 0.2474448640625 0.46580927812499995 0.22007524687500002 0.5142811421875
5 0.4599062921875 0.6046490890625 0.4793405078125 0.5647922765625 0.49244108906250006 0.5353333124999999 0.4917764703125 0.5269589359375 0.4449001328125 0.49879279218750006 0.43618804375 0.5038116546875 0.3942765390625 0.569771915625 0.37767095781250004 0.60546518125 0.40261849843749997 0.6203558874999999 0.43905868437500006 0.640596121875 0.4599062921875 0.6046490890625
5 0.6477925765625 0.6446279703125 0.6575214046875 0.6208520890625 0.6548891171875 0.607109825 0.6240635015625 0.59560603125 0.6173459078125 0.6170102015625 0.6097280281249999 0.6326098796874999 0.6199929609375 0.6415957609375 0.6477925765625 0.6446279703125
0 0.2479796609375 0.424022128125 0.23752290468749998 0.44142509218750003 0.18942225937499999 0.41714241249999995 0.15688280625 0.47631129375 0.21943239062500003 0.5095085765625 0.26216569375 0.4325459578125 0.2479796609375 0.424022128125
3 0.22834383906250003 0.2530308328125 0.14618551562499998 0.3910822390625 0.1552245109375 0.398791996875 0.161252909375 0.40013564218750003 0.22261486874999997 0.2980121953125 0.2387217234375 0.26700498281249996 0.22834383906250003 0.2530308328125
1 0.17945587031250002 0.411589846875 0.169554028125 0.4078512234375 0.1605810875 0.4031498421875 0.12559023281249998 0.3670636640625 0.07938449375 0.4476388625 0.08652652968749999 0.44865731875000003 0.1210263671875 0.450018975 0.137430203125 0.46443255624999996 0.1493497421875 0.47088477187500005 0.17945587031250002 0.411589846875
3 0.08582228750000001 0.5029201078125001 0.052612065625 0.5809443703125 0.071458284375 0.5931252140625001 0.12235200312500001 0.472462015625 0.12571111875000002 0.45739101875 0.1156661890625 0.45135541718749994 0.08582228750000001 0.5029201078125001
2 0.0784862625 0.45066198125 0.023030054687500003 0.5663890359375 0.0561601515625 0.580890934375 0.1096341890625 0.4557060578125 0.0784862625 0.45066198125
2 0.3027338453125 0.19690548593749999 0.26086196250000004 0.20022858281249997 0.270892484375 0.2290413359375 0.2913308609375 0.21967543437499998 0.3342086765625 0.2146781828125 0.33689236718750004 0.208315675 0.3027338453125 0.19690548593749999
2 0.4427198484375 0.2388638171875 0.4500738828125 0.2626505046875 0.4681554765625 0.27237573125000003 0.48255825 0.2730547578125 0.511018884375 0.2901556328125 0.5508752968749999 0.295875134375 0.6389661 0.30095523125 0.725052240625 0.29799506249999996 0.7521872375 0.2926528953125 0.7515334250000001 0.2671956546875 0.7622609828125 0.25313419531250003 0.594108834375 0.2580522015625 0.4427198484375 0.2388638171875
2 0.22194304531250003 0.30102639375 0.16225884375 0.3984614875 0.180674546875 0.409526759375 0.2286216546875 0.33352156875 0.22194304531250003 0.30102639375
2 0.128721715625 0.46375712968749994 0.0814320234375 0.5595252734375 0.0794165546875 0.5685678703125 0.0941498375 0.5762812296875001 0.145797375 0.4751565125 0.128721715625 0.46375712968749994
2 0.199205515625 0.2383748203125 0.12577235312499999 0.3605881265625 0.14283720625000002 0.38907037187500004 0.22565428125000003 0.258824003125 0.24542803906250002 0.24108372500000003 0.23137738593749999 0.21327330312499998 0.199205515625 0.2383748203125
3 0.2672064609375 0.2313837125 0.254499453125 0.1975448921875 0.2337233640625 0.21126503749999997 0.25179415 0.238073128125 0.2605026375 0.23874855312499998 0.2672064609375 0.2313837125
3 0.5130271484375 0.2925016109375 0.5110116796875 0.3015442078125 0.523064875 0.3099257875 0.6603924015625 0.3183866125 0.752844653125 0.312415846875 0.754522409375 0.30772749374999997 0.7471611703125001 0.29532938125 0.6205431921875 0.3012785359375 0.5130271484375 0.2925016109375