4 0.5671449796875 0.37347688749999997 0.5163825390625 0.35536461406250003 0.47961862968749996 0.343294665625 0.3668961796875 0.33139719843750004 0.319647528125 0.3305065515625 0.30592924843749997 0.419803534375 0.3598705453125 0.39346749999999997 0.3332895359375 0.49333508750000005 0.4424312546875 0.509660115625 0.4231057609375 0.5138472125 0.43637275937500003 0.5176840875 0.4686934296875 0.5192679828125 0.47337713125 0.514009275 0.49024054218749996 0.5203239125 0.493821275 0.5158963515625 0.504447428125 0.4371774890625 0.558136040625 0.4458924640625 0.5671449796875 0.37347688749999997
5 0.54281719375 0.440931021875 0.5077312593750001 0.43797233437500005 0.498714078125 0.481082240625 0.5064662281250001 0.48907485156249997 0.53077860625 0.491505575 0.5492729515625 0.4862155078125 0.5489070484374999 0.44671769375 0.54281719375 0.440931021875
6 0.31420450624999996 0.4817774234375 0.30868965625 0.48593316093750005 0.3142672265625 0.5093987109375 0.3924473859375 0.5144692578125001 0.40325230312500004 0.5288078671875 0.407920325 0.5166438375 0.4526768453125 0.5209616375 0.44938361562500007 0.5303604015625 0.4648565546875 0.53253498125 0.4698120796875 0.52534215625 0.4874909578125 0.5258544421875 0.4913435125 0.5194927640625 0.4562418984375 0.5096287562499999 0.3357829796875 0.49664399687499994 0.31420450624999996 0.4817774234375
0 0.28826119375000003 0.49095140625000006 0.29460719062499996 0.48789863906250003 0.2955690390625 0.42491959375 0.291413303125 0.4194047453125 0.22963438125 0.4170847421875 0.2327188140625 0.4824283140625 0.28826119375000003 0.49095140625000006
1 0.221241434375 0.4134873703125 0.1880896171875 0.41080050625000003 0.1609806140625 0.3931843484375 0.151869353125 0.3948623234375 0.15559120625 0.4525826609375 0.14903610625 0.4851908328125 0.1603689875 0.488755884375 0.1829877109375 0.4751700234375 0.22470714374999998 0.48004714687499994 0.226819003125 0.436952921875 0.221241434375 0.4134873703125
6 0.303006303125 0.48788441718750003 0.31500429375 0.46906974999999995 0.31992765156249997 0.4235981765625 0.30442090781250003 0.4029984203125 0.2908321203125 0.4186318765625 0.303006303125 0.48788441718750003
3 0.19224940625 0.2653443765625 0.1711294015625 0.25974466406249996 0.16467636875 0.317769453125 0.1803374671875 0.4028078953125 0.19692905624999998 0.4110566484375 0.1999504640625 0.40359200156249997 0.184833009375 0.314685325 0.19224940625 0.2653443765625
2 0.20971333906249998 0.34060332187500003 0.214837978125 0.26959426249999996 0.1910849265625 0.2702006265625 0.1853766546875 0.31081709062499996 0.192329015625 0.3315173765625 0.2013981765625 0.412239253125 0.22374010156250002 0.41537920625 0.20971333906249998 0.34060332187500003
2 0.1786751734375 0.4006019546875 0.164948190625 0.3158353359375 0.173102865625 0.257811815625 0.1501652796875 0.25261582968749996 0.14255425156249998 0.3067711140625 0.1512943484375 0.38491991406250003 0.1786751734375 0.4006019546875
2 0.1919212296875 0.516858096875 0.21458699218750002 0.5239882 0.22361985468749998 0.48778361718749996 0.20399117812499998 0.48009418750000005 0.1984763296875 0.484249925 0.1919212296875 0.516858096875
3 0.1731237015625 0.5102716375 0.18584705625 0.517976746875 0.196814034375 0.482043984375 0.1868559453125 0.4757136671875 0.179406978125 0.4795975828125 0.1731237015625 0.5102716375
2 0.1695272890625 0.5077938750000001 0.17609806875 0.482091025 0.15319184375 0.49070568124999997 0.14658970468750002 0.5025978875 0.1695272890625 0.5077938750000001