4 0.47193344374999996 0.42196683281249997 0.46428305468750003 0.3880182421875 0.3427734375 0.4140625 0.331357525 0.4167072046875 0.314622296875 0.42101055 0.31701304375 0.430573521875 0.3084063546875 0.43344241875 0.3275323296875 0.52572525 0.33984375 0.5263671875 0.3515625 0.5849609375 0.357421875 0.6025390625 0.36328125 0.6044921875 0.42077145937499993 0.58884096875 0.4853515625 0.576171875 0.501953125 0.5615234375 0.47193344374999996 0.42196683281249997
0 0.3330078125 0.544921875 0.314622296875 0.547241971875 0.309362653125 0.5228563546875 0.32421875 0.5185546875 0.3203125 0.4873046875 0.31127525 0.452568409375 0.298828125 0.4541015625 0.29167112500000003 0.4267483421875 0.2801955703125 0.42866092499999997 0.284977034375 0.452568409375 0.2841796875 0.458984375 0.268719984375 0.46356582968750004 0.2294921875 0.470703125 0.2209050171875 0.47456326562499995 0.237162125 0.5395915828125 0.2939453125 0.525390625 0.302734375 0.5595703125 0.30859375 0.5634765625 0.347614603125 0.5568049609375 0.345703125 0.5498046875 0.342833109375 0.5415041796875 0.3330078125 0.544921875
6 0.4765625 0.3994140625 0.473150365625 0.3847583484375 0.46867780000000003 0.38546454375 0.46444063281250003 0.3864061328125 0.46632381875 0.394409678125 0.467500809375 0.39958843437499997 0.4698547921875 0.4094751546875 0.4715025796875 0.41700790468750004 0.4733857640625 0.426423825 0.47479815312499996 0.4316025859375 0.4765625 0.4384765625 0.48256629375 0.43654594687500003 0.485 0.435859375 0.482421875 0.4248046875 0.48046875 0.4150390625 0.478515625 0.4072265625 0.4765625 0.3994140625
5 0.533203125 0.4365234375 0.5341796875 0.427734375 0.55859375 0.4208984375 0.5546875 0.3916015625 0.5498046875 0.3828125 0.5341796875 0.3828125 0.5126953125 0.388671875 0.51171875 0.4013671875 0.51953125 0.4267578125 0.5107421875 0.431640625 0.4814453125 0.435546875 0.4765625 0.4404296875 0.48202303750000003 0.4794315296875 0.490234375 0.5107421875 0.494140625 0.5205078125 0.5 0.5224609375 0.5173619703125001 0.5204246921875 0.5419921875 0.515625 0.55078125 0.5107421875 0.533203125 0.4365234375
1 0.224609375 0.5185546875 0.22004378125000001 0.4996925046875 0.216796875 0.4853515625 0.2153318953125 0.476133215625 0.1943359375 0.48046875 0.1859191484375 0.4817767953125 0.17601477968749998 0.4792299578125 0.1661104109375 0.47696609375000004 0.16186568125 0.477815040625 0.16796875 0.5087890625 0.173828125 0.5263671875 0.1762977609375 0.5409200171874999 0.177734375 0.5498046875 0.18167441875 0.5615777 0.1915787875 0.5573329703125001 0.2014831734375 0.5471456203125 0.21959400156250003 0.5423349265625 0.230064334375 0.540637034375 0.224609375 0.5185546875
3 0.1800566203125 0.444778853125 0.1872068828125 0.4818302140625 0.2034574796875 0.47793007187500003 0.198257309375 0.45257913906249997 0.1959822046875 0.44217875624999997 0.1800566203125 0.444778853125
2 0.179939078125 0.445166540625 0.155734075 0.4508752734375 0.158203125 0.4619140625 0.16015625 0.4716796875 0.16212785000000002 0.4775921171875 0.1748046875 0.478515625 0.183135965625 0.48101735312500005 0.18701790000000001 0.48124569531250005 0.1867895515625 0.477820459375 0.1849627578125 0.4705132890625 0.18359375 0.4638671875 0.181640625 0.4560546875 0.179939078125 0.445166540625
2 0.2075693171875 0.4447098484375 0.20711261875 0.43831606718750005 0.1959235140625 0.44196965937500005 0.19820700468750002 0.4508752734375 0.20026214687500002 0.46183602968750004 0.2027739875 0.4727967859375 0.2036873828125 0.47850550625 0.20985280781250001 0.47645036406249996 0.2153331859375 0.475993665625 0.21282136093749998 0.466859703125 0.211222903125 0.45841079375 0.208984375 0.4501953125 0.2075693171875 0.4447098484375
2 0.18157178125 0.5627107640625 0.1884464609375 0.593848921875 0.2114967765625 0.6989906968749999 0.2248416953125 0.6953511734375 0.2349514578125 0.692924825 0.213923125 0.5918269515625 0.205078125 0.5576171875 0.20300455468749998 0.5469395015625 0.193299159375 0.556644896875 0.18157178125 0.5627107640625
3 0.22265625 0.6279296875 0.2361646328125 0.692924825 0.2523402921875 0.6896896921875 0.2260548703125 0.5728205515625 0.21918018906249997 0.5432999781250001 0.20381331249999998 0.547748290625 0.22265625 0.6279296875
2 0.240234375 0.5869140625 0.23737780625 0.5740337249999999 0.22969439375 0.54046923125 0.2187758234375 0.5424911890625 0.22079775625 0.5489614656249999 0.232421875 0.5966796875 0.234547090625 0.6075982203125 0.240234375 0.6376953125 0.244140625 0.6533203125 0.2535534671875 0.688880909375 0.26285447031250003 0.68605016875 0.250318359375 0.6338836796875 0.244140625 0.6044921875 0.24223050468750001 0.595870865625 0.240234375 0.5869140625