4 0.481839284375 0.3522865125 0.463837465625 0.3754825484375 0.5171191562499999 0.4396922359375 0.45396355 0.4983967015625 0.48623355156250003 0.54136614375 0.45633210156250004 0.561247565625 0.452490446875 0.5704358093749999 0.5580378406250001 0.6863904187500001 0.5683182578125 0.6886128593749999 0.5857168500000001 0.6767894140624999 0.6690205296875 0.5986924734375 0.6634104203125 0.5843068812500001 0.6092619828125 0.5301140906249999 0.645189434375 0.49780599687500005 0.6615720390625001 0.4735177859375 0.6833012328125 0.46225947500000003 0.6909464484375001 0.4509249765625 0.5738010359375 0.32596945625 0.56145055 0.3058594765625 0.546877625 0.2960299140625 0.481839284375 0.3522865125
0 0.7171205234375 0.4191058296875 0.7125613640624999 0.46079263125000003 0.71334879375 0.5155093328125 0.6999379671875 0.5912758140625 0.6857397093750001 0.612325596875 0.660269578125 0.6162931703125001 0.5704930078125 0.6959998328125 0.6250129828125 0.75325474375 0.6498466765625001 0.7817971296875 0.6681063 0.767700215625 0.7053612671875 0.7298719124999999 0.7168603484375 0.7146649390625 0.719362275 0.7056811359374999 0.758534415625 0.5742581515625 0.7708977640625 0.3933641546875 0.7788105234375 0.3540162265625 0.7439741453125001 0.3274156265625 0.725513078125 0.30875723125 0.7210914734375 0.335564915625 0.7163330921875 0.364389128125 0.7171205234375 0.4191058296875
6 0.4257176796875 0.5971063484375 0.43607982187500005 0.608440096875 0.44530071250000003 0.61962470625 0.46106213125 0.6358415625 0.5448174781249999 0.7269469546875 0.5547963609375001 0.7288561703124999 0.56454989375 0.719919371875 0.57524596875 0.7097769203125 0.568645315625 0.700959796875 0.5558616171875 0.688613334375 0.5489756453125 0.6951399765625 0.5425356906250001 0.69824366875 0.538128971875 0.6946507375000001 0.474973134375 0.6235027015625 0.46805397656250003 0.6089056312500001 0.45811858125000005 0.5978597296875 0.4423475671875 0.5834982765625 0.4257176796875 0.5971063484375
1 0.7347917515625 0.3088094875 0.745312184375 0.31714685781249996 0.75867130625 0.32864021875 0.7706110734375 0.3385555671875 0.7801485625 0.34374745624999997 0.786387434375 0.32437178437499997 0.795167628125 0.310434021875 0.8041874296874999 0.305346665625 0.8133943859375 0.2916967921875 0.7841059609375 0.2688383546875 0.7677976203125 0.239741146875 0.7552635109375 0.2425569625 0.750773828125 0.2455918859375 0.7478219234375 0.25134263125 0.7358185109375001 0.2759881796875 0.7274169640625 0.299490734375 0.7347917515625 0.3088094875
2 0.8109080328125 0.31632183125 0.800493190625 0.3076284484375 0.7960027078125 0.31016120156250004 0.7904636218750001 0.3175482703125 0.7862050890625001 0.32468676875 0.7837254921875 0.334137490625 0.779668921875 0.34411684062500003 0.7854440781250001 0.348088421875 0.7952048171875 0.35300364375000004 0.8036270328124999 0.3570160109375 0.81569100625 0.361816296875 0.8233483515625 0.365312753125 0.8281331156249999 0.367705878125 0.8298497656249999 0.3696980109375 0.8353203046875001 0.35086338281249996 0.8427030156249999 0.3333185328125 0.8360994609375 0.3305328609375 0.8280596671874999 0.326778440625 0.818138940625 0.3214772203125 0.8109080328125 0.31632183125
3 0.8034807359375 0.30547235625 0.8006575109374999 0.30718311875 0.805362725 0.3125814734375 0.8153172062499999 0.3191736328125 0.8249900890624999 0.325239478125 0.8347763921875 0.3297767625 0.8421426921874999 0.3331403328125 0.8459979203125 0.3219829875 0.8483064609375001 0.3141390109375 0.8414645546875 0.31135844687500003 0.8343617 0.30794849375 0.8194423734375 0.2987195234375 0.8132031078124999 0.293120678125 0.8072106734375 0.30159237031249997 0.8034807359375 0.30547235625
3 0.7535087578125 0.215739584375 0.74967405 0.19448894375 0.7300426328125 0.19890259999999998 0.7333357328125001 0.21272583906250003 0.736749640625 0.22562168124999998 0.7483518625000001 0.24807611093749998 0.7513997671875 0.24206098125 0.7662646234375 0.239476571875 0.7602705140625 0.2319024625 0.7535087578125 0.215739584375
2 0.71190154375 0.2725587875 0.7192502015625 0.28434896875 0.7277956328124999 0.29629555937499996 0.7316752046875 0.2842692765625 0.737427228125 0.27024615937499996 0.748914096875 0.24972341718750002 0.74734435625 0.242555721875 0.7395386390625001 0.2275536828125 0.730634753125 0.1997370265625 0.7150226625 0.20439627656249998 0.7049862874999999 0.2060680109375 0.688279634375 0.2091169125 0.6928350078125 0.2255310484375 0.6967392640625001 0.23760114531249998 0.7039797234375 0.25582638125 0.71190154375 0.2725587875
6 0.6691284046875 0.380271578125 0.6772053062500001 0.3874708859375 0.6944780828125 0.396544959375 0.7155394015625001 0.410971665625 0.713358184375 0.363560475 0.6927060609375 0.37224421875 0.6729795453125 0.36966606875 0.6573238828125 0.3575694359375 0.6358730687499999 0.3512390171875 0.620462771875 0.35817380625 0.61170239375 0.36381757656249997 0.6249126671874999 0.37850443437500003 0.6397427421875 0.3736538921875 0.6535971796875 0.373921634375 0.6691284046875 0.380271578125
6 0.435193584375 0.48646291250000007 0.44425973125 0.49505370312499997 0.4549712796875 0.4791731796875 0.46317702968749996 0.47067967031249996 0.471185078125 0.46370320937500004 0.4801302953125 0.45900926875000003 0.488641834375 0.46475037343750003 0.5081563390625 0.444248265625 0.503771934375 0.43864706406250004 0.48816395 0.44709888593749997 0.47696180625 0.447794915625 0.4650376578125 0.45403660468749996 0.44475746562499996 0.472283875 0.435193584375 0.48646291250000007
5 0.41055920781250005 0.40548139375 0.43306926875 0.40538086875 0.45946877031250005 0.3819594046875 0.4349551328125 0.3571791171875 0.40968589843750003 0.371939378125 0.41013675312500003 0.38873474375 0.41055920781250005 0.40548139375
5 0.22331139531250002 0.47710584218749996 0.36278609687499996 0.630080078125 0.3833358421875 0.6330325359375 0.4143470234375 0.66811855 0.44940977968749996 0.6401541468749999 0.42509969999999997 0.6146483468749999 0.4149056890625 0.60869371875 0.44104167031249997 0.5839165625 0.45143646718749997 0.5635933468750001 0.46830791875 0.5504782015624999 0.4797566953125 0.5369974484375 0.4505851859375 0.5033082390625 0.331922403125 0.3772066515625 0.27125275625 0.42698639375 0.22331139531250002 0.47710584218749996
5 0.286000496875 0.6548541046875 0.300951221875 0.64491339375 0.31786086562500004 0.6233365703125 0.3116856234375 0.61328158125 0.296811084375 0.6091383140625 0.27440247812499996 0.6458531953125 0.286000496875 0.6548541046875
5 0.6551051046875 0.9179536734375 0.6331885765624999 0.9137723125000001 0.6200444 0.9402448703124999 0.63326163125 0.9503379531249999 0.644370703125 0.9495854859374999 0.6551051046875 0.9179536734375
2 0.6216246234375 1 0 0.56932763125 0 0.6496718234375 0.1816058109375 0.776444396875 0.25951706875 0.8275609265625 0.461823225 0.9628256281249999 0.5157655953125 1 0.6216246234375 1