4 0.5185546875 0.34375 0.5126953125 0.326171875 0.4853515625 0.322265625 0.4775390625 0.310546875 0.3935546875 0.30859375 0.38671875 0.3173828125 0.392578125 0.5634765625 0.3974609375 0.568359375 0.443359375 0.5673828125 0.560546875 0.5615234375 0.55859375 0.3505859375 0.5537109375 0.34375 0.5185546875 0.34375
0 0.4359941 0.235396446875 0.4111328125 0.23828125 0.39745268437500003 0.23960987656250002 0.3984375 0.3017578125 0.3986570984375 0.3094325140625 0.4794921875 0.30859375 0.48176199999999997 0.32327668906249996 0.4950105953125 0.3238785859375 0.49380618125 0.29558837968749996 0.470703125 0.2958984375 0.46851340312499995 0.235396446875 0.4359941 0.235396446875
3 0.3968877296875 0.1974358671875 0.387157725 0.197715709375 0.371014 0.199591978125 0.3481124015625 0.20221876718749998 0.35074043125 0.2209815328125 0.377020953125 0.21535270781250002 0.388763409375 0.2141321046875 0.3966288578125 0.2135273640625 0.3968877296875 0.1974358671875
3 0.46875 0.2021484375 0.4716796875 0.208984375 0.525390625 0.2080078125 0.616656871875 0.2053004703125 0.616656871875 0.187242890625 0.4736328125 0.19140625 0.46875 0.2021484375
2 0.4912109375 0.166015625 0.4775465296875 0.167981471875 0.47265625 0.1865234375 0.46851340312499995 0.192660159375 0.51171875 0.1904296875 0.6172591 0.187242890625 0.616656871875 0.1631661265625 0.5556640625 0.162109375 0.4912109375 0.166015625
2 0.37222581875 0.17462223593749998 0.36375533125000004 0.17462223593749998 0.363957015625 0.20002143437500003 0.3770660859375 0.19881194687499998 0.3966288578125 0.1976024625 0.3818359375 0.173828125 0.37222581875 0.17462223593749998
2 0.36500815000000003 0.218555053125 0.3640707453125 0.22354153281250003 0.365278665625 0.23621863593749998 0.38581338593750003 0.23380394999999998 0.3969866765625 0.2313892734375 0.396484375 0.2138671875 0.3879567046875 0.21380935625 0.3805709578125 0.2159185515625 0.36500815000000003 0.218555053125
2 0.46971781718749994 0.2281734109375 0.53234755625 0.22456189843750002 0.6190656999999999 0.2215522921875 0.6178613265624999 0.2053004703125 0.47032004531249993 0.20891198281249998 0.46971781718749994 0.2281734109375
5 0.5390625 0.5927734375 0.5361328125 0.56640625 0.505859375 0.5693359375 0.5087890625 0.591796875 0.5390625 0.5927734375
1 0.4751280890625 0.1806180515625 0.47591024375 0.1747546984375 0.4786478015625 0.16732775312499998 0.4326171875 0.16796875 0.3817953 0.172796825 0.396484375 0.1962890625 0.3956460828125 0.2329887578125 0.421875 0.2294921875 0.4727288734375 0.2281734109375 0.46971781718749994 0.2034947078125 0.4712172859375 0.1907812015625 0.4751280890625 0.1806180515625
2 0 0.7838467765625 0.37983717499999997 0.7766042546875 0.368922721875 0.369642609375 0.365322534375 0.23950943125 0.365449934375 0.2193930640625 0.350070475 0.22286417812499998 0.347589909375 0.2030292578125 0.364457715625 0.20054988593749998 0.364457715625 0.17476450625 0.30542040937500003 0.187161315625 0.2612664359375 0.200054015625 0.2245541625 0.215921965625 0.1744468703125 0.24021973281250003 0.122320778125 0.272555046875 0.0745748625 0.3148549671875 0.0409356140625 0.3495625328125 0.0170627296875 0.3766778953125 0 0.4037931640625 0 0.7838467765625
0 0 0.9990234375 0.462890625 0.9990234375 0.462890625 0.9775390625 0.4892578125 0.97265625 0.9970703125 0.9765625 1 0.6474609375 0.9677734375 0.650390625 0.9287109375 0.677734375 0.8916015625 0.6796875 0.875 0.6884765625 0.8720703125 0.703125 0.8486328125 0.70703125 0.8134765625 0.697265625 0.80078125 0.6748046875 0.78515625 0.6630859375 0.7802734375 0.640625 0.6708984375 0.640625 0.6630859375 0.65625 0.654296875 0.6552734375 0.654296875 0.6708984375 0.6669921875 0.671875 0.6875 0.6884765625 0.6806640625 0.69140625 0.6748046875 0.68359375 0.6708984375 0.6953125 0.638671875 0.7021484375 0.638671875 0.7685546875 0.6337890625 0.7734375 0.3798828125 0.78125 0.375 0.7724609375 0.37109375 0.6669921875 0.3642578125 0.662109375 0.3125 0.6591796875 0.30078125 0.4931640625 0.271484375 0.4384765625 0.283203125 0.4091796875 0.294921875 0.3994140625 0.29296875 0.3408203125 0.302734375 0.2841796875 0.298828125 0.1982421875 0.2841796875 0.1953125 0.2216796875 0.21875 0.1650390625 0.25 0.158203125 0.2685546875 0.1298828125 0.291015625 0.0966796875 0.298828125 0.0791015625 0.3125 0 0.3974609375 0 0.9990234375