4 0.333984375 0.3681640625 0.3271484375 0.357421875 0.3154296875 0.353515625 0.2177734375 0.359375 0.205078125 0.3759765625 0.203125 0.3896484375 0.20703125 0.5615234375 0.2138671875 0.568359375 0.28125 0.5673828125 0.349609375 0.5615234375 0.349609375 0.4287109375 0.333984375 0.4208984375 0.333984375 0.3681640625
0 0.27788275625000003 0.355081209375 0.2744140625 0.296875 0.2353515625 0.296875 0.2077492625 0.2967696328125 0.21067669531250002 0.3584240015625 0.27788275625000003 0.355081209375
5 0.2841796875 0.568359375 0.28125 0.6337890625 0.33203125 0.6357421875 0.35048426875 0.6361343125000001 0.349609375 0.6123046875 0.349609375 0.5673828125 0.2841796875 0.568359375
1 0.20755976406249999 0.257563759375 0.208984375 0.2861328125 0.244140625 0.2880859375 0.2730391203125 0.2873659234375 0.26953125 0.2373046875 0.19469770625 0.23535825312499997 0.20755976406249999 0.257563759375
2 0.265625 0.2587890625 0.26953125 0.2822265625 0.2744140625 0.287109375 0.38704347031249997 0.2873659234375 0.385874159375 0.24879843125 0.3554730015625 0.23769566874999998 0.26894669375 0.238864396875 0.265625 0.2587890625
3 0.208984375 0.2744140625 0.2080078125 0.2578125 0.19235912500000002 0.259316840625 0.1904296875 0.275390625 0.208984375 0.2744140625
2 0.20703125 0.2880859375 0.2080078125 0.275390625 0.1875 0.2763671875 0.1904296875 0.2890625 0.20703125 0.2880859375
2 0.1865234375 0.236328125 0.185546875 0.2568359375 0.193359375 0.2587890625 0.2060546875 0.2578125 0.20703125 0.2529296875 0.1962890625 0.236328125 0.1865234375 0.236328125
5 0.4462890625 0.501953125 0.439453125 0.5107421875 0.43915507031249995 0.526904240625 0.4161370765625 0.5276975796875 0.414549634375 0.538407696875 0.43994879062500003 0.5364243359375 0.44140625 0.5458984375 0.45264841093749997 0.5518945125 0.4522515375 0.57252140625 0.45741073749999994 0.5752980937500001 0.45703125 0.5107421875 0.4521484375 0.50390625 0.4462890625 0.501953125
5 0.4326171875 0.466796875 0.4296875 0.4697265625 0.4296875 0.4755859375 0.4326171875 0.478515625 0.4384765625 0.478515625 0.439453125 0.4775390625 0.44140625 0.4755859375 0.44140625 0.4697265625 0.4384765625 0.466796875 0.4326171875 0.466796875
5 0.3828125 0.5048828125 0.384765625 0.5107421875 0.3857421875 0.51171875 0.3916015625 0.51171875 0.392578125 0.5107421875 0.39453125 0.5048828125 0.3896484375 0.5 0.3857421875 0.5 0.3828125 0.5048828125
5 0.3515625 0.5361328125 0.3515625 0.5458984375 0.353515625 0.5478515625 0.353515625 0.5498046875 0.3544921875 0.55078125 0.3642578125 0.55078125 0.365234375 0.5498046875 0.365234375 0.5341796875 0.3642578125 0.533203125 0.3544921875 0.533203125 0.3515625 0.5361328125
6 0.3344614 0.3551647171875 0.333083946875 0.42548575624999996 0.345481028125 0.42548575624999996 0.345703125 0.3408203125 0.2761491875 0.3418359078125 0.27569002187499997 0.35240702968750004 0.3344614 0.3551647171875