4 0.501502378125 0.5647201703125 0.46281660156250004 0.390934303125 0.3427734375 0.4140625 0.3061539890625 0.421883553125 0.3275465265625 0.5248473437500001 0.33985455625 0.5216205671874999 0.357421875 0.6005859375 0.37109375 0.6025390625 0.4228515625 0.5859375 0.49476224999999996 0.5741071734375 0.4941761609375 0.56530685 0.501502378125 0.5647201703125
5 0.55859375 0.4208984375 0.5498046875 0.3828125 0.5126953125 0.388671875 0.51953125 0.4267578125 0.4765625 0.4384765625 0.490234375 0.5107421875 0.4935900734375 0.5224786156250001 0.55078125 0.5107421875 0.533203125 0.4365234375 0.5341796875 0.427734375 0.55859375 0.4208984375
0 0.224609375 0.4736328125 0.238527165625 0.5391976984375 0.28515625 0.5263671875 0.32421875 0.5166015625 0.3117971859375 0.4531150421875 0.2783203125 0.4609375 0.224609375 0.4736328125
6 0.2958066703125 0.5251243 0.305061828125 0.5641124140625 0.34671004375000003 0.5560059749999999 0.34362500156250003 0.5432672859375 0.3150882734375 0.5494436140625 0.3093038 0.5208780828124999 0.2958066703125 0.5251243
6 0.28693715468750003 0.4587287171875 0.29966299687500003 0.4564125921875 0.292335984375 0.425530915625 0.279296875 0.4287109375 0.28693715468750003 0.4587287171875
6 0.48449877187499996 0.436281725 0.47482817656250004 0.384066459375 0.46457149375 0.3852398453125 0.4765625 0.4384765625 0.48449877187499996 0.436281725
6 0.28356487812500003 0.6554132625 0.26953125 0.6552734375 0.270670759375 0.6627468750000001 0.28356487812500003 0.6627468750000001 0.28356487812500003 0.6554132625
2 0.23504036562500003 0.6897078796875 0.20325390625 0.547164 0.1822094921875 0.5629632531250001 0.210570565625 0.6917925109375 0.23504036562500003 0.6897078796875
3 0.2532625546875 0.6876232484375 0.21838008125 0.544304265625 0.2032816515625 0.547431225 0.235561015625 0.69022903125 0.2532625546875 0.6876232484375
2 0.2631546234375 0.6855385921875 0.23087530625000002 0.5416984578124999 0.21785943125 0.5432619375 0.250138746875 0.6871020718749999 0.2631546234375 0.6855385921875
1 0.1923828125 0.482421875 0.1621394953125 0.4758544890625 0.17578125 0.5419921875 0.1798410328125 0.562367025 0.199104521875 0.548816859375 0.2298219359375 0.5420417890625 0.2152442046875 0.47689679218750003 0.1923828125 0.482421875
2 0.21576480625 0.47741796875000003 0.2074346875 0.43937327968749995 0.1949394625 0.44145793437499997 0.20379023125 0.4789814484375 0.21576480625 0.47741796875000003
3 0.204831484375 0.47793912031249997 0.1943359375 0.443359375 0.1798410328125 0.44562719843750004 0.18869185 0.4821084078125 0.204831484375 0.47793912031249997
2 0.18765055 0.4821084078125 0.17932043125 0.44771185312500006 0.1569331359375 0.44875415781249994 0.1630859375 0.4765625 0.18765055 0.4821084078125