4 0.488771290625 0.578834615625 0.53096645 0.5665174453125 0.5338773203125 0.5283300390625 0.5412385875 0.5293906296875 0.5429897125 0.520833321875 0.5556902234375001 0.51540820625 0.5608940171875 0.5008707 0.5438422640625 0.44477898906249996 0.5545207515625 0.43180757812500004 0.52749433125 0.34603619218750004 0.5139678359375 0.3446055453125 0.505275078125 0.33480262031249997 0.473067871875 0.3353444203125 0.431193190625 0.352630778125 0.42300593906249995 0.3447144265625 0.3918097453125 0.34902937343749996 0.3391211265625 0.3712353421875 0.33667946875 0.3809886890625 0.393629896875 0.5557991046875 0.400115603125 0.5611383484375 0.46136152968750005 0.540683503125 0.4750597671875 0.5804865828125 0.488771290625 0.578834615625
0 0.42279790312500004 0.2760213609375 0.44023299531250004 0.284492796875 0.45273519375 0.3236053421875 0.4595909546875 0.3227793578125 0.473067871875 0.3353444203125 0.4931296515625 0.33097989375000003 0.4635757 0.23577563750000002 0.4020092953125 0.2512612953125 0.40839584531249995 0.27886936875 0.42279790312500004 0.2760213609375
6 0.3925994359375 0.32556450312499996 0.39531199375 0.331914759375 0.416754840625 0.32515815312499996 0.41202025937500003 0.311261603125 0.3925994359375 0.32556450312499996
5 0.5355727015625 0.26299064687499996 0.5444504859375 0.269710959375 0.5564604640625 0.26548188281249996 0.562995746875 0.2596867109375 0.5598272609375 0.2403154671875 0.55283605 0.23308965 0.537743459375 0.23713369687500002 0.531023146875 0.24601148281250002 0.5355727015625 0.26299064687499996
5 0.49522782187500003 0.2444816796875 0.49430268125000004 0.2598947484375 0.5085197109374999 0.2601293546875 0.5087543171875 0.2459123265625 0.49522782187500003 0.2444816796875
1 0.45701740781250005 0.16979513125 0.3764002359375 0.19341846093749998 0.3672878453125 0.20091517812499998 0.3879410015625 0.2176234421875 0.399248271875 0.2424983609375 0.4233166921875 0.2364528875 0.4607012375 0.22757370156249998 0.45208451250000004 0.20043624062499998 0.46161653906250005 0.1756398796875 0.45701740781250005 0.16979513125
2 0.5449825609375 0.1886874375 0.46059224218750006 0.2133217796875 0.4605426640625 0.2244561953125 0.468594465625 0.22432074531250001 0.551172640625 0.2002487328125 0.5449825609375 0.1886874375
2 0.3924905546875 0.2346026078125 0.299280009375 0.26311835 0.3005043625 0.27239338750000003 0.3162874875 0.26715330000000004 0.39432754999999997 0.2452315171875 0.3924905546875 0.2346026078125
2 0.3618131515625 0.19934908125 0.2875776875 0.2223182921875 0.296189415625 0.24119719375 0.342663228125 0.2297555859375 0.3847412078125 0.217095046875 0.3618131515625 0.19934908125
2 0.534809825 0.150677040625 0.463182634375 0.17016518593750002 0.45639277500000003 0.197125278125 0.5152170125 0.179475890625 0.5430792249999999 0.17004369375 0.534809825 0.150677040625
3 0.385845075 0.21834088125 0.294935925 0.24115829843749997 0.2985092109375 0.26024169218750004 0.3547590765625 0.24471272656249998 0.391294515625 0.23391207343749998 0.385845075 0.21834088125
3 0.5424131703125 0.17330539218750002 0.4539710875 0.199930734375 0.45870566874999996 0.21382728593749997 0.5254262890625 0.1949385375 0.5463195140625 0.19075792656249999 0.5424131703125 0.17330539218750002