4 0.5703125 0.3779296875 0.5625 0.3720703125 0.562103621875 0.3505289265625 0.5104699015625 0.35094514062500004 0.5100534875 0.3809115796875 0.49423025625 0.3825763609375 0.47923982187499997 0.382992559375 0.46424938750000005 0.38049536562499997 0.4455113453125 0.3800791671875 0.3942940390625 0.3817439625 0.3930448265625 0.4092131859375 0.3927556890625 0.4263135765625 0.40899001874999996 0.42571259687499996 0.407787521875 0.522470675 0.407787521875 0.5483129453125 0.4384765625 0.55078125 0.4560546875 0.55078125 0.490234375 0.5673828125 0.490234375 0.6708984375 0.4951171875 0.6796875 0.5087890625 0.673828125 0.576171875 0.6787109375 0.58203125 0.5009765625 0.572265625 0.4892578125 0.5703125 0.4755859375 0.5703125 0.3779296875
0 0.6702525921875 0.5273195421875 0.6533203125 0.529296875 0.6376953125 0.529296875 0.630859375 0.5478515625 0.630859375 0.5791015625 0.6162109375 0.578125 0.5837710656249999 0.5777428171875 0.5832563140625 0.677045784375 0.6007585 0.6873362796875 0.6012732859375001 0.6976267390625 0.6125982421875 0.699684859375 0.6228936593750001 0.7094607453124999 0.63113 0.7303894046875 0.6306152484374999 0.7514848625 0.6285561375000001 0.770007696875 0.6192902578124999 0.8299844875 0.6167164296875 0.8397604265625 0.663045825 0.841303990625 0.666015625 0.8251953125 0.685546875 0.6962890625 0.6856957359375 0.5268050203125 0.6702525921875 0.5273195421875
1 0.61465731875 0.8479928015624999 0.6125982421875 0.8639430296875 0.6064210125 0.8747480281250001 0.5986994578125 0.88040774375 0.6754003546875 0.88092231875 0.6651049015625 0.876806078125 0.6615015 0.8660011140625 0.6625310390625 0.8485073218749999 0.61465731875 0.8479928015624999
3 0.6627522890625 0.8556282187500001 0.661466196875 0.8630197140625 0.677863959375 0.8630197140625 0.692654075 0.8630197140625 0.6923828125 0.84765625 0.6630738234375 0.84727260625 0.6627522890625 0.8556282187500001
3 0.300436365625 0.8474768718749999 0.28610221406249997 0.829186759375 0.28633594375000004 0.7861865515625001 0.2860309515625 0.7322307359375 0.2858076640625 0.6859623921875 0.27661823281250003 0.6758589078125 0.27937507500000003 0.659325946875 0.269726159375 0.646466978125 0.2706451265625 0.6629999390625 0.270476896875 0.7059538625 0.26986691406249996 0.7483869999999999 0.26986691406249996 0.794112265625 0.2704379109375 0.8352834703124999 0.2610937015625 0.8419898390625 0.2678033 0.8520493921875 0.281527490625 0.8654621515625 0.2943367484375 0.87491205625 0.301909040625 0.8630234578125 0.347764325 0.8630234578125 0.49100581875 0.8633283031250001 0.612585634375 0.862413790625 0.61408118125 0.8473430234375 0.45868265468749997 0.8479358593749999 0.300436365625 0.8474768718749999
3 0.26788828593749997 0.5344671484375 0.26834776875 0.5542148546875 0.268807253125 0.5730440515625 0.2692667375 0.588199271875 0.28351030625 0.5863622828125 0.28305082187499997 0.5716663109375 0.28305082187499997 0.5537556078125 0.2825913375 0.5363041359375 0.26788828593749997 0.5344671484375
3 0.265625 0.4189453125 0.279296875 0.4228515625 0.283203125 0.4150390625 0.27734375 0.3994140625 0.2685546875 0.3984375 0.265625 0.4189453125
2 0.6689453125 0.87890625 0.69140625 0.8798828125 0.6904296875 0.86328125 0.662109375 0.8642578125 0.6631593953125 0.8736234812499999 0.6689453125 0.87890625
2 0.49029493906250005 0.8644891124999999 0.4890487375 0.8815122171875001 0.5987136703125 0.880266615625 0.6061908265625 0.8727930609375001 0.6115909875 0.8653195046875 0.6083984375 0.86328125 0.49029493906250005 0.8644891124999999
2 0.296875 0.8720703125 0.2998046875 0.876953125 0.3134765625 0.880859375 0.47265625 0.8798828125 0.47265625 0.8662109375 0.4697265625 0.86328125 0.3037109375 0.86328125 0.296875 0.8720703125
2 0.287109375 0.8271484375 0.29296875 0.8369140625 0.3017578125 0.845703125 0.30641311718750003 0.845339175 0.3046875 0.6923828125 0.2900390625 0.68359375 0.287109375 0.6865234375 0.287109375 0.8271484375
2 0.26788728125 0.5270400125 0.26664107812500004 0.444830903125 0.26582785000000003 0.39133894062499996 0.26837514375 0.2403869375 0.27092240312500004 0.1678403828125 0.261242734375 0.174969340625 0.252072503125 0.1910396015625 0.252581940625 0.2531172234375 0.25156303125 0.40610606562499996 0.2521021484375 0.4913330328125 0.2521021484375 0.55613018125 0.251953125 0.6396484375 0.251953125 0.8173828125 0.2533483515625 0.8278829390625001 0.2578125 0.8349609375 0.26082550625 0.8428300500000001 0.2695488640625 0.834941284375 0.27037965625 0.8249765531250001 0.271484375 0.6708984375 0.26788728125 0.58270280625 0.26788728125 0.5270400125
5 0.47265625 0.6435546875 0.48828125 0.6494140625 0.4921875 0.6201171875 0.4814453125 0.61328125 0.474609375 0.6201171875 0.47265625 0.6435546875
5 0.5115964796875 0.3759340625 0.5146484375 0.345703125 0.5009765625 0.34765625 0.4951171875 0.357421875 0.4794921875 0.345703125 0.442737871875 0.34933282656250003 0.442737871875 0.380578734375 0.4803355265625 0.38184545625 0.494698671875 0.3831121921875 0.493853784375 0.3759340625 0.5115964796875 0.3759340625
3 0.48993379218750005 0.88080625 0.48993379218750005 0.8634648671875 0.4734102296875 0.8634648671875 0.47423643281250005 0.882044915625 0.48993379218750005 0.88080625