4 0.5436542765625 0.6009643890625 0.548807546875 0.566188403125 0.5568340984375 0.43798570625 0.4896871421875 0.4325569640625 0.461783228125 0.43185348437500004 0.43412464531249995 0.43329954375 0.4282817375 0.45110428125 0.418704946875 0.5232553390625 0.41679287656249997 0.5873874921875 0.4770775546875 0.5944105625 0.5436542765625 0.6009643890625
0 0.4298123796875 0.4273001953125 0.47038386406250005 0.428494453125 0.471376834375 0.4066985734375 0.4505177015625 0.40452852031250003 0.329097203125 0.393440796875 0.3249958953125 0.43093950625 0.42716910312499995 0.43830631093749994 0.4298123796875 0.4273001953125
1 0.31904424531250003 0.39360668906249996 0.3187825765625 0.38924721406249996 0.3148763265625 0.38248139062500003 0.2891083625 0.376516534375 0.2855460703125 0.3877818703125 0.28312411718749997 0.4050075609375 0.2825618671875 0.423461725 0.2798331046875 0.44115230937499994 0.28963523593749996 0.442687315625 0.2934551890625 0.44108201718749995 0.29852955625 0.43815232968749995 0.306287621875 0.435662990625 0.314077153125 0.42972684531249994 0.3162547859375 0.42002520312499997 0.315731446875 0.4113062546875 0.31904424531250003 0.39360668906249996
2 0.3028443328125 0.3797286890625 0.31279516093750004 0.3800267671875 0.315250615625 0.3633572546875 0.31717935625 0.3397976125 0.3174725203125 0.3298441484375 0.3049936203125 0.3284224 0.30466935 0.33407058749999996 0.3022999375 0.34914743125 0.3021083828125 0.3605343984375 0.300225371875 0.372897928125 0.2980369828125 0.3758855046875 0.3028443328125 0.3797286890625
3 0.31662753125 0.34731045625 0.3159553125 0.36208707812499996 0.31409131874999996 0.36940296875 0.31357630937500003 0.381877925 0.318326075 0.386617675 0.3205648171875 0.3830229796875 0.3212988140625 0.3748293796875 0.3232634921875 0.3618521375 0.32443160937500004 0.3521566265625 0.32488483281249997 0.345129134375 0.32711653281249997 0.3306071265625 0.31849346875 0.33011802343749996 0.31816678593750003 0.33951527812500004 0.31662753125 0.34731045625
2 0.302793253125 0.44358414531249996 0.2961232078125 0.4417969109375 0.2893573828125 0.4457031609375 0.285697096875 0.479205684375 0.28606569843749996 0.48532382187499995 0.2849465828125 0.4888446796875 0.29757178125 0.49508716406250003 0.30048355312499997 0.48937380937499997 0.304746378125 0.44696705625 0.302793253125 0.44358414531249996
3 0.30344992187500003 0.4367257984375 0.2938341953125 0.4419896625 0.303852034375 0.44340012812499996 0.3057400140625 0.4506554484375 0.3027997546875 0.47595017031250003 0.299361053125 0.5003815890625 0.30596109843749997 0.5043408765625 0.31391855 0.439416225 0.312327425 0.432175909375 0.30344992187500003 0.4367257984375
3 0.298994690625 0.5698173421875 0.2991936671875 0.5568812546874999 0.28924705 0.564062775 0.28877691875 0.56922631875 0.2889581078125 0.5814958484375 0.2882969546875 0.58839769375 0.2830157765625 0.62550226875 0.2914566515625 0.6266721171875 0.2967542328125 0.58351488125 0.298994690625 0.5698173421875
2 0.288705475 0.5645633875 0.2756209671875 0.570295171875 0.27354527812499996 0.5866814687499999 0.269029128125 0.6251322703125 0.282082690625 0.6267085140625 0.288705475 0.5645633875
5 0.5596933328125 0.6251618031249999 0.5285400484375 0.6256046890625 0.5030910890625 0.635970546875 0.50138261875 0.64720874375 0.5661345609375 0.6528819203125 0.5596933328125 0.6251618031249999
5 0.5801338109375 0.4063739578125 0.5778933546875 0.420071496875 0.5831336125 0.4271947671875 0.60215948125 0.4325140921875 0.6010503984375 0.3976806734375 0.5883294218749999 0.397131671875 0.5801338109375 0.4063739578125
5 0.58705865 0.49258687968750003 0.5772673609375001 0.4971122453125 0.575498915625 0.5624085812499999 0.59026879375 0.5606470125 0.5978452875 0.5483792609375 0.5949669281250001 0.50042504375 0.58705865 0.49258687968750003