5 0.38902544843750003 0.6767319625 0.3601429109375 0.6573655484375001 0.3471167421875 0.6646784625 0.32833043281249996 0.6985066062499999 0.3467416546875 0.7140876265625 0.38389229999999996 0.7020166515625 0.38702725937500004 0.6958639484375 0.38902544843750003 0.6767319625
5 0.46315212812500006 0.5942417859375 0.4516029625 0.5519488484374999 0.4073267734375 0.564142446875 0.41947027031250006 0.6150128078125 0.43901471875000003 0.6820526546875 0.49363924062500003 0.6610784328125 0.47747914687500004 0.6180910374999999 0.46315212812500006 0.5942417859375
4 0.5633815765625 0.57181975 0.614835815625 0.5468867046875 0.5871428984375 0.45217600312500006 0.6243404296875 0.43392888125000006 0.5966160328125001 0.343672075 0.5873832953125 0.33914785 0.5137162546875 0.361837278125 0.484289503125 0.37249493125 0.4023312953125 0.396932125 0.40279028125 0.40939394218749997 0.4253795578125 0.48811215781249995 0.393473209375 0.4976471828125 0.3872267359375 0.506864515625 0.40161813593750006 0.56379758125 0.4258205359375 0.5603260671875 0.4473825640625 0.556115546875 0.4625416140625 0.5932896359375001 0.4686943171875 0.59642459375 0.5633815765625 0.57181975
6 0.6309060203125 0.451375553125 0.6458631687499999 0.44644527187499994 0.6489981265625 0.44029257031249996 0.638737796875 0.408714521875 0.6293101578125 0.41261628124999994 0.6357625390625 0.4340864640625 0.6286356 0.4376673875 0.610490840625 0.4433451453125 0.610750840625 0.45059252499999997 0.590062178125 0.4578383828125 0.5901137578125 0.46763980937499994 0.5958749953125 0.48056377968749997 0.6115501875 0.5320306546875 0.6147823546875 0.5419782453125 0.6309118953125 0.533595215625 0.60562445 0.45849280625000005 0.6309060203125 0.451375553125
0 0.597812871875 0.3462141265625 0.6002453625 0.3534514453125 0.619558925 0.41289247656250005 0.7389631484375 0.37629495625 0.7156411687500001 0.30792939218750004 0.700598990625 0.3146836625 0.597812871875 0.3462141265625
1 0.7560849703125 0.38292701875 0.763718215625 0.387653128125 0.7311228078124999 0.28904083125 0.7215329859375 0.30047171562499997 0.7488888625000001 0.38113881875 0.7560849703125 0.38292701875
2 0.7770610609374999 0.4682272765625 0.78833865 0.4643216859375 0.782942034375 0.44681796093750004 0.7632168187499999 0.3878160421875 0.7486019828125 0.3803694109375 0.7616350781250001 0.42048115625 0.7688032890625001 0.44254263906249997 0.7750101593750001 0.4611726703125 0.7770610609374999 0.4682272765625
3 0.7946249843750001 0.4804829265625 0.7902915687500001 0.4636481625 0.7829330953125 0.4661968859375 0.777290925 0.46864318593750004 0.7823287109375 0.48509127812499997 0.7946249843750001 0.4804829265625
6 0.7788963015625 0.5054576921875 0.7731902078124999 0.4828841125 0.7679007515625 0.4699461953125 0.73906201875 0.3761776703125 0.72252756875 0.382092875 0.7502991265625 0.46589426562499997 0.7736037234375 0.5359476578125 0.77841615 0.5256986343750001 0.7788963015625 0.5054576921875
6 0.7012259828125 0.31345312187499996 0.7148557 0.30799774062499996 0.69954955625 0.25965090625 0.6844255796875001 0.26423920624999997 0.6885280140625001 0.2775330171875 0.7012259828125 0.31345312187499996
2 0.7109825015625 0.24867392187499998 0.7053296312499999 0.2503247890625 0.7145230125 0.27775237812500003 0.721723596875 0.299913496875 0.7260712218750001 0.2951122296875 0.7321295859375 0.29033680781250004 0.717639225 0.2466067859375 0.7109825015625 0.24867392187499998
3 0.7859385609375 0.5235791421875 0.783226275 0.536624809375 0.7759687484375 0.5517265890624999 0.778679353125 0.5618517359374999 0.779123946875 0.5721339015625 0.775390225 0.5820359125000001 0.7721936687500001 0.5900256171875 0.7637444624999999 0.6014597796875 0.7540903578125 0.6109684140625 0.7418297890625001 0.6195861500000001 0.729241909375 0.6254139703125 0.69780535 0.6356283281249999 0.5867324359375 0.668968090625 0.5369814109375 0.684407653125 0.49961124999999995 0.695970715625 0.447059971875 0.710728634375 0.2979462328125 0.7545445703125 0.3039178328125 0.7711404953125001 0.6850409890625 0.6555084390625 0.703436471875 0.6511763671875 0.7071156171874999 0.6714134578125 0.7261477890625 0.6658087765625 0.71908011875 0.64650209375 0.7444820203125 0.636194878125 0.7621709453125 0.6251412984375 0.774628234375 0.6135633609375 0.786614475 0.5951873765625 0.793911675 0.574859396875 0.7937563484375 0.5494225859374999 0.7859385609375 0.5235791421875
5 0.41848809375 0.7010439828125 0.3578165203125 0.719730553125 0.3324380609375 0.7269496953125001 0.33301816562500003 0.7318952999999999 0.340981515625 0.74060285625 0.34901519375 0.74004619375 0.4282620890625 0.7153241343750001 0.41848809375 0.7010439828125
2 0.3296852734375 0.7274334687499999 0.31820479375 0.7305475453125 0.2918043953125 0.7374247015625001 0.2988238796875 0.7536801484375 0.3138479703125 0.74821925 0.33147856249999996 0.74364925625 0.3412500078125 0.741632834375 0.3296852734375 0.7274334687499999
2 0.7706086156249999 0.5922784015625 0.7783900906250001 0.5770063984375 0.777972009375 0.56324008125 0.7777108796875 0.551739790625 0.7729292078125 0.5619823015625001 0.758139790625 0.5824276078125 0.7453155796875001 0.5964418109375 0.7276453203125001 0.6062380218750001 0.6951608765625 0.6167928578125 0.65919229375 0.627321228125 0.6036675984375 0.643624525 0.522116015625 0.6689637453125 0.45594225625 0.6881478578125 0.428356734375 0.695952440625 0.41595234999999997 0.7005621265624999 0.4226974796875 0.7070593515625 0.42627985781250005 0.7156619921875 0.49019353906249996 0.6972929453125001 0.681576353125 0.639163678125 0.7219067124999999 0.6277973203125 0.7418297578125 0.6195861593750001 0.7572472375 0.6082049125 0.7706086156249999 0.5922784015625
2 0.333934496875 0.7843277578125 0.3535367859375 0.778380828125 0.707167275 0.6698823640625 0.7022850140625 0.651325953125 0.6743648671875 0.6587580046875 0.44112415625 0.7296277296875 0.3365236640625 0.761107425 0.303047971875 0.7711398578125 0.309491271875 0.79226984375 0.333934496875 0.7843277578125
2 0.7259687203125 0.6651717265625 0.7529785906249999 0.6560241828125 0.778427378125 0.639540821875 0.7884931875000001 0.6277655203125 0.7993979515625 0.6132439296875 0.8090093156249999 0.597772771875 0.8153730046875 0.5731150765625 0.8161640968749999 0.5502680265625 0.8072890421875 0.5210487265625 0.7940511734375 0.48112913281249997 0.78283865625 0.485375371875 0.78501249375 0.5000843749999999 0.7858752703125 0.5209433203125 0.79452414375 0.5531919984375 0.7944630125 0.57126785 0.7904900953125 0.5871055968750001 0.7845192359375 0.5994672796875 0.771718915625 0.616870515625 0.7611383046875 0.625736290625 0.7457168656250001 0.6357407265624999 0.7404733218749999 0.6383129203125 0.7198430359375 0.6463188109375 0.7259687203125 0.6651717265625
5 0.4866136609375 0.3513535171875 0.49081506093750005 0.367444315625 0.501983696875 0.36073495 0.49775885468750003 0.3477322234375 0.4866136609375 0.3513535171875