4 0.47864559843750004 0.5610940421875 0.48047342656250003 0.54004134375 0.49759595 0.5365779671875 0.5100769281249999 0.5255874828125 0.505267071875 0.5194311484374999 0.4854030015625 0.5225579046875 0.46842449375 0.513516009375 0.46169034531250003 0.48903468749999995 0.47518723593749995 0.47151186406249995 0.49850603125 0.4586092984375 0.5235773890625001 0.47301487187499996 0.552244975 0.44849275000000005 0.5471986734375001 0.42162872812499996 0.515075878125 0.38288300625 0.4882850546875 0.3517647171875 0.47868963906250006 0.35058654843750003 0.4410541 0.373794275 0.4085650375 0.4004167890625 0.41683826875 0.423695646875 0.35323091562500003 0.47710898437499993 0.40512946562499996 0.5530533 0.48660858281249997 0.651228215625 0.5026991890625 0.6752991015625 0.5290207765625 0.653377284375 0.571546471875 0.6174383640625 0.5418048734375 0.6176039984374999 0.5333260890625 0.5998001890625 0.5086836140625 0.593596940625 0.4904163921875 0.5831114281249999 0.47864559843750004 0.5610940421875
0 0.40414636249999997 0.38536275625 0.41049578281250004 0.3949834234375 0.425663265625 0.3858189140625 0.37722809375 0.3269971203125 0.33440248125 0.289372621875 0.330043975 0.291983409375 0.3224232953125 0.298038875 0.340703153125 0.315362578125 0.37333267187499997 0.347390415625 0.3949770203125 0.37509391875000003 0.3671052078125 0.39810904062499997 0.36942959375 0.40665391093750003 0.3856713890625 0.42821747187500003 0.3433322328125 0.46437177500000004 0.35097229531249996 0.474150609375 0.40024497031250006 0.4341812015625 0.40108651875 0.42732733281249996 0.383217871875 0.40287030625 0.40414636249999997 0.38536275625
1 0.298446475 0.27478983125 0.3152003953125 0.2920486328125 0.3266123546875 0.284533340625 0.30960208906250003 0.26581899062500003 0.298446475 0.27478983125
2 0.31046459843749996 0.2651760875 0.318332846875 0.2762763203125 0.3257423203125 0.2847306796875 0.44938196875 0.1897931796875 0.432545790625 0.168946134375 0.3601680625 0.22659061406249997 0.31046459843749996 0.2651760875
2 0.29808610625 0.274476734375 0.281154759375 0.2869639921875 0.20363960468750003 0.3471549765625 0.18954913125 0.35853415312500003 0.2058264 0.378419265625 0.2760771203125 0.3231629078125 0.3149245546875 0.29318244375 0.29808610625 0.274476734375
2 0.18892773125 0.35893356875000004 0.17973761093750001 0.3777698484375 0.17532422812499998 0.38931139843749996 0.17366794218749998 0.40582431249999995 0.18094547968750002 0.41838612499999994 0.25707856093750003 0.5125850375 0.27658906562499996 0.523356128125 0.29164328125 0.5140730375 0.297799615625 0.5092631828124999 0.294754796875 0.49363969374999994 0.2580940140625 0.44733892812500003 0.21360615156249999 0.3897741640625 0.20342722812499997 0.376745734375 0.18892773125 0.35893356875000004
5 0.48269646875000005 0.7139979656250001 0.53123361875 0.777860609375 0.5703476421875 0.7486609203125 0.6405508984375 0.6883812328125 0.612622971875 0.6536680328125 0.5932395359375 0.6415479703125 0.48269646875000005 0.7139979656250001
6 0.7563130109375 0.6393078421875 0.7809383484375 0.620068421875 0.7802408140625 0.6144170171875001 0.709824671875 0.53063326875 0.700114821875 0.5368500796875 0.6927507390625001 0.55636564375 0.7208594046875 0.591805378125 0.7481550703125001 0.63147630625 0.7563130109375 0.6393078421875
6 0.7381783578125 0.633039621875 0.7052852203125 0.65732468125 0.64695535625 0.7033682531250001 0.6181975375000001 0.7263076093749999 0.5382936765624999 0.7851228015625 0.5435845328125 0.7918947890625 0.547165521875 0.7968457671875 0.569562940625 0.7809204265624999 0.5774360421875 0.7771690203125 0.7151375984375 0.6720594875 0.756793828125 0.6387610031250001 0.7493744703125 0.634220421875 0.7437052078125 0.6268364125 0.7381783578125 0.633039621875
3 0.49659639999999994 0.8096645406249999 0.4929202453125 0.8067968515624999 0.488626075 0.8024030718749999 0.478979934375 0.7904240687499999 0.4754209796875 0.786603853125 0.469676446875 0.7913789625 0.475284821875 0.7981898609375 0.4975180265625 0.8244419953125 0.5009768 0.827766515625 0.5038175453125 0.8295649546874999 0.507249253125 0.829179734375 0.5252180906249999 0.8154279343749999 0.542412625 0.8014201062499999 0.5319701515624999 0.7880543484375 0.5272342812499999 0.7911804296875 0.50894791875 0.8048933140625 0.5013983828125 0.8099306828125 0.49659639999999994 0.8096645406249999
2 0.5020216015625001 0.8081843234375 0.51564540625 0.79877355 0.5295805890625 0.7887084062499999 0.48390759375 0.7302496390625 0.47432028437499996 0.7837835140625 0.483463203125 0.7939065828125 0.49235071406250003 0.8042292015625 0.49742418906249997 0.8080163031250001 0.5020216015625001 0.8081843234375