4 0.41505476718749995 0.6603074203125 0.4270379390625 0.692951909375 0.476470546875 0.6956648953125 0.64501368125 0.685738309375 0.649654528125 0.64617346875 0.6418667890624999 0.51529075625 0.5615768953125 0.515900271875 0.5425386828125001 0.530250753125 0.51537301875 0.5316922796875 0.4673819375 0.55614495625 0.4633446390625 0.593852265625 0.43188380468750004 0.5990322984375 0.42271335781249997 0.61145491875 0.4223442390625 0.6441931796875 0.41505476718749995 0.6603074203125
5 0.3077982640625 0.52585626875 0.321615525 0.5560162328125 0.3358253484375 0.556526009375 0.3585082984375 0.5341184078125 0.36902650000000004 0.5365091609375 0.36579776875 0.5180041671875 0.352121165625 0.5063726390625 0.3730169125 0.49262570625 0.37039173124999997 0.47226318125000005 0.3427631765625 0.4940906765625 0.3088647046875 0.5036127671874999 0.289709275 0.5025228828125 0.2872950796875 0.5099530125 0.295445971875 0.5259500390625 0.3077982640625 0.52585626875
0 0.4772283234375 0.8289395203125001 0.4803762671875 0.8455178609375 0.49559787968749996 0.84193323125 0.528789071875 0.8386675421875 0.55039133125 0.8401668796875 0.5465235515625 0.7297215015625 0.5388355515625001 0.6933385046875 0.45794210937499996 0.695805553125 0.4289445640625 0.6963338875 0.43009792812500003 0.7283214671875 0.43730196875000005 0.7617732234375 0.44982670625 0.7803947078125 0.46153232656250004 0.79072136875 0.47191072656250005 0.8051329078125 0.4772283234375 0.8289395203125001
6 0.595197678125 0.690639665625 0.5849889328125 0.689831621875 0.579303278125 0.6965146718749999 0.5568628359375001 0.7037752640625 0.5422194218749999 0.7040352375000001 0.5448253234375 0.717426740625 0.5739063046874999 0.7098148109375 0.5862909390625 0.71032628125 0.59019601875 0.705919259375 0.595197678125 0.690639665625
6 0.4118085609375 0.720861778125 0.4297568921875 0.7256667265625001 0.4288110359375 0.7098388578125 0.41944592968750005 0.7093048953125 0.41484663906249997 0.700283625 0.41446996562500005 0.6906272109375 0.4112286015625 0.6619755453125 0.4110184546875 0.6348105546875 0.410672528125 0.60960859375 0.398299553125 0.610606278125 0.397870078125 0.6721870156249999 0.398759203125 0.6895368203125 0.40147639062499996 0.7089859328125 0.4118085609375 0.720861778125
5 0.5201076375 0.5044797296875 0.48551184531249997 0.5035070625 0.4800095765625 0.5109606343750001 0.48080066875 0.5338076843749999 0.4915318671875 0.539335278125 0.531381084375 0.5292050875000001 0.5414856593749999 0.5138976671875 0.5331159671875 0.5041265875 0.5201076375 0.5044797296875
5 0.461229234375 0.559279915625 0.4723041 0.5536369890625 0.47592539218749996 0.542491796875 0.46847182031249995 0.536989528125 0.4475291890625 0.5445603140624999 0.4426773546875 0.5563325 0.461229234375 0.559279915625
5 0.6551046671874999 0.714936853125 0.64905540625 0.7059197171875 0.65017088125 0.7005126609375 0.6578411703125 0.6946711796875 0.6776939734375 0.692788040625 0.675110525 0.6829738437499999 0.6617677734375 0.678638521875 0.6487287453125 0.68694540625 0.6359135625000001 0.707425146875 0.640929496875 0.717269471875 0.64975484375 0.721532309375 0.6551046671874999 0.714936853125
5 0.591057440625 0.7380305265625 0.5966769234375 0.74601731875 0.6065681328125 0.74717753125 0.6150661421875 0.73961863125 0.6163402296875 0.72977573125 0.6095522953125 0.725005975 0.5946787328124999 0.726885334375 0.591057440625 0.7380305265625
6 0.6572558703125 0.8703457562500001 0.6320915546875 0.8567559546875 0.6073332140625001 0.84704580625 0.57683870625 0.8408852953125001 0.5576588859375 0.8396503953125001 0.5993360484375 0.8498608015625001 0.6268740421875 0.86255619375 0.6552044234375 0.8805060625 0.6671698234375001 0.8885580140625 0.670342028125 0.877512628125 0.6572558703125 0.8703457562500001
3 0.5676414328125 0.8499997578125 0.558862134375 0.84727313125 0.553590528125 0.84702138125 0.54979691875 0.848000771875 0.5510110593750001 0.85582590625 0.557039928125 0.8554263328125 0.563646390625 0.8562941500000001 0.569466146875 0.856397846875 0.5777618906249999 0.8579555890625 0.5906530453125 0.859766671875 0.6047448609375 0.8647146078124999 0.633112978125 0.87541018125 0.6242783281250001 0.8693999140625 0.6140203718749999 0.8645900046874999 0.5941282078125 0.8569134421875001 0.5831999890625 0.8533626484375001 0.5747062656249999 0.8506621937500001 0.5676414328125 0.8499997578125
2 0.6472486546875 0.907722153125 0.6633001515625 0.91768655 0.6703845828125 0.8988917265625 0.63074125625 0.8738580562499999 0.6153665328125 0.8673556937500001 0.5954582312500001 0.86088709375 0.5789251375 0.8570219781249999 0.5567815859375 0.8546489062499999 0.550257421875 0.8552413390625 0.552208521875 0.8612998140625001 0.5612316421875 0.8772282328125 0.5884441921875 0.8819628515625 0.6063740484375 0.8873374171874999 0.621857228125 0.893875015625 0.6472486546875 0.907722153125
1 0.47821753125 0.8809726171875001 0.47089604218750003 0.8962548984375 0.4673991953125 0.902183175 0.4768972984375 0.8934951812499999 0.4958512546875 0.8859172093750001 0.5202479796875 0.87971524375 0.54419246875 0.87611363125 0.561328290625 0.877756690625 0.55498678125 0.8670618687499999 0.5496376656249999 0.847270178125 0.5315608546874999 0.8461063140625 0.5153031140625 0.8479296875 0.4982758609375 0.848242890625 0.4803600546875 0.8526259296875001 0.47933445625 0.8727011671874999 0.47821753125 0.8809726171875001
2 0.45751459375000003 0.8835744453125001 0.43820605625000003 0.8989772687500001 0.446709996875 0.9168967453124999 0.44946638906249997 0.9143103375000001 0.45498325156249997 0.9096611484375 0.4595238859375 0.9074803765624999 0.46890406718750005 0.9011267484375001 0.4732790578125 0.897847546875 0.472778071875 0.8952965171875 0.47485426875 0.8889066437500001 0.47698818750000005 0.8823364703125 0.4796016609375 0.8767127046875001 0.48025720781250003 0.869861234375 0.46735891875 0.8785585109375 0.45751459375000003 0.8835744453125001
3 0.4659877203125 0.860657065625 0.45517975312500003 0.8667086203125001 0.4487755640625 0.8712123859375 0.440099959375 0.8766242656250001 0.43345004062500003 0.881377415625 0.4383917609375 0.8991153687500001 0.4439021578125 0.8943211984375001 0.4486231671875 0.8899290015625001 0.45537367968750003 0.88537315 0.45997567500000003 0.8823204609375 0.467255203125 0.8782044750000001 0.4738121984375 0.8742442046875001 0.47933024375000005 0.8704402109375 0.4793848625 0.8646964265625 0.479689046875 0.859198346875 0.48028734218749997 0.8533019796874999 0.47446751875000004 0.8565140765624999 0.4659877203125 0.860657065625