4 0.5786216453125 0.6383392125 0.6076652640625 0.5497008890624999 0.5745071078125 0.5387479875000001 0.578658190625 0.528534665625 0.596054734375 0.531804575 0.6208338624999999 0.46888591562500004 0.476004834375 0.427831678125 0.45984158593749996 0.4249609125 0.4331738453125 0.49686016874999994 0.4315104953125 0.514948965625 0.416798825 0.5568280515625 0.41078483437499996 0.58094885 0.5786216453125 0.6383392125
0 0.6245309078125 0.64847520625 0.6448070859375 0.6543199468750001 0.6650231234375 0.588827025 0.644250634375 0.5808011671875 0.6046535875 0.5660909578125 0.5845420296875 0.6339241578125 0.6245309078125 0.64847520625
0 0.39931701406250003 0.455681721875 0.39999964375 0.475778784375 0.40871533437499996 0.48649193437499993 0.43918783437500003 0.47273937187500004 0.4535689984375 0.43789461718749995 0.4482016171875 0.4251695984375 0.41570644218749997 0.4184909890625 0.39931701406250003 0.455681721875
1 0.7005360984375 0.6005280984375 0.6750576453125 0.5928977515625 0.658032015625 0.6568279703125001 0.6798104359375 0.6665279828124999 0.7123128140625 0.6845951671875 0.7263670703125 0.6624790328125 0.737385515625 0.6068689953125 0.71594480625 0.6015232265625 0.7005360984375 0.6005280984375
3 0.7313066890625 0.5284926125 0.7179098484375 0.53084579375 0.7028784734375 0.5968420765625 0.7172848515625 0.6018573375 0.7366740703125 0.5412176296875 0.7313066890625 0.5284926125
3 0.7486300109374999 0.37909027812499996 0.73289079375 0.3851294828125 0.7315831671875 0.4360439625 0.7402988578125 0.4467571140625 0.7503437875000001 0.44072151093749995 0.7486300109374999 0.37909027812499996
3 0.672481615625 0.730174684375 0.678844125 0.72749099375 0.6952227468750001 0.6732173984375 0.6922049453125 0.6681949328125001 0.6794763265625 0.6678680265625 0.665774190625 0.71711555625 0.672481615625 0.730174684375
2 0.67813628125 0.667533915625 0.6536813734375 0.6628599703125 0.6403097468750001 0.7050731671875 0.64433348125 0.7117697875 0.6661046984375 0.7100812234375 0.67813628125 0.667533915625
2 0.690584821875 0.754615184375 0.7123164171874999 0.69028945625 0.6979028359375 0.67388561875 0.6734911515625 0.7375431265625 0.690584821875 0.754615184375
2 0.7209708734375 0.6041997125 0.7407302234375 0.599162840625 0.7510876515625 0.5576214671875 0.7413660265625001 0.5452341609375 0.7333293624999999 0.5489237859375 0.717953071875 0.5991772484375 0.7209708734375 0.6041997125
2 0.7175757375 0.5321858390624999 0.699476134375 0.5134396265625 0.6767458093750001 0.5874797765625 0.69852423125 0.5971797890625 0.7062195796874999 0.5834416328125 0.7175757375 0.5321858390624999
2 0.7288706609375 0.3841271515625 0.707433553125 0.38447567031249996 0.709136525 0.4290240390625 0.7299090125000001 0.43704989687499995 0.7332393125000001 0.40656659062499995 0.7288706609375 0.3841271515625
2 0.7701103421875 0.44707321406249995 0.769388090625 0.3643389859375 0.746697609375 0.3568312109375 0.750674296875 0.433687178125 0.7701103421875 0.44707321406249995