4 0.7336450609375 0.3252547328125 0.47135577343749996 0.3782282859375 0.49299779062500004 0.484448803125 0.4914262890625 0.49171815468749996 0.4588062625 0.5030330484375 0.465033975 0.5555438921875 0.6348961046875 0.5235208796874999 0.6439210828124999 0.5545963390625 0.65001854375 0.560374996875 0.660749703125 0.5592839109375001 0.7305426484375 0.5447226953125 0.7382385453125 0.5382525625000001 0.7311577437500001 0.5018249906250001 0.7343546203125 0.47732740781249994 0.728230225 0.47652818906250005 0.727911421875 0.46465207187499996 0.7217870265624999 0.463852853125 0.70533550625 0.38945314375 0.7072796828125 0.38410103125 0.7277811703125 0.4179198859375 0.7527322328125 0.4080956875 0.7393698468750001 0.32911615 0.7336450609375 0.3252547328125
0 0.8530170546875 0.403702396875 0.78014439375 0.4166706484375 0.7834445078125001 0.4028652765625 0.7668844203125 0.3977071453125 0.71335885 0.4117016265625 0.729465234375 0.5007183937499999 0.7420730265625 0.5375072140625 0.7961284375 0.5289895875 0.8160731265625 0.5241178921875 0.82957461875 0.5065708609375 0.8530170546875 0.403702396875
6 0.78309264375 0.40212375 0.78367869375 0.38714445625 0.77363856875 0.375979571875 0.762872284375 0.374574621875 0.7594801640625 0.3481265515625 0.7652855796875 0.3330071734375 0.7601372515625 0.3200170140625 0.7413140234375 0.3237640375 0.73782528125 0.3314060640625 0.7558213671875 0.403515859375 0.7646028765625 0.3969734453125 0.78309264375 0.40212375
5 0.45683515156250004 0.5133646 0.4611231125 0.49959817656250005 0.4918258984375 0.48865595781250004 0.472366053125 0.40389776250000003 0.43119527812499997 0.4136875328125 0.45108342968750004 0.5144826203124999 0.45683515156250004 0.5133646
5 0.7951676046875 0.5649906140625001 0.793676909375 0.5573216515625 0.7868610375 0.542729075 0.7715500484375 0.5407310265625 0.7702434765625 0.5698353734375 0.78478218125 0.572978378125 0.7951676046875 0.5649906140625001
1 0.9082378500000001 0.466292225 0.9319144359375 0.3713350359375 0.9208119531250001 0.374429459375 0.8968171437500001 0.3970007078125 0.8612636734375 0.402858240625 0.857114909375 0.420050303125 0.8394792109375 0.4979158 0.8643169531250001 0.4715524609375 0.88390296875 0.46634084375 0.8964581468749999 0.47794517187499996 0.9054551046875 0.4808779421875 0.9082378500000001 0.466292225
3 0.8874674125 0.37388859218750004 0.8804862625000001 0.398185428125 0.8939193624999999 0.3974469390625 0.898881603125 0.396482378125 0.902553934375 0.3840645421875 0.9261935609374999 0.279283171875 0.9078731765624999 0.2837806140625 0.8874674125 0.37388859218750004
2 0.8990590578125 0.32029073750000003 0.9024105984374999 0.3039920671875 0.9051753890625 0.294066328125 0.9066348734374999 0.2841335203125 0.898342240625 0.2857454453125 0.8884441671875001 0.2871478703125 0.8637205484375 0.393399640625 0.861912078125 0.402878703125 0.880053925 0.399613071875 0.8861490734374999 0.3773045796875 0.8990590578125 0.32029073750000003
2 0.8999200374999999 0.39394038125 0.9204427578125 0.373770353125 0.93080300625 0.37179534375 0.93200788125 0.3584119328125 0.934232484375 0.34893944062500004 0.9490944203125 0.292329184375 0.9490449265625 0.287624125 0.94699825625 0.2842156234375 0.9405895921875 0.274388321875 0.9272429203125 0.278712821875 0.9234249437500001 0.2933394625 0.9021412078125 0.3876560015625 0.8999200374999999 0.39394038125
2 0.8756646328125001 0.5028197265625 0.86197464375 0.560796503125 0.8875781937499999 0.5571688406249999 0.895308403125 0.5205879984374999 0.9067202375000001 0.48026622343750003 0.89895941875 0.481394753125 0.8837921546875 0.46481246875000004 0.8756646328125001 0.5028197265625
3 0.870859890625 0.5189693953125001 0.8764359390625 0.49373217968749994 0.8826341484375 0.467006865625 0.8657640734375001 0.47165324531249997 0.8570041203125 0.501610853125 0.8506105156249999 0.5320199421875 0.8464742375000001 0.5505971671875 0.8424357125 0.567332509375 0.8617698296875 0.5612957078125 0.8669920812499999 0.536583 0.870859890625 0.5189693953125001
2 0.857284846875 0.498366221875 0.8604204624999999 0.48636364062500004 0.86559335625 0.47077497656249995 0.8500643921875 0.48700948593750004 0.8444163625 0.493120303125 0.8405248609375 0.4988896921875 0.8352542703125 0.516320234375 0.8222233250000001 0.573540003125 0.8416428046875 0.5679423453125 0.8516234953125 0.5231643078125 0.857284846875 0.498366221875