4 0.439453125 0.4970703125 0.3662109375 0.490234375 0.3076171875 0.498046875 0.306640625 0.5439453125 0.31640625 0.5595703125 0.31640625 0.5849609375 0.310546875 0.5810546875 0.3095703125 0.55859375 0.267578125 0.5615234375 0.271484375 0.6474609375 0.28125 0.6533203125 0.3544921875 0.646484375 0.4423828125 0.6484375 0.4453125 0.5869140625 0.439453125 0.4970703125
0 0.27028081406250004 0.6402852203125 0.268136684375 0.59311786875 0.266707275 0.563816921875 0.24598075625 0.5648889031250001 0.24705282187500002 0.585256628125 0.22453951874999997 0.587757940625 0.2119140625 0.587890625 0.1898761875 0.5884725796875 0.19140625 0.6455078125 0.19411192500000002 0.657436978125 0.2055472328125 0.6560076703125 0.22954246875 0.6552930015625 0.2570587203125 0.6527917046875 0.2731396640625 0.6527917046875 0.27028081406250004 0.6402852203125
5 0.658203125 0.5185546875 0.662109375 0.5517578125 0.6689453125 0.560546875 0.677734375 0.5595703125 0.701171875 0.5478515625 0.69921875 0.5263671875 0.6845703125 0.513671875 0.658203125 0.5185546875
5 0.51171875 0.5341796875 0.5068359375 0.52734375 0.4580078125 0.525390625 0.447265625 0.5341796875 0.447265625 0.6279296875 0.4541015625 0.646484375 0.4765625 0.6533203125 0.5136731359375 0.6547801171875001 0.51953125 0.6083984375 0.5078125 0.5654296875 0.51171875 0.5341796875
5 0.6608851859375 0.6067088140625 0.6594546234374999 0.62888151875 0.68377471875 0.64890844375 0.701657225 0.640325471875 0.69951138125 0.6181527953125 0.68449011875 0.6067088140625 0.6608851859375 0.6067088140625
1 0.1806640625 0.58984375 0.1318359375 0.58984375 0.109375 0.5830078125 0.109375 0.6552734375 0.11134306406250001 0.675288634375 0.119140625 0.6689453125 0.1474609375 0.654296875 0.1664710578125 0.657182734375 0.18523552968749998 0.6576294828125 0.1806640625 0.58984375
2 0.18466832187499999 0.6572508453125 0.1599519015625 0.657603925 0.1610111796875 0.680200175 0.1648951796875 0.7225681546875 0.1698384578125 0.76281774375 0.1769002921875 0.8041265484375 0.198438878125 0.8016550562500001 0.1949079609375 0.7741158718750001 0.1878461265625 0.7133884312500001 0.185546875 0.6669921875 0.18466832187499999 0.6572508453125
3 0.1550091640625 0.65522670625 0.1476414125 0.6543057984375 0.142483990625 0.6567001453125 0.14340495312499998 0.6636990109375 0.14414174062500001 0.6699611515624999 0.1448785125 0.67953855625 0.1457994734375 0.6885633999999999 0.146484375 0.6923828125 0.1481939953125 0.7205612343750001 0.1504043265625 0.74560980625 0.1539039984375 0.7649487749999999 0.157587875 0.7898131640625 0.160166584375 0.8084154281249999 0.177112421875 0.8043634453124999 0.17416531875000002 0.792207515625 0.1697446703125 0.76679058125 0.16569240000000002 0.73308553125 0.16440304375 0.7247974 0.16378459375 0.7143653343749999 0.16219272812500002 0.694088821875 0.16015625 0.6689453125 0.160166584375 0.6567001453125 0.1550091640625 0.65522670625
2 0.14471989375 0.6798956875 0.143455190625 0.66566901875 0.14124199843750002 0.6574491734375 0.13049220156250002 0.6628236875 0.1172130484375 0.6704112421875 0.11088963593750001 0.6770503531250001 0.11405134218749999 0.7061359765625 0.1171875 0.7412109375 0.12069091875 0.7696817484375 0.1251173015625 0.7965543312500001 0.12796284687499998 0.8129940343750001 0.15989605 0.807935671875 0.158203125 0.7880859375 0.1484375 0.7353515625 0.14471989375 0.6798956875
2 0.1407360234375 0.4344505609375 0.1060820625 0.4394007984375 0.10670086875 0.47095844531250003 0.10731967499999999 0.520460615625 0.1060820625 0.5470680515625 0.10793853281250002 0.580481996875 0.1315950890625 0.5898875218749999 0.14224697656250002 0.5905747046875 0.1401172171875 0.5625374609375 0.14197368593749998 0.517985490625 0.1401172171875 0.47095844531250003 0.1407360234375 0.4344505609375
2 0.1567513328125 0.4318651375 0.1562492 0.4466773359375 0.156500265625 0.47052749531250004 0.1567513328125 0.5111982703125 0.157676728125 0.547815990625 0.15788899218750002 0.5899565546875001 0.16754641406249998 0.5903955046875 0.18027664375000002 0.5899565546875001 0.1813563953125 0.477808065625 0.18110532968749998 0.44592417187500005 0.1816074609375 0.4260908953125 0.1567513328125 0.4318651375
3 0.14840755781249998 0.4341028984375 0.141474925 0.43461638750000003 0.14173168281249998 0.5896874671875 0.15636724375 0.5904577078125001 0.156110484375 0.4710743046875 0.156110484375 0.45618304531250004 0.15636724375 0.4330759125 0.14840755781249998 0.4341028984375