4 0.5534505328125 0.5363992078125001 0.5669938250000001 0.5060837546875 0.5927722921874999 0.48274431093750003 0.6049121890625 0.46035856875 0.6069015203125 0.432808940625 0.5647119796875 0.40345386406249995 0.41653411093750004 0.34235232656250003 0.40769833593750004 0.3419912375 0.3869951515625 0.3679126234375 0.35601183281250004 0.42881601874999997 0.340751696875 0.4905778359375 0.33944358124999996 0.5278693 0.3685395234375 0.565971546875 0.44516609999999995 0.5978132875 0.45821873437500005 0.6164795015625 0.536657434375 0.6462366312500001 0.5482999984375 0.6307382968749999 0.5762450046875001 0.5543842078125001 0.5549015671874999 0.543150371875 0.5534505328125 0.5363992078125001
5 0.7166026999999999 0.44765367187500005 0.6215444437500001 0.41034042499999995 0.6130936609375001 0.4273079078125 0.61621833125 0.44442934218749997 0.6083038296875001 0.4690659765625 0.5866741906249999 0.504294946875 0.5681173 0.50077593125 0.5515509125 0.539504134375 0.5733203734375001 0.5485664453125 0.581062325 0.5517820453125 0.5769467640625 0.564593096875 0.652646734375 0.5970100890625 0.6679611859375 0.5920234093750001 0.68920934375 0.5738954921875 0.732373521875 0.46319297031250006 0.7166026999999999 0.44765367187500005
0 0.2808835375 0.44253065625000004 0.3373522953125 0.4839629140625 0.345098125 0.46873706562499995 0.28918840625 0.426921996875 0.2808835375 0.44253065625000004
5 0.5647587109375001 0.69811369375 0.563764046875 0.7118885078125 0.6240338640624999 0.7478108640625 0.6263433218750001 0.738838846875 0.610797346875 0.7125154078125 0.5724159375 0.695620353125 0.5647587109375001 0.69811369375
1 0.22759680000000002 0.41234304687499995 0.2696682328125 0.43628725625 0.281152465625 0.418069246875 0.2386057875 0.40178375156249996 0.22759680000000002 0.41234304687499995
3 0.21927643749999998 0.5117928218750001 0.35023065937500003 0.24489428906250002 0.3391159078125 0.23522253593750003 0.20123659218749998 0.5026053187499999 0.21927643749999998 0.5117928218750001
2 0.20835132500000003 0.48710985781250005 0.24545355937500002 0.42172653593750004 0.2317660203125 0.4159672953125 0.2239725515625 0.4165122671875 0.19620475312500002 0.46740133906250003 0.20835132500000003 0.48710985781250005
2 0.30228926718750004 0.2485305984375 0.28344584687499996 0.2870482515625 0.2757476578125 0.3169549765625 0.2856733765625 0.3329030046875 0.32970265312499997 0.2485715625 0.318870871875 0.233665840625 0.30228926718750004 0.2485305984375
2 0.23416408125000002 0.39426276875 0.237699725 0.40282605625 0.25188326875 0.4096658234375 0.27358111875 0.3699696234375 0.272266328125 0.3651668265625 0.25953381875 0.36507822343749996 0.23416408125000002 0.39426276875
5 0.270311284375 0.3232088078125 0.25676799375 0.3535242625 0.26252449218749996 0.3658480421875 0.273036146875 0.362176153125 0.28449482812500004 0.330048575 0.27615638593749997 0.322800078125 0.270311284375 0.3232088078125
2 0.748621646875 0.345562078125 0.471797221875 0.2366774484375 0.4571163453125 0.2367250875 0.4453375390625 0.25027505625 0.7487169265625 0.37492382968750004 0.7674307812500001 0.376552071875 0.7641199828125 0.35720464218750003 0.748621646875 0.345562078125
3 0.35752523593749996 0.2165202765625 0.3468720609375 0.23003615000000002 0.7667978343749999 0.396880596875 0.7726726578124999 0.38137679375 0.35752523593749996 0.2165202765625
2 0.21441740937499998 0.5086496078125 0.2275981203125 0.514693903125 0.27213824999999997 0.4384365484375 0.26134665625000003 0.4333861671875 0.21441740937499998 0.5086496078125
2 0.3547666328125 0.24341607031249998 0.26829480625 0.41664632968750004 0.281394834375 0.4215352890625 0.3009237 0.369085815625 0.3547666328125 0.24341607031249998