4 0.524026421875 0.676272303125 0.5377620921874999 0.6849645375 0.5644333578125 0.6682174515625 0.6067570578125 0.625044871875 0.5933550375000001 0.6076896078125 0.650129690625 0.5539078875000001 0.5830125374999999 0.4839184859375 0.5595427609375 0.4474518515625 0.5534069374999999 0.44815799843750004 0.4982895078125 0.49864258125000005 0.490264271875 0.5045398453125001 0.4599080890625 0.530416265625 0.43337670937499995 0.555849853125 0.46097361562500005 0.6011671484375001 0.4329998046875 0.633606865625 0.4936280625 0.701234503125 0.524026421875 0.676272303125
5 0.37215681875 0.4938856875 0.3665983296875 0.5374233171875 0.41839499062499996 0.5445181453125 0.4244258328125 0.49968273593749996 0.37215681875 0.4938856875
0 0.5900215734375001 0.72309155625 0.6413944593750001 0.6797079734375 0.628034078125 0.65903278125 0.60939758125 0.6375526328125 0.6120241234375 0.6283489984374999 0.625162103125 0.6168014484375 0.607804309375 0.595078825 0.5947799546875 0.6073087968750001 0.6073500921874999 0.625107325 0.5421277843750001 0.6850838171875 0.5229120671875 0.6784862078125 0.49663611406249997 0.701581321875 0.543964446875 0.7526981671875 0.5590195125 0.7531446921875 0.5775113671875001 0.73323523125 0.5900215734375001 0.72309155625
5 0.46261372500000003 0.5306443140625 0.46355843124999996 0.5280487546875 0.46709869531250003 0.526397903125 0.4680434015625 0.52380234375 0.477423365625 0.515720125 0.48495294375000003 0.5108060265625001 0.5066831640625 0.490010290625 0.49563794375 0.48618160781249997 0.4813479 0.4928451640625 0.47461974375000004 0.489248178125 0.46997898749999995 0.4925345984375 0.45888464687499997 0.49883035624999994 0.44385529687499997 0.5117312421875 0.44079686875 0.5154022015625 0.4343109625 0.523758003125 0.44392540625 0.5341464640625 0.45049758593749994 0.5399263515625 0.4553564375 0.536043853125 0.46261372500000003 0.5306443140625
5 0.4162001671875 0.3849915015625 0.4128936953125 0.39407595781250004 0.4093534296875 0.39572680937500004 0.40522153281250006 0.4030411328125 0.4076978109375 0.40835152968750005 0.4255136484375 0.41189656093749993 0.43082404687500003 0.4094202828125 0.43637300312500005 0.3982126203125 0.47105997187500004 0.4078982421875 0.4825061921875 0.40471581562500003 0.49171946093749996 0.37132662656250004 0.4910133140625 0.365190803125 0.49491141875 0.3504428765625 0.49243513906249997 0.3451324796875 0.48594624218750004 0.3427707140625 0.45798196406249997 0.34288046250000004 0.452790846875 0.34099105 0.4526715671875 0.345356740625 0.44464633124999997 0.3512540046875 0.4255327140625 0.3472366203125 0.42152009687499997 0.350185253125 0.41655800625 0.371894428125 0.4162001671875 0.3849915015625
1 0.66930539375 0.7475394 0.7034208125 0.7187038484375 0.6718608359375 0.7150102765625 0.6469478 0.68472826875 0.6098161640625 0.7153745765624999 0.5704932765625 0.7508517046875001 0.6085215484375001 0.7439110390625 0.6252906421875 0.7594436765625 0.6246372859375 0.78527849375 0.66930539375 0.7475394
2 0.5798727015625 0.8250711171875 0.5924987796875001 0.8128384484375 0.6008523296875 0.8063975250000001 0.6115924046875 0.7970792765625 0.6217655953125 0.7879110484375 0.6245471328125001 0.7802689640625 0.6251713624999999 0.7638093671874999 0.6238588671875 0.7583823125 0.602951453125 0.7755341296875 0.5448228703125 0.8262575578125 0.559949428125 0.8428215359375001 0.5798727015625 0.8250711171875
3 0.6225851921875 0.7579187234375 0.6156392453125 0.750582621875 0.6110639875 0.7490362578124999 0.6065751640625 0.7529644140625 0.5348568015625 0.8159316499999999 0.5446878484375001 0.8259680046875 0.5587269921875 0.8131106828125001 0.5983756828125 0.7808403640625 0.608371521875 0.7700598453125 0.6225851921875 0.7579187234375
2 0.612542928125 0.7478746046875 0.607752896875 0.7449611015625 0.6010966437499999 0.74487865 0.58410596875 0.7483897093749999 0.570819496875 0.7509087796875 0.5221325328125 0.7942003953125 0.516441075 0.79881516875 0.5278140812500001 0.8092078125000001 0.5346738234374999 0.815313425 0.543979065625 0.8092125796875 0.5526744390625 0.8003018656249999 0.5685543 0.7865243390625001 0.578044909375 0.777441871875 0.592595796875 0.76501935 0.612542928125 0.7478746046875
5 0.5807748171875 0.46987670625 0.5771152734375 0.47589325000000005 0.5863142421875 0.49099901562500003 0.5997643890625 0.4944247671875 0.6029515796875 0.4897060015625 0.5886807734375 0.46834513437499997 0.5807748171875 0.46987670625
3 0.69404613125 0.7000204953125 0.7325341328125 0.6688133640625 0.762549434375 0.639100909375 0.7791253546875 0.6185225062499999 0.7961772859375 0.5977330265624999 0.806050965625 0.5856399671875 0.8110322859375 0.577967975 0.8149299140625 0.5702663625 0.8187411125 0.5577908218750001 0.799512821875 0.5567213921875 0.7951008453124999 0.5736287250000001 0.784024971875 0.590026775 0.7745610562499999 0.6029985734375 0.7637789421875001 0.6165850390625 0.7526559203125001 0.627697925 0.722418634375 0.657784159375 0.693189325 0.682187678125 0.6627132328124999 0.703028865625 0.6711269171875001 0.7148516296875 0.69404613125 0.7000204953125
3 0.6420504874999999 0.31610294375 0.626394125 0.303678415625 0.6159868625 0.2942854359375 0.5958626421875 0.2746296203125 0.5647901296875 0.24912063281250002 0.5386658718749999 0.22952308281249997 0.50878074375 0.20701927968749997 0.48055340625 0.183627975 0.47016912343749995 0.19778491250000002 0.48943224687500003 0.21324403749999998 0.5105475953124999 0.2291501390625 0.543266890625 0.2539492125 0.5643519015625 0.2709653203125 0.5915669515624999 0.29361832187500003 0.6260459609375 0.326891403125 0.657687465625 0.3559705828125 0.687738553125 0.3863392296875 0.707622528125 0.40665499374999997 0.7433121609375 0.44206526718749994 0.7725516140625001 0.47774370624999996 0.7862623359375001 0.4942210578125 0.79855594375 0.5158845765625 0.80196954375 0.537305528125 0.8167889015625001 0.5397098312499999 0.81301621875 0.5151687640625 0.8049224046875001 0.49428646875000004 0.7931674265625 0.47730309687499994 0.78069186875 0.4622994953125 0.758973415625 0.43804984375 0.7098423515625 0.385564559375 0.65832440625 0.33266080468750003 0.6420504874999999 0.31610294375
2 0.7995264625 0.547993171875 0.8019602125 0.53668885625 0.798879778125 0.517038071875 0.7912240078125 0.5023594671875 0.7799490390625 0.48774643749999996 0.759573640625 0.4631836890625 0.7400197515625 0.438643371875 0.69588284375 0.3946095390625 0.6286386937499999 0.32985698750000003 0.5956540640625 0.2973862125 0.5733285421875001 0.2790772578125 0.5313901421875 0.24566781875000002 0.4958942546875 0.2185274390625 0.46936780312500004 0.1987564515625 0.46203271093750004 0.21061195000000002 0.48255862031249996 0.22690098124999997 0.555179078125 0.2897260078125 0.6009054015624999 0.33386772656249997 0.65507441875 0.389712940625 0.7262001265625 0.46901345 0.7513924046875 0.49781842656249997 0.7579279578125 0.5109642812499999 0.7624960734374999 0.53032685625 0.7628218984374999 0.5545063234375001 0.7569535359375 0.5767078999999999 0.743713975 0.59788596875 0.734718484375 0.608163475 0.7133535421875 0.625831065625 0.6810169625 0.6538865984375 0.656742040625 0.6757498015625 0.6466368625000001 0.684517140625 0.66257339375 0.7030393171875 0.6897338984375 0.683885775 0.723202671875 0.6565188734375 0.760870640625 0.6198944187500001 0.7841704984375 0.5915920109374999 0.796766328125 0.5699030765625 0.7995264625 0.547993171875
2 0.7845093999999999 0.438127378125 0.761990915625 0.4123637828125 0.7246369546875 0.37391945312499997 0.694198184375 0.34467852187500003 0.6746615312500001 0.32292584375 0.6582058765625 0.3078320859375 0.63965501875 0.2917124796875 0.628321609375 0.281634565625 0.6205035640625 0.27515473749999997 0.6119414734374999 0.2672760703125 0.6020742875 0.2582602296875 0.5803436171875 0.240111978125 0.5512544953125 0.2166661640625 0.5403416375 0.20674132968749998 0.5290646421874999 0.19977946562499999 0.5226052171875 0.19266611875 0.512521428125 0.1855507390625 0.5011582453125001 0.17561874375 0.491604625 0.168931496875 0.4806700390625 0.183315521875 0.4861974015625 0.187701928125 0.49814293750000005 0.1985230140625 0.520898875 0.21632121093749998 0.5474634640625 0.23624079999999997 0.576724984375 0.25855873125 0.5971424765625 0.275224425 0.6191607125 0.2967301390625 0.62550570625 0.3028493984375 0.647916765625 0.32170795937499996 0.67432808125 0.349893990625 0.7092257546875 0.383549903125 0.7417115546875 0.417794621875 0.7706824453125 0.4501950078125 0.7939398578125 0.47711964531250006 0.8065106125 0.49767268593749997 0.8153618874999999 0.520665309375 0.8178909328125 0.539124659375 0.8372976703124999 0.536621375 0.8362510609375 0.5263549078125 0.8336184875000001 0.5116845484375 0.8259432468749999 0.4942221546875 0.81355949375 0.4741487203125 0.7845093999999999 0.438127378125
2 0.7734268140625 0.6527046859375 0.794122565625 0.629728990625 0.807990696875 0.60946120625 0.8177917265625 0.5968006765625 0.8265781203125 0.5789025125 0.8315587484375 0.5661102984374999 0.8357839015625 0.552718565625 0.8183513781249999 0.5551367203125 0.8134476609375 0.57217615 0.8027331015625 0.5900216281249999 0.7841741453125 0.6124768125 0.7616271343750001 0.6396470234375 0.7399936203124999 0.6616322859375 0.7204200046875 0.67884985 0.6992828328125 0.69679649375 0.6721524984375 0.7151583421875001 0.7015955 0.7180852125 0.724531284375 0.69787214375 0.7496038234375 0.67713861875 0.7734268140625 0.6527046859375