4 0.30078125 0.5302734375 0.37890625 0.5322265625 0.458984375 0.5263671875 0.4599609375 0.4296875 0.30078125 0.4326171875 0.30078125 0.5302734375
5 0.662109375 0.5537109375 0.744140625 0.5556640625 0.744140625 0.4658203125 0.7197265625 0.458984375 0.6591796875 0.4609375 0.662109375 0.5537109375
0 0.238576078125 0.47374825468750004 0.22009489375000002 0.47330823125 0.22053487500000002 0.484748865625 0.238576078125 0.48562889531250003 0.239016090625 0.50587 0.2649777765625 0.5067500296875 0.262337615625 0.470228078125 0.2636577109375 0.460547546875 0.238576078125 0.460107525 0.238576078125 0.47374825468750004
6 0.5166015625 0.466796875 0.6360089359375001 0.47044081562500006 0.635425203125 0.4628525953125 0.501953125 0.4580078125 0.5048828125 0.46484375 0.5166015625 0.466796875
6 0.50057849375 0.459227465625 0.5 0.5361328125 0.49837834531249997 0.5415119234375 0.4825373203125 0.5428319734375 0.46053595156249993 0.5432720109375 0.4599609375 0.55078125 0.48517751093749995 0.5516324453125 0.5 0.5498046875 0.50849900625 0.5428319734375 0.51171875 0.5341796875 0.5106991562500001 0.45878744375 0.50057849375 0.459227465625
6 0.446455034375 0.5278711781250001 0.43941454531249996 0.5291912453125 0.44249477812500004 0.5393117968750001 0.43941454531249996 0.5423919671874999 0.4204933484375 0.5415119234375 0.338648034375 0.5423919671874999 0.283644490625 0.5423919671874999 0.2585628578125 0.5423919671874999 0.259882953125 0.507190065625 0.2475621421875 0.507190065625 0.24668208906250003 0.5489923125 0.26296315625 0.5507524015625 0.2994855140625 0.5516324453125 0.3553691125 0.5525125203125001 0.4178531578125 0.5529525265624999 0.46097593281250004 0.5538325703125 0.460095909375 0.5450321 0.46053595156249993 0.5291912453125 0.454815528125 0.5278711781250001 0.446455034375 0.5278711781250001
5 0.4833984375 0.4296875 0.4814453125 0.427734375 0.4638671875 0.427734375 0.462890625 0.4287109375 0.462890625 0.4716796875 0.4609375 0.4736328125 0.4609375 0.4755859375 0.462890625 0.4775390625 0.462890625 0.4853515625 0.4638671875 0.486328125 0.4814453125 0.486328125 0.482421875 0.4853515625 0.490234375 0.4814453125 0.490234375 0.4345703125 0.4873046875 0.4296875 0.4833984375 0.4296875
5 0.2808188015625 0.4583474359375 0.2706981390625 0.459227465625 0.2632176390625 0.460547546875 0.262777628125 0.47374825468750004 0.264537734375 0.4997096609375 0.2654177875 0.5102702203125 0.266297871875 0.5221508609375001 0.287109375 0.5244140625 0.2975398796875 0.5234709421875 0.2975398796875 0.460107525 0.290059409375 0.45878744375 0.2808188015625 0.4583474359375
1 0.14180587656250002 0.4750683203125 0.14224591875 0.48650893906250003 0.174808021875 0.48782902031250003 0.1937292484375 0.490909175 0.2130904875 0.490909175 0.2130904875 0.47286822500000003 0.1990096 0.47154814375000004 0.17612811718750002 0.4746282984375 0.14180587656250002 0.4750683203125
3 0.192975915625 0.419779984375 0.1884071671875 0.419779984375 0.18231555156249998 0.4184746453125 0.174918546875 0.4173868609375 0.17608309687499998 0.47481477187500004 0.1802162578125 0.47447035312499997 0.185727146875 0.4730926390625 0.19378628281250002 0.472432946875 0.194337909375 0.46517083281250005 0.193359375 0.4384765625 0.1925407859375 0.4295700046875 0.192975915625 0.419779984375
3 0.1771430171875 0.5235017875 0.177734375 0.5830078125 0.1942559421875 0.5831877515625 0.19383856875 0.4917805609375 0.182986440625 0.49011101406249996 0.176725615625 0.489693646875 0.1771430171875 0.5235017875
2 0.21255362187500002 0.49121127343750004 0.20998230156250003 0.49056845468750004 0.20483967500000003 0.49121127343750004 0.19412585625 0.491425540625 0.1945544078125 0.49721093749999995 0.19412585625 0.5130672203125 0.1943401390625 0.563850159375 0.1943401390625 0.5831348203125 0.199697034375 0.5831348203125 0.207839546875 0.584420459375 0.21333464375000002 0.5855874953125 0.21333464375000002 0.5761451796875 0.212890625 0.5654296875 0.21255362187500002 0.49121127343750004
2 0.177734375 0.5439453125 0.17625215624999999 0.488389334375 0.16246879218750002 0.48773299375 0.1455078125 0.486328125 0.1416843484375 0.4868578671875 0.14277826875 0.525800928125 0.14321584999999998 0.5402404875 0.14343462499999998 0.5481166109375 0.14321584999999998 0.55905566875 0.14321584999999998 0.5704322937499999 0.1436534 0.5818089203125 0.1776633109375 0.5831394609375 0.1771272875 0.5618998359375 0.177734375 0.5576171875 0.177734375 0.5498046875 0.177734375 0.5439453125
5 0.4314209046875 0.5589525359375 0.2900390625 0.55859375 0.287109375 0.5634765625 0.2900390625 0.578125 0.400390625 0.5771484375 0.4618326578125 0.57653418125 0.462307790625 0.566555425 0.462307790625 0.5594277609375 0.4314209046875 0.5589525359375
2 0.173828125 0.4736328125 0.173828125 0.4169921875 0.14298453125 0.41639905625000007 0.1425093984375 0.47484598125 0.173828125 0.4736328125
2 0.2125561828125 0.42130287187500004 0.1918881203125 0.42065019843749996 0.1916705546875 0.43065778125 0.19362858125 0.44632183437500006 0.1927583515625 0.4732988015625 0.19921875 0.4716796875 0.20472407656249997 0.471123234375 0.21212105312500001 0.4717759078125 0.2123386171875 0.4352264671875 0.2125561828125 0.42130287187500004
0 0.6348414703125 0.5416532609375 0.6593575109375001 0.5416532609375 0.656438928125 0.459934065625 0.7197265625 0.45703125 0.7451635296875 0.46343630156250004 0.7480821125 0.5585807578125 0.697882646875 0.5556622484375 0.6593575109375001 0.555078521875 0.5963163328125 0.5562459343749999 0.5963163328125 0.5784268859374999 0.6593575109375001 0.5755082953125 0.780770165625 0.573757196875 0.7801864328125 0.504295909375 0.7801864328125 0.42607897031249997 0.7763671875 0.423828125 0.714226675 0.4249115578125 0.63425781875 0.425495284375 0.6348414703125 0.5416532609375