4 0.426664765625 0.712453871875 0.3756829140625 0.592022728125 0.24059754687499998 0.64618036875 0.23722183593750001 0.6582222609375 0.20506814375000001 0.6709850390625001 0.219605915625 0.7091966265625 0.259781125 0.8088421296874999 0.3655833578125 0.7681753421875 0.37996624687499997 0.7620701671875 0.36979955000000003 0.735619609375 0.426664765625 0.712453871875
5 0.07617389375 0.4337749859375 0.0846458421875 0.43123975625 0.1057028171875 0.4233624984375 0.109078528125 0.41132060625 0.14476418124999998 0.40041654062500004 0.1340680921875 0.37267344375 0.121086628125 0.33224896249999997 0.11481079375 0.3223852453125 0.1109657140625 0.31079505625000003 0.0629150453125 0.3375567484375 0.028949918749999998 0.37000936875 0.0342919453125 0.3825943953125 0.04480754375 0.382374384375 0.06235991875 0.4237251875 0.07617389375 0.4337749859375
0 0.36686386249999997 0.7686926984375 0.272611940625 0.80657846875 0.26822729375 0.813744134375 0.320392840625 0.9316398156249999 0.3897462734375 0.9000792328125 0.366851871875 0.8461434015625 0.3577198890625 0.817131834375 0.37983735625000004 0.7992563359375 0.36686386249999997 0.7686926984375
5 0.195255615625 0.5602257546875 0.1662768078125 0.5759194515625 0.2089734171875 0.6691521046875 0.235423975 0.65898540625 0.23700182500000003 0.6477066609375 0.2542172875 0.6382773328125 0.2889235625 0.624308696875 0.272160621875 0.582357446875 0.2582941640625 0.5423086625 0.19354869531250002 0.4082693875 0.09924748125 0.449994371875 0.09833362968750001 0.47582909687499997 0.07959589218749999 0.495657990625 0.1141576140625 0.581078190625 0.1926402140625 0.5460678765625 0.195255615625 0.5602257546875
5 0.408467053125 0.2343754734375 0.423069953125 0.23878589843750003 0.4315676796875 0.22881343437499999 0.43134766874999997 0.2182978359375 0.420857846875 0.21108061406249998 0.409307534375 0.21386163281249998 0.40465132031250006 0.22538616718750001 0.408467053125 0.2343754734375
5 0.5492625296875 0.678538271875 0.53817801875 0.6949132546875 0.55403564375 0.7072782703125 0.56354230625 0.7021820328125 0.5666722281250001 0.6870617765625 0.5492625296875 0.678538271875
1 0.41872160625 0.9202234031250001 0.396640371875 0.9088227484375 0.3193323484375 0.9416380578125001 0.3177354046875 0.9600888109374999 0.41872160625 0.9202234031250001
2 1 0.6331611265625 0.9551067703125 0.6665354578125 0.858204959375 0.7136692171875 0.3934252828125 0.9019544156249999 0.41573318906249995 0.914490315625 0.5862015453125 0.840130315625 0.7901217265625 0.7555718109375 0.8752538234375 0.7254367578124999 0.9669701625 0.6755029375 1 0.6549121234374999 1 0.6331611265625
2 0.31748293125 0.957275671875 0.31687695625 0.93844815625 0.239597446875 0.968250671875 0.24788370781250002 0.985757890625 0.31748293125 0.957275671875
6 1 0.6251927703125 0.9895262765625 0.616794871875 0.932163596875 0.6511461703125 0.8560688015625001 0.688447659375 0.7537489546875 0.72987938125 0.3877284015625 0.89032678125 0.4002360953125 0.9072964546875 0.8453565984375 0.7149997640625 0.9360774078125 0.6744906359375 1 0.631519828125 1 0.6251927703125
6 0.3162797609375 0.9344466140625001 0.3132529515625 0.9198179359375 0.2415937046875 0.9492768640625 0.24719789374999998 0.961648328125 0.3162797609375 0.9344466140625001