4 0.553046528125 0.4497689546875 0.5500168890625 0.4408521921875 0.5394463203125001 0.40496986562500004 0.5104498578125 0.31649328906249996 0.4480303046875 0.33555154374999996 0.44121328125000003 0.3123471375 0.346489909375 0.3356016046875 0.3983226578125 0.5411510125000001 0.41663615 0.5364074234375 0.48780146875 0.5169891859375 0.5231112671875 0.50813361875 0.564718825 0.4959715296875 0.553046528125 0.4497689546875
5 0.5540816796875 0.5086300390625 0.5456470015625 0.5047976937499999 0.485440525 0.5213072390625 0.4952548125 0.5544899953125 0.5030245140625 0.5553066234374999 0.557919890625 0.537509759375 0.5540816796875 0.5086300390625
0 0.4279000046875 0.3115399171875 0.4122258453125 0.24561634687499997 0.3488135046875 0.2603768375 0.36405632187500003 0.3266371921875 0.4279000046875 0.3115399171875
2 0.5364756374999999 0.167022503125 0.3987296109375 0.20880883906249997 0.40536961875 0.238823459375 0.5489135218750001 0.1973713203125 0.5364756374999999 0.167022503125
1 0.3446669765625 0.22149541250000002 0.3499342875 0.2367781546875 0.3460260234375 0.25294205000000003 0.405196390625 0.2389260453125 0.3986911734375 0.21027027812500002 0.39302284374999996 0.190629746875 0.3969836140625 0.16426429375 0.32273409218750004 0.18026634375 0.3446669765625 0.22149541250000002
6 0.460599446875 0.328665225 0.449912996875 0.28885729375 0.42610244843749995 0.2946868109375 0.42814748125 0.3091853375 0.44297917499999995 0.309553915625 0.4498241171875 0.3293181140625 0.460599446875 0.328665225
3 0.33344978593749997 0.20281800312499998 0.3121162234375 0.20771752812500002 0.3153693984375 0.2276993859375 0.3404803375 0.22081624843749997 0.33344978593749997 0.20281800312499998
2 0.39633565625 0.18740705 0.4154254578125 0.18159087499999998 0.4477292109375 0.17320283593750002 0.528330325 0.14831192499999998 0.523281825 0.1340928515625 0.44633931406249994 0.15873912968749998 0.4088806984375 0.1691196921875 0.398935284375 0.1739918265625 0.39633565625 0.18740705
3 0.3963986453125 0.1981263296875 0.40095107499999993 0.205746621875 0.535237134375 0.16748749999999998 0.52990964375 0.1502633828125 0.3953761265625 0.19087708750000001 0.3963986453125 0.1981263296875
2 0.325088471875 0.1918216234375 0.312424453125 0.193466340625 0.3133547421875 0.2072525734375 0.33057005781250004 0.20192016562499998 0.325088471875 0.1918216234375
2 0.3496976703125 0.24785085312500002 0.34514412499999997 0.2289226171875 0.3400033796875 0.22124049218750003 0.3164522328125 0.22834934062499998 0.3243794515625 0.25569495 0.344416178125 0.2519092453125 0.3496976703125 0.24785085312500002