4 0.56060846875 0.3528751734375 0.47287947968750005 0.384559690625 0.48466267500000004 0.4174319546875 0.47405880624999996 0.42044880625000003 0.4659251484375 0.404726984375 0.40108901250000006 0.4239373609375 0.45790348437499995 0.5633397046875 0.46559238125 0.5778439375 0.5386680687500001 0.5545928015625 0.5539462953125 0.5447669625 0.596004875 0.530576578125 0.6187149046875 0.520465421875 0.56060846875 0.3528751734375
0 0.5403311765625001 0.3104578421875 0.5324536328125 0.2908816125 0.46839827187500005 0.315272628125 0.4748626296875 0.3365827828125 0.487649203125 0.376842190625 0.5534844062500001 0.3509280265625 0.5403311765625001 0.3104578421875
0 0.52706335625 0.60662433125 0.5424797890625 0.593713425 0.5455559515624999 0.58024969375 0.5159580390625 0.564703959375 0.47964607031249995 0.5748240203125 0.47292310937500004 0.586887878125 0.48766631875 0.6166061875 0.52706335625 0.60662433125
1 0.4557548734375 0.2800841203125 0.465428178125 0.30485912656249997 0.526287903125 0.2789161328125 0.5205234828124999 0.255782578125 0.51475015625 0.2190470859375 0.48866974062499996 0.2215882328125 0.4380648015625 0.24714253749999998 0.4470524953125 0.26732923125 0.4557548734375 0.2800841203125
3 0.3800458671875 0.3001860375 0.39014811875 0.3092941296875 0.4514081375 0.2805076453125 0.446490765625 0.2660675625 0.386768828125 0.2881221796875 0.3800458671875 0.3001860375
3 0.2516499203125 0.3785163359375 0.2660989078125 0.38720090156250003 0.3070251203125 0.3568852421875 0.3101012828125 0.343421509375 0.2991608875 0.33922188593749997 0.2516499203125 0.3785163359375
3 0.575189840625 0.2223729453125 0.5691579109375 0.219011465625 0.5163060484375 0.239519096875 0.5142062359375 0.2449892953125 0.52178515 0.2552208484375 0.569028609375 0.235698471875 0.575189840625 0.2223729453125
2 0.5223468812500001 0.256482515625 0.53371970625 0.27863081562500003 0.5752165546875 0.2631787625 0.5780163046875 0.25588516562499997 0.563282 0.2397687953125 0.5223468812500001 0.256482515625
2 0.5833037703125 0.1930603515625 0.5192350984375 0.21553849375 0.5151825859375 0.23699576093750002 0.5803747203125 0.2170409546875 0.5833037703125 0.1930603515625
2 0.44606724062499997 0.2617208265625 0.429933059375 0.2492512546875 0.39082134218750003 0.26666491406250004 0.3870452421875 0.2819520453125 0.39490057031250003 0.28601346250000004 0.443967428125 0.26719102499999997 0.44606724062499997 0.2617208265625
2 0.3914097875 0.3087323984375 0.3877808 0.3345364015625 0.46011941875 0.3068644734375 0.4543549984375 0.28373091875 0.438791453125 0.2861249546875 0.3914097875 0.3087323984375
2 0.2677841015625 0.39098590781250003 0.2812567375 0.407664009375 0.315312878125 0.378895334375 0.3088485203125 0.3575851796875 0.282777009375 0.373728265625 0.2677841015625 0.39098590781250003
2 0.29199659218749996 0.3197351296875 0.22724579218750002 0.3712405484375 0.235299240625 0.3937431390625 0.29341427656249996 0.34329220781249997 0.29199659218749996 0.3197351296875