4 0.46283072968749994 0.690658253125 0.4767839234375 0.6826141375 0.4798348734375 0.6660920531250001 0.49674260625000005 0.6470492812499999 0.5049072375 0.6540981875 0.509098015625 0.65140878125 0.499528425 0.6457166296875 0.503767409375 0.6402655078125 0.5174795734375001 0.64602996875 0.5512468312500001 0.6107061421875 0.4847899578125 0.5404822171875 0.5312500671875 0.49018588437500005 0.379317653125 0.3314494453125 0.3401231125 0.36396685781250004 0.29511643125 0.40733129375 0.2977094265625 0.41704550156250003 0.337103515625 0.4550276421875 0.294882390625 0.49987285468750003 0.293356915625 0.508133896875 0.355719421875 0.575523796875 0.37374287968750003 0.5716945625000001 0.390168553125 0.5802689437499999 0.3857608484375 0.59538606875 0.3937085515625 0.6148626921875 0.46283072968749994 0.690658253125
0 0.35448631875 0.329634734375 0.3415301109375 0.315144975 0.3137836796875 0.28748591874999996 0.2940280921875 0.26990970000000003 0.26810697656250004 0.30803470625 0.254197121875 0.3258317109375 0.31940916874999997 0.389971165625 0.3256486625 0.382309084375 0.339529478125 0.366176796875 0.3657634140625 0.34193408281250004 0.35448631875 0.329634734375
5 0.48938735156249996 0.751898046875 0.4822902390625 0.7628243921875 0.4510125734375 0.7346528734375 0.439652375 0.7524111984374999 0.4640980609375 0.7763196296875 0.472335 0.7792259625 0.4962434328125 0.7547802765625 0.48938735156249996 0.751898046875
5 0.501839171875 0.750734115625 0.5355100187499999 0.7209337203125 0.515182803125 0.6984784546875 0.4842977734375 0.7269461984375 0.501839171875 0.750734115625
1 0.21613800468750002 0.2844224359375 0.20174139218749998 0.2965804390625 0.19577471562499998 0.3084430921875 0.2277848625 0.30808525625 0.2472082984375 0.3241145984375 0.256677265625 0.31061446875 0.27595222812500003 0.28546681875 0.287065621875 0.2623926984375 0.2776075484375 0.2541021765625 0.26639999531249997 0.24024105156250003 0.250877746875 0.2196565390625 0.2415653640625 0.24534745 0.23052928593750002 0.263990903125 0.21613800468750002 0.2844224359375
2 0.23420334999999998 0.3376307453125 0.2468950625 0.32102120625 0.2249719265625 0.30823651875 0.2005953703125 0.3091397078125 0.15955203906249998 0.35138672031249996 0.12262515 0.38617592031250003 0.07713848749999999 0.4292311984375 0.111523915625 0.463936803125 0.17100750468749998 0.40562354687499996 0.209332253125 0.366872403125 0.23420334999999998 0.3376307453125
2 0.2542432671875 0.22581443124999998 0.27480988906250003 0.24858319999999998 0.28707474374999997 0.266548325 0.30161491875 0.24554181718749998 0.319251915625 0.21161105937500002 0.2778385859375 0.18666062187500002 0.27431173593749997 0.1857132265625 0.264245859375 0.204140259375 0.2542432671875 0.22581443124999998
5 0.61819111875 0.447732690625 0.5759147765625 0.3993947265625 0.5637939359375 0.3879831125 0.5533623609375 0.376041015625 0.48726962343749997 0.44096677656249994 0.53229630625 0.4921528015625 0.5501912390625 0.4935852265625 0.581505503125 0.528291903125 0.6068082218749999 0.554493634375 0.6187502390625 0.5440621828125 0.629731834375 0.556573878125 0.665027290625 0.5235902718750001 0.6502538765625 0.5037323828125 0.6616458 0.4927313296875 0.64406343125 0.47338437187500004 0.61819111875 0.447732690625
5 0.5849658843750001 0.57814403125 0.6004204515625 0.5632197296875 0.600589171875 0.5535537265625 0.5883783796875 0.5409090828124999 0.563547046875 0.539094371875 0.5659472171875 0.559855440625 0.5849658843750001 0.57814403125
5 0.4960677234375 0.68571329375 0.5142840046875 0.6708371984375 0.49938380625 0.654001775 0.4867150578125 0.667593425 0.4960677234375 0.68571329375
5 0.35945224531250003 0.5990706859375 0.3744006484375 0.6131443937500001 0.3869006765625 0.6092187484375 0.38299913281250003 0.5953378625 0.3610741328125 0.5852862125 0.35945224531250003 0.5990706859375
5 0.4473279578125 0.7083442703125 0.452417534375 0.73329611875 0.4861365875 0.70073400625 0.480781878125 0.6909715921874999 0.4697109140625 0.6921596265625001 0.4473279578125 0.7083442703125