4 0.42245574531249996 0.43834806875 0.42074224375 0.49632076875 0.47747430937499996 0.4964863421875 0.539998878125 0.49734839375 0.5470581578125 0.49686139999999995 0.550424859375 0.49256466562499995 0.5514178515625 0.4432807453125 0.55065885 0.35429630156249997 0.5503722859375 0.3378791203125 0.5473130421875 0.3294565453125 0.5491068578125 0.3108840484375 0.5035284828125 0.3104564265625 0.504249246875 0.29579317656250004 0.49732913281249996 0.29103041093750004 0.46675995937500003 0.292340825 0.4654540015625 0.3124385828125 0.42160553125 0.3115705203125 0.42146404843749996 0.3620172421875 0.42160961874999997 0.409391465625 0.42245574531249996 0.43834806875
5 0.5659453421875 0.7527938468750001 0.5665687875 0.6765994859375 0.5644455265625 0.6668694359375 0.4765342 0.6664505109375 0.47204412968750004 0.6889932437499999 0.47508773125000003 0.7514496390625001 0.4820078453125 0.7562124031249999 0.5659453421875 0.7527938468750001
0 0.45235086874999997 0.23223612343750002 0.4582585015625 0.240373246875 0.46523172500000004 0.2427551109375 0.4657477984375 0.22220824218750002 0.44838083125 0.22274044843750002 0.45235086874999997 0.23223612343750002
0 0.549860434375 0.27822069531250004 0.5022205671875 0.2790522515625 0.5006384125000001 0.2642469046875 0.48616249843750003 0.26680754375000004 0.48941556249999996 0.285308275 0.4978136859375 0.2844266359375 0.49842622031249995 0.2891836765625 0.5087897859375 0.29138664687500004 0.5088024390625 0.30727888124999997 0.5445378609375 0.30974060468750003 0.5494028875 0.3086789734375 0.5500895640625 0.292062896875 0.549860434375 0.27822069531250004
0 0.5075295109375 0.58282905625 0.4952390515625 0.5757912921874999 0.49671483125 0.6306756953125 0.478861496875 0.6460666875000001 0.4745431390625 0.6508042484375001 0.4689940265625 0.6591894375 0.4701467609375 0.6659035734375001 0.5141619640624999 0.6661713234375 0.5141767078124999 0.652184515625 0.5097227671875 0.64915415 0.5075295109375 0.58282905625
2 0.408296271875 0.190119628125 0.40753765 0.21467240625 0.44709911562500004 0.21476562187499998 0.4482414125 0.19044971093750002 0.408296271875 0.190119628125
3 0.4486768875 0.1695715703125 0.4068782390625 0.17030116875 0.40776037499999995 0.19012898125 0.44868876249999995 0.1903014609375 0.4486768875 0.1695715703125
2 0.4065187828125 0.1563015390625 0.40714285156249996 0.1696142390625 0.449431578125 0.1688760875 0.45086789843749997 0.16140546718749998 0.4499821921875 0.1555428828125 0.4065187828125 0.1563015390625
1 0.4644742234375 0.17814320625 0.4639364296875 0.1685476640625 0.463817584375 0.1554610296875 0.450530075 0.15545783124999998 0.45080708124999996 0.16337215 0.4497934671875 0.16894715 0.4485524890625 0.1853628390625 0.4480526171875 0.193298103125 0.44793391250000003 0.2030118828125 0.4471363015625 0.215486025 0.45572836875 0.21481435937499999 0.46433863437499995 0.2151857578125 0.46348963125 0.19641963125 0.46436378906250003 0.1867530796875 0.4644742234375 0.17814320625
5 0.5675039546875 0.5623079453125001 0.567026740625 0.5349683609375 0.5675770703125 0.5105409734374999 0.5673043765625 0.494918353125 0.5477761015625 0.49525922031249997 0.5322216546874999 0.49943756875 0.487272534375 0.49826873593750004 0.4843944234375 0.5012491078125 0.48487163750000006 0.52858869375 0.49093464062500003 0.5402033984375 0.49545385625 0.5752861203124999 0.504360884375 0.5819676265625 0.5590400546875001 0.5810131984375 0.567128584375 0.5817521046875 0.5676551015625 0.57288109375 0.5675039546875 0.5623079453125001
0 0.47319462031250004 0.72493455625 0.47235960468749993 0.7064780328125 0.47474629375 0.666928771875 0.4604448953125 0.6702569078125 0.45714263125 0.6867332765625 0.42771142968750003 0.704691965625 0.4131390953125 0.7218781562500001 0.41213588124999995 0.781926740625 0.44392221093749995 0.7813719078125 0.4434566421875 0.754699553125 0.45559987812499997 0.74525204375 0.47345426249999994 0.7398095171875 0.47319462031250004 0.72493455625
6 0.58823916875 0.7639733171875001 0.4446456625 0.7640565671874999 0.4454358921875 0.7799484359375 0.587491321875 0.77989206875 0.58823916875 0.7639733171875001
3 0.4890362453125 0.1902478859375 0.5936036687499999 0.19066030625 0.59271278125 0.17165574374999998 0.562547640625 0.17330114375 0.5379234421875 0.172052703125 0.4643921140625 0.172380315625 0.4644413125 0.1906771921875 0.4890362453125 0.1902478859375
2 0.593618346875 0.1915012296875 0.46333804375 0.1915375921875 0.4629743046875 0.20273227343750003 0.46429726562500007 0.2144569078125 0.5951267609374999 0.2138515265625 0.59440181875 0.20435406875 0.593618346875 0.1915012296875
2 0.592703159375 0.1560228359375 0.46384240312499997 0.1561411265625 0.464014384375 0.16599394218750002 0.4638458328125 0.17159074218749998 0.5683181328125 0.17095496875 0.5927205421874999 0.172271353125 0.592703159375 0.1560228359375