4 0.33714973593750003 0.49040451249999994 0.2925960421875 0.4790770859375 0.22912406562499998 0.47783775312500004 0.1997087109375 0.4807191765625 0.19953519375 0.5696344734375 0.3323349515625 0.572317628125 0.3387360625 0.5569066359375 0.351854303125 0.572999259375 0.3693535578125 0.5755646624999999 0.437739453125 0.575998434375 0.44083776406249997 0.571220840625 0.4425542375 0.49408531875 0.33714973593750003 0.49040451249999994
5 0.8194264562500001 0.47499978125000003 0.8206533921875 0.43986494687500005 0.8278600609375 0.4293678734375 0.7331571218749999 0.4270379328125 0.7325312578125 0.47294249062500004 0.8194264562500001 0.47499978125000003
5 0.7218482703125 0.582988259375 0.83021475625 0.58579534375 0.8328855125000001 0.48133272812500005 0.73340498125 0.475904475 0.7213525546875 0.4852551734375 0.7218482703125 0.582988259375
0 0.8194264562500001 0.47499978125000003 0.8206533921875 0.43986494687500005 0.8278600609375 0.4293678734375 0.7331571218749999 0.4270379328125 0.7344150296875 0.47496258906250005 0.8194264562500001 0.47499978125000003
0 0.15551038749999999 0.5059110984374999 0.196425421875 0.508494953125 0.1975522875 0.48650682031250003 0.1799848703125 0.4858933515625 0.156513903125 0.4854437390625 0.15551038749999999 0.5059110984374999
1 0.14689331875 0.5045938296875 0.14687040625 0.48871087187500006 0.096685734375 0.486958384375 0.0958635078125 0.5022343 0.1100060453125 0.502439403125 0.130772121875 0.5031645703125001 0.14689331875 0.5045938296875
3 0.1459158515625 0.5101097375 0.14659481875 0.504872171875 0.130175125 0.5037212531249999 0.1300423890625 0.5571383875 0.1299347609375 0.5759983937500001 0.1435983078125 0.576475534375 0.1459158515625 0.5101097375
3 0.14666564531249998 0.48863845 0.14916395 0.4339374828125 0.15014494375 0.40584549843750006 0.15532399531250002 0.4039808171875 0.10322549218749999 0.40216149687499997 0.1010268 0.43583620781250004 0.11510294843749999 0.42814556875000004 0.13299426718750001 0.42924801874999996 0.13382670624999998 0.43736798906249996 0.13387801562499999 0.4518776375 0.1321370546875 0.4777635578125 0.1326324578125 0.48754575312500004 0.138641825 0.4878133359375 0.14666564531249998 0.48863845
2 0.1012502265625 0.4337821359375 0.09929869062499999 0.445943734375 0.0979760921875 0.48679190156249996 0.1311551140625 0.48747620312500006 0.13289669843750002 0.4647695578125 0.13309505625 0.42953508906250004 0.1135757046875 0.42885345781249995 0.1012502265625 0.4337821359375
2 0.12850211875 0.5770304625 0.1305760890625 0.504057278125 0.09693988125 0.5028826765625001 0.09561788437499999 0.551348234375 0.09437563593750001 0.5763130750000001 0.11237811718749999 0.5769417359375 0.12850211875 0.5770304625
6 0.49242402968750004 0.568141925 0.49565826093750004 0.4932710765625 0.44558438437500003 0.4912596609375 0.44554719374999996 0.5762710875 0.6017020109375 0.5817241328125 0.7237677 0.586135821875 0.72351616875 0.5755921421875 0.5963432281250001 0.5736299796875 0.49242402968750004 0.568141925
6 0.8448058578125 0.454787165625 0.84568775 0.4295330953125 0.8296440078125 0.42945909843749996 0.8235786421875 0.43605472812499996 0.8312135015625 0.440211340625 0.8382779234375001 0.4467792453125 0.8448058578125 0.454787165625