4 0.35943999375 0.43634967343750003 0.49894691875 0.29107989375 0.49152296250000005 0.2717398234375 0.441529559375 0.22545612343750002 0.419274471875 0.2101964234375 0.3964289578125 0.23060260000000002 0.36776278906250004 0.260648353125 0.33413250156249996 0.29154172031250003 0.3092986875 0.31641369375 0.2679337453125 0.35609444218749997 0.28104879843749997 0.3747231453125 0.3453613 0.43435735781249996 0.35943999375 0.43634967343750003
0 0.3027364625 0.426128059375 0.2802195203125 0.40181334218750003 0.26817436250000004 0.3764451640625 0.2551700296875 0.399234296875 0.182928228125 0.4737652875 0.231275415625 0.5225305453125 0.238428425 0.5299125140625 0.29794267812499997 0.468832225 0.32282754375 0.4441232125 0.3027364625 0.426128059375
2 0.7595157140625 0.7820539234375 0.8565108484374999 0.6726718640625 0.9134630640625 0.6113178593749999 0.8819229312499999 0.5786159609375 0.7034305562500001 0.7625712421874999 0.6287796515624999 0.83740935 0.5856613015625001 0.87916811875 0.6064161015625 0.901580034375 0.6298186359375 0.922975596875 0.6768888390625001 0.8714906484375 0.7595157140625 0.7820539234375
2 0.366618146875 0.7523599859375001 0.4582339125 0.8363061453125 0.4784423390625 0.8537347875 0.48953499999999994 0.8608687968750001 0.510089246875 0.87880094375 0.5528224500000001 0.9208766859375 0.5773481281249999 0.9372842609375001 0.5929207234375 0.9442176265625 0.609723221875 0.938527296875 0.6274482078125 0.9233692765624999 0.54558423125 0.844196571875 0.5157591906250001 0.8127449359375 0.2265679015625 0.5319505015625 0.2168801265625 0.556174959375 0.1855085421875 0.5773307890625 0.2329222390625 0.6236856390625001 0.300789784375 0.6857327703125 0.366618146875 0.7523599859375001
1 0.23106736875 0.537403646875 0.175676209375 0.4817414734375 0.14720675 0.50006649375 0.1396535828125 0.5266350671875 0.15599888125 0.549947175 0.181864478125 0.5710841078125 0.1874692015625 0.5790307968749999 0.2008975859375 0.5694096984375 0.21497480000000002 0.559539546875 0.23106736875 0.537403646875
2 0.151304090625 0.4957450109375 0.1759382265625 0.47993682812499994 0.119416253125 0.4264655125 0.10408463750000001 0.44067284687499997 0.087066271875 0.45260517343749995 0.0666650015625 0.4721356296875 0.0794451671875 0.484328915625 0.10169509218749999 0.50578888125 0.11495863437500001 0.51551935 0.1260924765625 0.5265967218750001 0.1358094734375 0.5339830859375 0.151304090625 0.4957450109375
5 0.5851277921875 0.419244471875 0.5994145328125 0.40636368593750005 0.6073586078125001 0.38852100156249997 0.6009371046875 0.35252356093750004 0.575957346875 0.34140185624999997 0.5694192265625 0.3320770140625 0.54352844375 0.34941217343750003 0.5278483406250001 0.3702244421875 0.5308053296875 0.397196515625 0.54388156875 0.4158462015625 0.5665821296875 0.4248841609375 0.5851277921875 0.419244471875
5 0.38446080781249997 0.5362150578125 0.358861603125 0.5234586890624999 0.34420444687499996 0.5353954640625 0.3349331078125 0.5506438359375 0.3340474828125 0.5632566703124999 0.34029295625 0.57313209375 0.357616965625 0.5820277 0.3829508296875 0.5708191375 0.3893060890625 0.5565449890624999 0.38446080781249997 0.5362150578125
5 0.2747061328125 0.369761246875 0.25952095937499997 0.391862853125 0.26685348750000004 0.3994034265625 0.2755793765625 0.3990125203125 0.2872874421875 0.3871215953125 0.2747061328125 0.369761246875
5 0.5043785609375 0.3244986578125 0.4971374625 0.328757578125 0.4876045734375 0.3501688 0.49910459218750003 0.3531509765625 0.513299903125 0.3284706953125 0.5043785609375 0.3244986578125
5 0.46636361718749997 0.383470946875 0.477081821875 0.369001346875 0.45538371718750004 0.34330601562499996 0.4481426203125 0.3475649375 0.44456148906250004 0.36521216875 0.4566478671875 0.381283178125 0.46636361718749997 0.383470946875
6 0.35481318906250003 0.48150015 0.346125459375 0.48948084999999997 0.3375960546875 0.479363996875 0.3239033421875 0.4657634234375 0.31244576562500004 0.451578159375 0.3022159296875 0.46479661562499996 0.3450866140625 0.5095560890625 0.3584658875 0.498134821875 0.36711751718749996 0.4893481390625 0.37774915625 0.4778884109375 0.39164323749999996 0.463536678125 0.4050993515625 0.446620203125 0.42368725625000003 0.4252742859375 0.43138615625 0.416853340625 0.450082378125 0.397925396875 0.464965334375 0.38401393281249996 0.45436866875000004 0.3791994328125 0.447127571875 0.383458353125 0.35481318906250003 0.48150015