2 0.474403378125 0.6002149375 0.5272515359375001 0.640576359375 0.7000997296875 0.41115899999999994 0.6256158843749999 0.3609190140625 0.5793318296875001 0.405088646875 0.603924784375 0.36513533593749997 0.578017359375 0.3476605578125 0.5891264296875 0.346908090625 0.5780935453125 0.3335765796875 0.5586629765625 0.3204704953125 0.54755390625 0.3212229640625 0.42515111875 0.5009854296875 0.5057053171875 0.55846320625 0.474403378125 0.6002149375
0 0.5935363484375 0.2827396265625 0.5725977140625 0.29806502031250004 0.5654795390625 0.31211090625 0.57033718125 0.31538742656249996 0.5855514265624999 0.30680240937500003 0.5935363484375 0.2827396265625
0 0.6061534843749999 0.25355568125 0.599336921875 0.261915271875 0.605474071875 0.27901224999999996 0.6200850906250001 0.2817998234375 0.628971721875 0.2913277734375 0.6016292875 0.33885011249999997 0.6448210249999999 0.3656274140625 0.637855221875 0.35150534218749996 0.67333181875 0.30240188125 0.6061534843749999 0.25355568125
5 0.5489508234375 0.263267834375 0.5547133046875 0.24948546875000002 0.542550153125 0.2448151625 0.5349049375 0.256149659375 0.5489508234375 0.263267834375
1 0.6320996625 0.1895162921875 0.6332323984375 0.204677646875 0.62901971875 0.222014740625 0.6133687171875 0.24289054999999998 0.6780021265625 0.29023872968750003 0.6897445140625 0.2739755140625 0.7169425781250001 0.25171730000000003 0.7140057640624999 0.24384665781249998 0.6320996625 0.1895162921875
2 0.77971521875 0.32680335 0.7949880859375 0.3088156984375 0.7188253125 0.2541651671875 0.7033475484375 0.261394490625 0.704100015625 0.27250356249999996 0.736747815625 0.295702728125 0.77971521875 0.32680335
2 0.6319528890624999 0.1908571890625 0.6060454656250001 0.1733824109375 0.5899644734375 0.191984325 0.6274699171875 0.21846001249999997 0.6337213453125 0.21443102500000003 0.6319528890624999 0.1908571890625
3 0.6265110453125 0.21875094218750002 0.5833471359375 0.18963651718750002 0.600077284375 0.1694885671875 0.5828116999999999 0.1578427828125 0.5555831812500001 0.18881895312500002 0.6173898375 0.234601446875 0.6265110453125 0.21875094218750002
3 0.76551586875 0.33513212812500004 0.778282246875 0.32842984531249997 0.6934150234375 0.26387824375 0.689149290625 0.2824442734375 0.76551586875 0.33513212812500004
2 0.7594898671875 0.3475588 0.7668334703124999 0.341910596875 0.6894128109375 0.2837999671875 0.681504075 0.293778771875 0.7594898671875 0.3475588
2 0.5515161 0.18960951406249998 0.547937965625 0.2001534515625 0.587062621875 0.2277213125 0.6067567109375 0.24218309062499999 0.616284659375 0.233296459375 0.5515161 0.18960951406249998