4 0.5608996937499999 0.5547217734375 0.552116790625 0.5927647078125 0.646610015625 0.6123541265625 0.6511679406249999 0.5733357781249999 0.6618939265625 0.5702466875 0.6764766843750001 0.49965059843750004 0.6937523671875 0.485598503125 0.7086905234375 0.420894240625 0.6893673609375 0.41342638593750003 0.6726791203125 0.4075691015625 0.46729357031249996 0.3681701125 0.45968008125 0.3794416515625 0.44986735468749994 0.4262864609375 0.452940409375 0.4390229328125 0.4955397265625 0.44986000937500004 0.4787569578125 0.5346446734375 0.5608996937499999 0.5547217734375
5 0.4267343875 0.45702679843749994 0.42028966093750003 0.49362441874999996 0.482798359375 0.5050489390624999 0.49290480625 0.448249440625 0.43757024062500005 0.4274564484375 0.4267343875 0.45702679843749994
5 0.5360781015625 0.5824957937499999 0.55042391875 0.5898167875 0.5578917718749999 0.570493625 0.5419353859375 0.565807553125 0.5360781015625 0.5824957937499999
0 0.6662791546875 0.5673611546874999 0.6515007515625 0.57509201875 0.6482857859375 0.607777965625 0.7115995796875 0.6210136203125 0.75253908125 0.5984185546874999 0.76753138125 0.51766548125 0.7030213765625 0.5029396203125 0.7064369359375 0.4881452015625 0.694493971875 0.4820487078125 0.6897924843750001 0.49231435156250003 0.6764156484375 0.4966545640625 0.6662791546875 0.5673611546874999
1 0.7998835125 0.525134559375 0.7734193546875 0.5191605484374999 0.764744703125 0.57314813125 0.7609774765624999 0.593668153125 0.7722328187499999 0.5861477421875 0.7853847140625 0.5879357546875 0.8042672937500001 0.6103356437499999 0.80998641875 0.613316003125 0.8219908374999999 0.5535882265625001 0.831123471875 0.5140304375 0.82238995625 0.5132046046875 0.7998835125 0.525134559375
2 0.8369514515625 0.486209615625 0.845955165625 0.43947931562500003 0.8325294953125001 0.435784546875 0.8222319406249999 0.43400237812500003 0.81760345 0.457063521875 0.8038776625 0.5238114875 0.80881385 0.5211827890625 0.8301881640625 0.5110836875 0.8369514515625 0.486209615625
2 0.7908828453125001 0.6971746859375 0.8083659234375 0.6142886375 0.793142615625 0.597744809375 0.7881690109374999 0.5919977546874999 0.779192471875 0.6365373875 0.7678602999999999 0.6931663734375 0.7908828453125001 0.6971746859375
3 0.7727468749999999 0.5871304140625 0.755073940625 0.6671314703125 0.75062514375 0.690494184375 0.7668425640625001 0.693802690625 0.7783960125 0.64375920625 0.7881690109374999 0.5919977546874999 0.785752740625 0.589261775 0.7727468749999999 0.5871304140625
2 0.756983128125 0.6024259843750001 0.7559575515625 0.6112094625 0.739972646875 0.68759928125 0.7503072203125 0.6899852046875 0.7711845328125 0.5886663859375 0.769281465625 0.588227028125 0.7583012 0.5967167843750001 0.756983128125 0.6024259843750001
2 0.7902286640625 0.44974130468749995 0.7838982453125001 0.48036262812499997 0.7746049390625 0.518730378125 0.7871019218749999 0.5211798937500001 0.7967153765625 0.47199541875 0.8056278953125 0.429619146875 0.795500953125 0.42690450625 0.7902286640625 0.44974130468749995
3 0.815733284375 0.4650597421875 0.821240975 0.4336592890625 0.814404434375 0.43120970156249994 0.805945803125 0.4301281203125 0.79318250625 0.48729795625000005 0.7870064359375 0.521593490625 0.8023016203125 0.5251246625 0.811594928125 0.4867569109375 0.815733284375 0.4650597421875
5 0.374055621875 0.4533327359375 0.36192932031249997 0.4387792609375 0.3377296171875 0.4344739265625 0.324406928125 0.44442739375 0.31942713437500003 0.4703384703125 0.3306792953125 0.4908682125 0.3544691265625 0.4942234703125 0.3724205 0.479566203125 0.374055621875 0.4533327359375
5 0.521295375 0.5510199296875 0.523344078125 0.5595109109374999 0.5359336890625 0.5614152015625 0.5378379796874999 0.548825590625 0.5264195796875 0.5461894453125 0.521295375 0.5510199296875
2 0.2345201984375 0.3253252203125 0.2316811984375 0.340708375 0.22628902499999998 0.37332277187499996 0.20724963437500002 0.4758510828125 0.18605228437500002 0.5707529796874999 0.20431587499999998 0.5749694609375 0.230644375 0.45166992187500005 0.255515240625 0.3315979546875 0.259161178125 0.314262621875 0.2373334515625 0.3085104953125 0.2345201984375 0.3253252203125