0 0.7508182624999999 0.44267584375 0.6584517921875 0.44935269218749996 0.66632323125 0.472676971875 0.6659611546875001 0.4824790265625 0.664746146875 0.5150366656250001 0.674718178125 0.5178310500000001 0.690774503125 0.5177557734375 0.6913090484375 0.525400125 0.69379229375 0.5409390734375 0.7025032546875 0.540679125 0.7064371671874999 0.532023971875 0.7043815703125 0.5126142671875 0.766974053125 0.5089357328124999 0.7636259140625 0.441081934375 0.7508182624999999 0.44267584375
5 0.39721761718750004 0.6065906234375 0.4188576984375 0.6064740953125 0.4323675859375 0.599942690625 0.4418143375 0.60587924375 0.449968896875 0.596498496875 0.44733931406250005 0.5868929031250001 0.4568797921875 0.57099345 0.47048819843749995 0.553947865625 0.46208951249999997 0.5056837468750001 0.4605967671875 0.46849219218749993 0.4506864515625 0.4474716296875 0.44029408593749997 0.44365914687499997 0.4405783421875 0.45271764531249997 0.42891759374999994 0.45073970625 0.41634322656249995 0.445683134375 0.4011444078125 0.4442600375 0.38772953125 0.4459381484375 0.378308971875 0.453688425 0.3698337640625 0.464647984375 0.370065809375 0.47580167968750003 0.3661282 0.48655555625 0.37079466562499996 0.5002243921875 0.3733642078125 0.5101422234374999 0.37945820937499997 0.517397796875 0.38063178125 0.5289049296874999 0.373247040625 0.535295003125 0.37392825625000004 0.545036840625 0.3821304546875 0.5503369703125001 0.3828116703125 0.5600788062500001 0.3763478640625 0.5727839375 0.3771423921875 0.5891393078125 0.38752016718750004 0.6027295234375 0.39721761718750004 0.6065906234375
4 0.6435326640625 0.43573083593749995 0.6419703265625001 0.4183816421875 0.583700503125 0.41896456718749997 0.5471436921875 0.42047337812499996 0.5456663390625 0.4293058828125 0.5351166625 0.434930940625 0.5289740671875001 0.4269804546875 0.5162150046875 0.4292693234375 0.5111172203125001 0.43625996562499997 0.5115302796875 0.4421669875 0.476387596875 0.44392604531249996 0.47755864218750005 0.49063275937500006 0.46137011718750004 0.4910664609375 0.46407644843750007 0.542905878125 0.48026156249999996 0.5396791000000001 0.484484403125 0.620041784375 0.530721690625 0.6171577359375 0.6777157500000001 0.6100214296875001 0.6797811421875 0.5896251968749999 0.680391109375 0.5633948796875 0.677939465625 0.54331455625 0.6732159421875 0.51571136875 0.6631880125 0.5171109 0.6662709109375 0.4812786046875 0.6586461703125 0.4521324390625 0.6560657375 0.43520361718749995 0.6435326640625 0.43573083593749995
6 0.6795721765625 0.5966232046875 0.6766976546875 0.6104418 0.687969640625 0.6068601984375 0.6972783312499999 0.6051617828125 0.6965008140625 0.5940427703125 0.69560180625 0.58118635625 0.69418525625 0.565922021875 0.6935122265625 0.5513039796875 0.69192559375 0.5336073296875 0.690759315625 0.5169287765624999 0.6730385578125 0.5181679328125 0.6771546359375 0.5370844 0.679008553125 0.5586032125 0.6802720203125 0.576671640625 0.6795721765625 0.5966232046875
6 0.47488326093750005 0.6167145484375001 0.48047371875 0.6155841296875 0.483434475 0.6156235859375 0.4820776828125 0.585645134375 0.4806985765625 0.5588727921875 0.48035897343749995 0.53991583125 0.46917806874999995 0.542176703125 0.47081624531250005 0.5479781906250001 0.472106209375 0.5523250359375 0.47221597656250003 0.5609449796875 0.472651646875 0.5742256578125 0.4741679859375 0.6029604187500001 0.47488326093750005 0.6167145484375001
6 0.46930419062500006 0.49110357968749996 0.4781178578125 0.4902407578125 0.47740989375 0.48493755156249996 0.47503026875 0.446086184375 0.47084300468749996 0.4461324765625 0.46677580625 0.447895909375 0.4664172796875 0.45334403593749995 0.46680295781250003 0.4592476875 0.4676403234375 0.46730916875000006 0.46827499375 0.4763853765625 0.46930419062500006 0.49110357968749996
1 0.8290140828125001 0.44491845 0.8280097140624999 0.4337653 0.8276119953125001 0.42520693749999994 0.8267286781250001 0.4218655921875 0.8205883453125 0.42276123749999994 0.80024625 0.43984685 0.7697920484375 0.4422331046875 0.7707386374999999 0.44934987031249995 0.773714184375 0.5079522109375 0.8029301484375001 0.50622758125 0.8092725953125001 0.5092816765625 0.8171437296875 0.5159142125 0.8217783031250001 0.521201815625 0.831492665625 0.52209379375 0.83202066875 0.510384571875 0.8316770296874999 0.5054703109375 0.8311256359374999 0.500795065625 0.8305461609375 0.4828782140625 0.8292559468749999 0.47084720312500006 0.828885965625 0.455926284375 0.8290140828125001 0.44491845
2 0.8054345734374999 0.52501544375 0.80660445625 0.5642154359375 0.80847415 0.5941632984375 0.8092723046874999 0.6152074046875 0.81597348125 0.6147388125 0.8336355328125 0.613728221875 0.8328904765624999 0.5998633578125 0.8321969671874999 0.5835257359375 0.8303502109374999 0.54836280625 0.8298052374999999 0.5405693375 0.8290339812499999 0.5222429046875 0.8238026875 0.5212618984375 0.8185760953125 0.51713801875 0.8109751953125001 0.5111599906250001 0.8043927406250001 0.5069064484375 0.8054345734374999 0.52501544375
3 0.8042958625000001 0.5183610640625 0.803836659375 0.5053740765625 0.786922821875 0.5074546734375 0.7934128484375 0.61631640625 0.80948005625 0.6149684046874999 0.8042958625000001 0.5183610640625
2 0.7793716140625 0.617747196875 0.7936518328125 0.6165241546875 0.7928405749999999 0.59993309375 0.7864916921875 0.5077092953125 0.7730737203125 0.508423096875 0.7739078015625 0.5267710937500001 0.7793716140625 0.617747196875
2 0.8113280671875 0.42953642968750005 0.8205883453125 0.42276123749999994 0.8253786921874999 0.4218199078125 0.8217721125 0.34777345625 0.8072372718749999 0.3485653265625 0.796068646875 0.3493463140625 0.7965997234375 0.3569410796875 0.799184775 0.40995907656249997 0.8001986109375 0.4251659734375 0.80142310625 0.43875882187500004 0.8113280671875 0.42953642968750005
3 0.8016464859375001 0.4387432015625 0.7999095171875 0.42674343124999997 0.798294440625 0.39722667968750003 0.7956375171875 0.349600965625 0.78046379375 0.35088645937499996 0.7837470484375 0.417099203125 0.784762340625 0.4316185609375 0.7849872625 0.4412549421875 0.7957247625 0.44072854687499996 0.8016464859375001 0.4387432015625
2 0.7843391859375 0.42235918437500003 0.7804794125 0.35110980937499997 0.7731237359375001 0.35184867343750004 0.765975825 0.352348503125 0.7683765890625 0.3898911359375 0.7695220671875 0.42045845625 0.7706757875 0.442031225 0.7847638828125 0.4412705625 0.7840969265625 0.4285225453125 0.7843391859375 0.42235918437500003