4 0.5536042343750001 0.5392350671874999 0.5543854031250001 0.5111263453125 0.4544019796875 0.508783959375 0.45362087031250004 0.5439198390625 0.441904065625 0.5407966671875 0.43896088750000006 0.7134923140625 0.4710983953125 0.714384640625 0.49423910312499997 0.7141336828125 0.5215783140625 0.711791265625 0.5215783140625 0.6922713328125 0.566618290625 0.69029149375 0.5653210390625001 0.5384542515625 0.5536042343750001 0.5392350671874999
5 0.560546875 0.5185546875 0.625 0.5205078125 0.64733873125 0.5181535328125 0.64453125 0.3779296875 0.5576171875 0.375 0.560546875 0.5185546875
5 0.595703125 0.3544921875 0.6449953453124999 0.353405321875 0.6449953453124999 0.3213925984375 0.6449953453124999 0.30031107968750004 0.5947265625 0.298828125 0.595703125 0.3544921875
5 0.47265625 0.4267578125 0.4609375 0.4345703125 0.4434662828125 0.4353890265625 0.42862498593750004 0.4471009875 0.4278438765625 0.477552065625 0.43253058749999995 0.5033183718750001 0.4677734375 0.50390625 0.4921875 0.5029296875 0.55594761875 0.5040991874999999 0.5478515625 0.373046875 0.4736328125 0.375 0.47265625 0.4267578125
0 0.678976396875 0.37453435625 0.652418234375 0.376095940625 0.65476161875 0.44012132968750006 0.6586672203124999 0.5174202765625 0.65007485 0.52210505 0.560246075 0.5260090359375 0.5625894 0.5306938078125001 0.5692818046875 0.542540903125 0.5664407140625001 0.598384 0.5692818046875 0.676942934375 0.5805551906249999 0.687634090625 0.574016871875 0.7204816171874999 0.5702287921875 0.7441439375 0.58836639375 0.7586866359375 0.584434121875 0.836900275 0.6469376234374999 0.837846765625 0.646950415625 0.7219891859375 0.6805386140625 0.6884148765625 0.678976396875 0.37453435625
2 0.54296875 0.8642578125 0.5478515625 0.875 0.576171875 0.8740234375 0.58203125 0.8544921875 0.5751953125 0.8515625 0.5537109375 0.8515625 0.54296875 0.8642578125
2 0.37514206875 0.8747600156249999 0.3642578125 0.853515625 0.3173737 0.852044184375 0.3173737 0.87570650625 0.37514206875 0.8747600156249999
3 0.3173737 0.8861179312499999 0.574016871875 0.8861179312499999 0.5768579640625 0.8747600156249999 0.3192677390625 0.8738135249999999 0.3173737 0.8861179312499999
2 0.369140625 0.8740234375 0.3642578125 0.853515625 0.319646909375 0.8537004390625 0.319646909375 0.8745232906249999 0.369140625 0.8740234375
2 0.69428880625 0.87570650625 0.6943359375 0.853515625 0.64314954375 0.852990675 0.6469376234374999 0.8738135249999999 0.69428880625 0.87570650625
3 0.5825400187499999 0.8510976625 0.583487134375 0.8416327593749999 0.3203125 0.8427734375 0.3183207515625 0.8501511718750001 0.5825400187499999 0.8510976625
3 0.69140625 0.8525390625 0.6923828125 0.84375 0.64409653125 0.8425792484375 0.64409653125 0.8510976625 0.69140625 0.8525390625
3 0.6943359375 0.888671875 0.69428880625 0.8738135249999999 0.6478846109374999 0.8738135249999999 0.6474609375 0.888671875 0.6943359375 0.888671875
1 0.578125 0.8701171875 0.5778049515625 0.8861179312499999 0.6488315984375 0.887064421875 0.646484375 0.8759765625 0.641255440625 0.8444722296875 0.5863280984375 0.8444722296875 0.578125 0.8701171875
6 0.5419921875 0.73828125 0.56640625 0.7373046875 0.5673828125 0.72265625 0.5458984375 0.72265625 0.5390625 0.7314453125 0.5419921875 0.73828125