4 0.3486328125 0.34765625 0.34375 0.3525390625 0.33984375 0.4365234375 0.3515625 0.4443359375 0.3515625 0.4638671875 0.34375 0.4697265625 0.3427734375 0.537109375 0.47754256875 0.547238240625 0.5900238453125 0.558169415625 0.603515625 0.3994140625 0.6005859375 0.3671875 0.4833984375 0.34765625 0.3486328125 0.34765625
0 0.328125 0.4365234375 0.33984375 0.4189453125 0.3408203125 0.3671875 0.3193359375 0.3671875 0.3056640625 0.392578125 0.24609375 0.3916015625 0.2451171875 0.431640625 0.3095703125 0.43359375 0.31640625 0.4365234375 0.3173828125 0.4609375 0.349609375 0.4619140625 0.3486328125 0.4453125 0.3369140625 0.451171875 0.328125 0.4482421875 0.328125 0.4365234375
5 0.673828125 0.4501953125 0.6796875 0.4111328125 0.673828125 0.3916015625 0.6533203125 0.380859375 0.6259765625 0.380859375 0.61328125 0.3916015625 0.611328125 0.4033203125 0.609375 0.5029296875 0.6796875 0.5068359375 0.693359375 0.4990234375 0.69921875 0.4833984375 0.6953125 0.4658203125 0.673828125 0.4501953125
2 0.2453851265625 0.36175159687499997 0.27749039531249997 0.30551070937499997 0.24106324687499997 0.30612873125 0.2243932140625 0.35927947968749996 0.2453851265625 0.36175159687499997
3 0.22377584218750002 0.3555712890625 0.24600255468749999 0.30551070937499997 0.2243932140625 0.30427463593750004 0.20340135781250002 0.35371719218750003 0.22377584218750002 0.3555712890625
2 0.20401872812500002 0.3561893109375 0.2268628671875 0.3036566140625 0.20463615625 0.30118449531249997 0.186113896875 0.34321064218749997 0.20401872812500002 0.3561893109375
1 0.20401872812500002 0.3598975015625 0.18426167031250001 0.3438286921875 0.181640625 0.3720703125 0.17500054062499998 0.4408596828125 0.195992453125 0.42664494062499997 0.23365434375 0.43097118281249996 0.244150328125 0.36360569374999996 0.20401872812500002 0.3598975015625
2 0.18359375 0.5849609375 0.1963047171875 0.42902566875000003 0.17578125 0.4423828125 0.166015625 0.5849609375 0.18359375 0.5849609375
2 0.1845703125 0.611328125 0.16796875 0.6162109375 0.1796875 0.6455078125 0.2041015625 0.671875 0.2314453125 0.6875 0.2578125 0.6904296875 0.259765625 0.6767578125 0.2158203125 0.65625 0.197265625 0.6376953125 0.1845703125 0.611328125
2 0.2158203125 0.4296875 0.203125 0.6025390625 0.21875 0.6337890625 0.2353515625 0.646484375 0.24609375 0.6474609375 0.234375 0.6337890625 0.220703125 0.5966796875 0.23046875 0.4306640625 0.2158203125 0.4296875
3 0.2148269765625 0.4259355 0.19506991875 0.429643690625 0.18519136249999998 0.608872934375 0.20247882343749998 0.6478089406249999 0.26113262656249997 0.67685641875 0.2580456015625 0.693543278125 0.2845941359375 0.696633475 0.2864463609375 0.672530234375 0.266689303125 0.65769746875 0.22655776093750002 0.6447188015624999 0.2018613953125 0.608872934375 0.2148269765625 0.4259355
3 0.1833391359375 0.6101089796875 0.1858087890625 0.5878598328125 0.166015625 0.5888671875 0.1672865296875 0.615671265625 0.1833391359375 0.6101089796875
2 0.77808899375 0.7332331703125 0.7783203125 0.71484375 0.2880859375 0.67578125 0.287104021875 0.6960361578125001 0.77808899375 0.7332331703125