4 0.587890625 0.3935546875 0.595703125 0.3818359375 0.595703125 0.3369140625 0.5908203125 0.328125 0.4970703125 0.326171875 0.4921875 0.3330078125 0.494140625 0.3720703125 0.4990234375 0.375 0.5029296875 0.369140625 0.5205078125 0.375 0.5185546875 0.37890625 0.384765625 0.3837890625 0.3828125 0.5048828125 0.3876953125 0.533203125 0.4853515625 0.533203125 0.4982231 0.5350270140625 0.5006184499999999 0.5440096750000001 0.5251713140625001 0.543410834375 0.5251713140625001 0.5320327859375 0.548828125 0.5322265625 0.5791015625 0.529296875 0.587890625 0.5087890625 0.583984375 0.4208984375 0.587890625 0.3935546875
5 0.5377471796875 0.6314408453125 0.537109375 0.6689453125 0.56640625 0.6728515625 0.57421875 0.6572265625 0.5718816078125 0.633237390625 0.5498046875 0.62890625 0.5377471796875 0.6314408453125
0 0.5094888734375 0.3146257890625 0.4857797203125 0.3159806 0.483747540625 0.3640757078125 0.4810379375 0.37965583281250004 0.49323120156250005 0.3823654078125 0.49458600468749997 0.326141540625 0.57519698125 0.32681891093750004 0.578125 0.3134765625 0.5765518296875001 0.250273128125 0.5094888734375 0.2536601203125 0.5094888734375 0.3146257890625
1 0.5896113953125 0.186461034375 0.572117628125 0.186461034375 0.5029563625 0.19052930625 0.49115826562500003 0.1929702640625 0.509765625 0.2119140625 0.511499796875 0.245797565625 0.5497419375 0.2445770828125 0.5757791078125 0.24294978281250001 0.5765927953125 0.2213879671875 0.576171875 0.2099609375 0.5896113953125 0.186461034375
3 0.4873556609375 0.2124979609375 0.420635371875 0.2177866875 0.370188346875 0.22022765312499998 0.3718156359375 0.2348734125 0.48613518593749994 0.22877100781249998 0.5087890625 0.228515625 0.509765625 0.2138671875 0.4873556609375 0.2124979609375
2 0.4922376421875 0.1929702640625 0.4716796875 0.193359375 0.3798828125 0.197265625 0.3665268671875 0.1986658375 0.3673404984375 0.21005699687499998 0.36774736875 0.219820840625 0.5009765625 0.212890625 0.5105450390625 0.21209112187499998 0.4951171875 0.1953125 0.4922376421875 0.1929702640625
2 0.4482421875 0.23046875 0.395818703125 0.2348734125 0.3718156359375 0.2360938875 0.3718156359375 0.255214753125 0.3856478953125 0.25399427812500003 0.494271803125 0.247485034375 0.5113587265625 0.246671396875 0.5097313531250001 0.228364196875 0.4482421875 0.23046875
2 0.6037414203125 0.1862859953125 0.5889230609375 0.1872419875 0.5774669 0.2083224515625 0.5927230640625 0.2083224515625 0.60543654375 0.20705111562499998 0.626201871875 0.2062035484375 0.6266256671875 0.1854384359375 0.616454871875 0.1854384359375 0.6037414203125 0.1862859953125
3 0.6266256671875 0.2231546609375 0.626201871875 0.2062035484375 0.5770431046875 0.20789866093749998 0.5766193375 0.22400221406249998 0.6266256671875 0.2231546609375
2 0.5766193375 0.22357845156249997 0.5770431046875 0.24222466250000002 0.587637665625 0.24222466250000002 0.615234375 0.2412109375 0.6259765625 0.240234375 0.626201871875 0.22357845156249997 0.6011987078125001 0.22357845156249997 0.5766193375 0.22357845156249997
5 0.583984375 0.4423828125 0.591796875 0.4443359375 0.6015625 0.4267578125 0.5986328125 0.419921875 0.5869140625 0.41796875 0.583984375 0.4423828125
4 0.598231034375 0.5272420546875 0.5934402515625 0.5194570749999999 0.5371483109375 0.5350270140625 0.5401425703125 0.551794634375 0.5400390625 0.5703125 0.564096565625 0.57335300625 0.578125 0.5732421875 0.5898471234375 0.5691610953125 0.5898471234375 0.5511957921875 0.5904459515625 0.5344281718749999 0.598231034375 0.5272420546875
5 0.505859375 0.5947265625 0.517578125 0.5966796875 0.533203125 0.5888671875 0.5341796875 0.57421875 0.505859375 0.5751953125 0.505859375 0.5947265625