4 0.6950863546875 0.31051270937500003 0.6122301421875 0.2873748453125 0.5999293546875 0.3276317390625 0.621594940625 0.33363588437499997 0.6240830015625 0.3402237984375 0.5993431375 0.33451215 0.5863153921875 0.3214819578125 0.5413736499999999 0.3121085890625 0.5205806578125001 0.3674431546875 0.5107654828125 0.4403459015625 0.596988471875 0.466265546875 0.657594103125 0.47725070937499997 0.6754621265625 0.3911733578125 0.698598765625 0.3213461140625 0.6950863546875 0.31051270937500003
0 0.7222117234375001 0.23736743124999998 0.711196946875 0.23204762343750002 0.6559677125000001 0.21772664062499997 0.6504432296875 0.239068775 0.6474738359375001 0.25134079374999996 0.639972240625 0.272714409375 0.6203677015625 0.26708807968750004 0.6146607421875 0.2870422359375 0.6428891609375 0.2950262890625 0.6883652921875 0.307725809375 0.699908134375 0.31332473437499997 0.7035255609375 0.2976559453125 0.712152559375 0.2714076015625 0.7182466640625 0.24818812812500002 0.7222117234375001 0.23736743124999998
5 0.5209906359375001 0.6782353390625 0.5139645890625 0.669597496875 0.482491171875 0.6583222859375 0.4718021796875 0.682915290625 0.4808769296875 0.7000441125 0.5013713046875 0.7067801125 0.5180619937500001 0.686579459375 0.5209906359375001 0.6782353390625
5 0.5251051796875 0.5128117375000001 0.53066751875 0.51910715625 0.5619952984375 0.52233074375 0.6012266171875 0.5434150078125 0.6477373265625 0.5481406453125001 0.6546630125 0.5116527671875 0.6530548921875 0.4882297515625 0.6365135109375 0.477395121875 0.5451663171875001 0.45630596093750003 0.5341860515625 0.4647957171875 0.5251051796875 0.5128117375000001
5 0.5624726265625 0.703765909375 0.5702442515625 0.7209765140625 0.591365934375 0.7280551265625 0.6037516125 0.7125616953125 0.5897088078125 0.6843598453124999 0.56778258125 0.6807659687500001 0.5624726265625 0.703765909375
1 0.7243960484375 0.228761840625 0.7281818375 0.2103778046875 0.7296462906250001 0.1912057359375 0.7502899734375 0.1669064515625 0.7582247859375 0.1607356796875 0.7391652953125 0.1543156171875 0.6687518328125 0.13805938906249998 0.6703599546875 0.1614824046875 0.659376015625 0.20905906875000002 0.7243960484375 0.228761840625
2 0.730058725 0.20412048125 0.724154709375 0.2281239953125 0.73344875 0.23117135625000002 0.7781386421875001 0.24384856250000003 0.835721075 0.2643901046875 0.8617601484374999 0.27402549375 0.869013425 0.2535949046875 0.8303519296875 0.2374216046875 0.7922459296875 0.22355083593749997 0.7518375484375001 0.2102356609375 0.730058725 0.20412048125
3 0.7397198484375 0.18936872656249998 0.733107534375 0.186896965625 0.7296143859375 0.1913835921875 0.7288543078124999 0.19876966875 0.729129815625 0.20412635625000003 0.741063465625 0.20687085 0.7651044406249999 0.21451119218749998 0.784503175 0.22062348125 0.794528746875 0.223572784375 0.8023144109375 0.22669351875000002 0.834244040625 0.23822391562499998 0.8580151109375 0.2482488296875 0.8691965312500001 0.2538548875 0.8769566453125 0.23825486875 0.859411240625 0.231557653125 0.836012815625 0.2223749234375 0.8179567578125001 0.21461462656250002 0.7940473953125 0.2068262421875 0.766975765625 0.19882167343749999 0.7634083140625 0.1972951453125 0.7548219484375001 0.194367640625 0.7456557484374999 0.1914953046875 0.7397198484375 0.18936872656249998
2 0.8732839218749999 0.2014357296875 0.8480958 0.1910777796875 0.8211427921875 0.1812596140625 0.7876722828125 0.17031368593750001 0.76004335 0.1606901734375 0.7521519421875 0.1653580421875 0.7417716953125 0.17659002343750002 0.7341167515625 0.1858553 0.7416280640624999 0.18986083125 0.7552056078125 0.194293425 0.808403871875 0.21039060625 0.85758988125 0.23176859218749998 0.8765500421875 0.23788334687499998 0.8886621671875 0.20790647343750002 0.8732839218749999 0.2014357296875
2 0.6082700640625001 0.1219866828125 0.5601758328125 0.110248171875 0.5295662078125 0.1025463 0.5169473984375 0.1351985203125 0.552658790625 0.1428080609375 0.5980629203125 0.15519573281250001 0.641890640625 0.1634088578125 0.6687301999999999 0.17179103906249998 0.670456784375 0.1612575765625 0.6666138890625 0.13609155312500001 0.63447395625 0.12676616093749998 0.6082700640625001 0.1219866828125
2 0.588125409375 0.16806783593750002 0.5485535015624999 0.1586742703125 0.525371096875 0.153064521875 0.5108255796875001 0.1502217640625 0.49960791875000005 0.173141909375 0.5190458234374999 0.177114165625 0.5500560578125 0.18453111093750002 0.6595730796875 0.2087069546875 0.6628644578125 0.1964017421875 0.66460920625 0.186893096875 0.6235964515625 0.177206709375 0.588125409375 0.16806783593750002
3 0.6679816187500001 0.1710893671875 0.516942759375 0.13595578749999998 0.514882928125 0.1425952265625 0.5120917234375 0.15011988437499998 0.5346643796875 0.1550676796875 0.549173978125 0.158417484375 0.6654398328125 0.1855230859375 0.6679816187500001 0.1710893671875