4 0.51953125 0.4384765625 0.599609375 0.4150390625 0.59375 0.3701171875 0.5732421875 0.3046875 0.4794921875 0.322265625 0.4599609375 0.33203125 0.4189453125 0.3359375 0.4111328125 0.34375 0.3671875 0.3525390625 0.3671875 0.3701171875 0.37890625 0.3876953125 0.3828125 0.4306640625 0.392578125 0.4599609375 0.3154296875 0.478515625 0.306640625 0.4853515625 0.330078125 0.6005859375 0.33984375 0.6220703125 0.349609375 0.6220703125 0.5 0.5849609375 0.490234375 0.5419921875 0.537109375 0.5244140625 0.51953125 0.4384765625
0 0.298828125 0.5068359375 0.283203125 0.4912109375 0.283203125 0.4638671875 0.314453125 0.3935546875 0.345703125 0.3466796875 0.35075111875 0.3351626890625 0.36507987656249996 0.315110015625 0.396484375 0.2626953125 0.421121184375 0.21205079062499999 0.395886653125 0.2205760390625 0.3565604671875 0.2203895984375 0.34765625 0.2333984375 0.2421875 0.4228515625 0.198150028125 0.5539611890625 0.200299340625 0.5718653359375 0.20746374531249998 0.5869048343750001 0.2189267203125 0.6449143281249999 0.2490170765625 0.6384688296875 0.27480880937499996 0.6327395046875 0.30060054375 0.6284425046875 0.31994434374999997 0.62629400625 0.3292580078125 0.6291586812500001 0.298828125 0.5068359375
6 0.5406069171875 0.4610121453125 0.5355918234375 0.447404971875 0.5212631171875 0.447404971875 0.525390625 0.4755859375 0.537741134375 0.48392946718749996 0.5456220125 0.5011174656249999 0.548828125 0.5283203125 0.560546875 0.5244140625 0.556640625 0.4873046875 0.5513534734375 0.47032229374999995 0.5406069171875 0.4610121453125
5 0.49609375 0.5400390625 0.498046875 0.5615234375 0.5055014671875 0.5820442828125 0.501953125 0.6103515625 0.5055014671875 0.623581953125 0.4524851609375 0.6336082765625 0.4553509453125 0.6608225984375 0.4632317171875 0.689469296875 0.49547138437499993 0.6844560953125 0.5166015625 0.677734375 0.5244140625 0.685546875 0.54296875 0.6845703125 0.7476572578125 0.6357567765625001 0.736328125 0.5888671875 0.7099609375 0.4921875 0.49609375 0.5400390625
5 0.58399475 0.7195275671875 0.588524490625 0.73707345625 0.5936203859375 0.7500913984375 0.6072094406249999 0.7472614 0.6044921875 0.69921875 0.58203125 0.7041015625 0.58399475 0.7195275671875
6 0.50390625 0.6220703125 0.5 0.5927734375 0.4931640625 0.587890625 0.3271484375 0.626953125 0.3203125 0.6318359375 0.322265625 0.6494140625 0.326171875 0.6611328125 0.3359375 0.6630859375 0.4521484375 0.63671875 0.4684877875 0.629534046875 0.4970703125 0.626953125 0.50390625 0.6220703125
5 0.1982421875 0.67578125 0.197265625 0.6943359375 0.2109375 0.6943359375 0.2470703125 0.685546875 0.24609375 0.6689453125 0.2353515625 0.666015625 0.1982421875 0.67578125
5 0.154296875 0.7060546875 0.162109375 0.7060546875 0.18359375 0.7001953125 0.1806640625 0.677734375 0.16015625 0.6826171875 0.154296875 0.7060546875
5 0.60546875 0.4560546875 0.626953125 0.4697265625 0.646484375 0.4462890625 0.6337890625 0.416015625 0.599609375 0.4248046875 0.60546875 0.4560546875
6 0.4169921875 0.287109375 0.3974609375 0.267578125 0.37109375 0.3076171875 0.393862040625 0.3040398578125 0.43274949218750003 0.30820480156249996 0.454970878125 0.3137580515625 0.46747042656250004 0.326947046875 0.486914203125 0.322782103125 0.46538716874999997 0.298486609375 0.447265625 0.2939453125 0.4169921875 0.287109375
2 0.332614821875 0.17488865 0.30495375468749997 0.16970415781249998 0.302072378125 0.1858336859375 0.2998046875 0.205078125 0.32108936250000003 0.2100280046875 0.337801271875 0.2129082609375 0.35797081406250003 0.211180096875 0.36027584687499997 0.1915942296875 0.36027584687499997 0.17488865 0.34759791406249996 0.1754647015625 0.332614821875 0.17488865
1 0.43359375 0.1533203125 0.4267578125 0.138671875 0.4109878328125 0.144933809375 0.389089515625 0.1506943515625 0.35546875 0.1552734375 0.35797081406250003 0.1731604859375 0.360852146875 0.18813790156250002 0.357421875 0.2119140625 0.3671875 0.2138671875 0.3908183328125 0.2140603625 0.4091796875 0.208984375 0.42578125 0.2001953125 0.43359375 0.1533203125
2 0.46400484999999997 0.131684546875 0.44902179999999997 0.14205353125 0.43346245000000005 0.14896618749999999 0.4317336328125 0.1708562703125 0.42366585 0.202539275 0.44268283437499995 0.19562661875 0.4638671875 0.185546875 0.50837786875 0.1535746296875 0.47783538437499995 0.1184352859375 0.46400484999999997 0.131684546875