4 0.5459104781249999 0.707929490625 0.5880793328125 0.589216240625 0.6021142421875 0.5278134203125 0.49768533281250005 0.49200831718750004 0.48715601093750005 0.4838935734375 0.4415949484375 0.46932389375000005 0.387987140625 0.6535678046875 0.514541059375 0.7027473734374999 0.5459104781249999 0.707929490625
0 0.46595917187499997 0.702522115625 0.4458606328125 0.7604814796875 0.5085251656249999 0.7821653828125 0.5348044640625 0.7057179703124999 0.5059480390625 0.7006590046875 0.469619646875 0.68637100625 0.46595917187499997 0.702522115625
5 0.522618846875 0.42992307343749997 0.5033121015625001 0.49029044062500005 0.6002639375000001 0.524144109375 0.61932050625 0.4634079328125 0.522618846875 0.42992307343749997
0 0.45518233906249994 0.683355109375 0.44515756875 0.6795458062499999 0.442041871875 0.6877914234375 0.44003784843749993 0.6932974359374999 0.46404550312500004 0.7018369703125 0.4676970546875 0.6922459890625 0.453504975 0.68708049375 0.45518233906249994 0.683355109375
1 0.40882545 0.8181696609375001 0.505801334375 0.8490168499999999 0.49656896406250006 0.8177966890624999 0.5062678015625 0.7877886843749999 0.4440717140625 0.7678206249999999 0.4347412765625 0.7995727484375 0.40882545 0.8181696609375001
2 0.29390640625 0.75587654375 0.2873285859375 0.778842440625 0.4107163546875 0.8166867421875 0.43220335781249997 0.800428665625 0.29390640625 0.75587654375
3 0.29701666718749997 0.73876718125 0.2931914953125 0.7529468625 0.4329897265625 0.8007148796875001 0.43942437187500005 0.783035840625 0.29701666718749997 0.73876718125
2 0.300591653125 0.7240515078125 0.29826786875 0.7365531046875 0.43700822031250003 0.781569046875 0.44192694374999997 0.7688196546875 0.300591653125 0.7240515078125
2 0.4978667625 0.8194341406250001 0.505654565625 0.8470844812499999 0.52288743125 0.853456046875 0.530188696875 0.8310725078125 0.4978667625 0.8194341406250001
3 0.501870690625 0.8035398609375 0.4966871796875 0.8190048078125001 0.5306805625 0.829597753125 0.5364002484375 0.81388304375 0.501870690625 0.8035398609375
2 0.538652625 0.79913089375 0.5076617796875 0.7900757125 0.5025856453124999 0.8015755359375 0.5341840828125 0.8126314890625 0.538652625 0.79913089375