4 0.5361328125 0.552734375 0.484375 0.6259765625 0.5966796875 0.703125 0.640625 0.7255859375 0.6875 0.6650390625 0.6875 0.6552734375 0.5517578125 0.55859375 0.5361328125 0.552734375
4 0.673828125 0.7744140625 0.6201171875 0.75390625 0.4892578125 0.73046875 0.466796875 0.8173828125 0.458984375 0.8857421875 0.5478515625 0.908203125 0.60546875 0.9150390625 0.64763105 0.9222147187499999 0.659603228125 0.8659020828124999 0.6687584281250001 0.8159246187500001 0.673828125 0.7744140625
0 0.8037109375 0.751953125 0.7607421875 0.71875 0.7294921875 0.701171875 0.6982421875 0.673828125 0.6865234375 0.671875 0.6717733531250001 0.68821375 0.654296875 0.7080078125 0.632440753125 0.7364287265625 0.6279879640625 0.7520058328125 0.6650942203125 0.7668411984375 0.7073954140625001 0.7942866328125 0.7158203125 0.775390625 0.7685546875 0.814453125 0.8053560187500001 0.8358256671875001 0.82094073125 0.8106055812499999 0.8380095359374999 0.7905778296875 0.828125 0.7802734375 0.8037109375 0.751953125
1 0.83203125 0.8095703125 0.82092881875 0.82549179375 0.8127772999999999 0.8402763125 0.8246564890625001 0.848524509375 0.8348228765625001 0.8563149624999999 0.8493946671874999 0.8319273984375 0.863627615625 0.8139754531250001 0.8436337296875 0.7956847796875001 0.83203125 0.8095703125
6 0.845667021875 0.7821361390625 0.8399060828125 0.7773941078125 0.8338062546874999 0.785862003125 0.83821168125 0.7899266046875 0.845667021875 0.7821361390625
6 0.793818459375 0.839379171875 0.7890741671875 0.8461534937499999 0.785346496875 0.8546214000000001 0.793818459375 0.8590247046874999 0.7961906171875001 0.854960103125 0.798828125 0.8486328125 0.8056792484375 0.8363307265625 0.798223909375 0.8326048281249999 0.793818459375 0.839379171875
3 0.79812355625 0.8715446984374999 0.796178796875 0.8797365171875 0.795067509375 0.8847349156250001 0.8012240625 0.8827738437500001 0.804410078125 0.8680094281249999 0.8070168203125 0.8622194609375 0.81136138125 0.8526660187499999 0.8152965921875 0.8430047390625001 0.812325196875 0.840034784375 0.8096531953125 0.8440535015625 0.8006239609374999 0.8648801671875 0.79812355625 0.8715446984374999
2 0.822265625 0.8779296875 0.82421875 0.8720703125 0.8271098609375 0.8687502890625 0.828125 0.8662109375 0.8306845890625001 0.860099871875 0.8335067468749999 0.8553985468749999 0.8265454390625001 0.8501330734374999 0.8154449828124999 0.8422348578125 0.810546875 0.8544921875 0.8079192546874999 0.859535709375 0.8047208124999999 0.8683741843749999 0.8034038203125 0.873639659375 0.802086815625 0.8787170812499999 0.80078125 0.8837890625 0.80566153125 0.88755555625 0.806640625 0.8916015625 0.8082955406250001 0.8948896156249999 0.809236259375 0.899402875 0.8139398421875 0.9007192453125 0.8184552765625 0.9076772 0.8190197109374999 0.9010953484374999 0.8195841328125001 0.8924449328125 0.8207129999999999 0.8871794515625 0.822265625 0.8779296875
2 0.8630450921874999 0.8132882296874999 0.8742178468749999 0.8027976734375001 0.8572894484375 0.784862228125 0.8461166953125 0.79873681875 0.8630450921874999 0.8132882296874999
3 0.846003503125 0.798138653125 0.8517206828124999 0.7913431359375 0.8572833296875 0.7848565078124999 0.855120075 0.7822309671875 0.851875184375 0.78609205625 0.8435312265625001 0.795822 0.846003503125 0.798138653125
5 0.5751953125 0.689453125 0.5706550984375001 0.6861739250000001 0.5615234375 0.677734375 0.5107421875 0.646484375 0.49392263593749997 0.6582346296875 0.474012009375 0.66517685625 0.46484375 0.7021484375 0.46475125781250004 0.7234915171875 0.4898734671875 0.72934516875 0.5131146703125 0.73405395625 0.5893084234375 0.7535744734375001 0.6252376953125001 0.7554004187500001 0.639684884375 0.725578146875 0.6227251015624999 0.7171023390625 0.5871219703125 0.69714655625 0.5751953125 0.689453125
5 0.630859375 0.6123046875 0.655547325 0.629637153125 0.662109375 0.6083984375 0.6474609375 0.59765625 0.6376953125 0.59765625 0.630859375 0.6123046875
5 0.689453125 0.6630859375 0.701171875 0.6669921875 0.70703125 0.6474609375 0.6982421875 0.638671875 0.689453125 0.6455078125 0.689453125 0.6630859375