4 0.5668098421875001 0.5456444859375 0.7085953078125 0.47323151875 0.665785625 0.3854586625 0.594711146875 0.4179509515625 0.5253059859375 0.4583212625 0.5668098421875001 0.5456444859375
5 0.320491140625 0.633186384375 0.3740541171875 0.604888925 0.330751734375 0.5227890015625001 0.256166340625 0.556993678125 0.29555124843749997 0.6377447046875 0.320491140625 0.633186384375
0 0.746474271875 0.40899420781250007 0.76327794375 0.40128807968749997 0.7578672484375 0.39119818125 0.7412661421875 0.398315959375 0.7319975453125 0.3803162640625 0.70827755625 0.39090615156249997 0.7266606875 0.42257449375 0.729717859375 0.4318539890625 0.752453975 0.42125441406249997 0.746474271875 0.40899420781250007
6 0.51665270625 0.538598521875 0.5110228421875 0.5337387125 0.49963390625 0.5371204171875 0.390713871875 0.5861900125 0.394564984375 0.5927543671875 0.51665270625 0.538598521875
6 0.4781670625 0.45523584375 0.47358484218749997 0.465228596875 0.47448386875 0.47441666250000003 0.5084500578125 0.5417318015625 0.51735355625 0.53689970625 0.48416041718749997 0.46752404375 0.4832599046875 0.46197844374999997 0.4969190515625 0.4538477421875 0.51650085 0.44380747343750004 0.5137258359375 0.43680614531249995 0.49068819062499996 0.4470953140625 0.4781670625 0.45523584375
6 0.5283936140625001 0.45514198281249996 0.5359079765625 0.4514769828125 0.541657246875 0.4472041671875 0.53445219375 0.4394581609375 0.53587043125 0.4353394375 0.553262475 0.42783590781249997 0.6264387703125001 0.39116630625000004 0.675875628125 0.36705433906249996 0.69841885 0.356059275 0.7126638546875 0.38827722656249997 0.7237377265625 0.3828761390625 0.7062038140625 0.3449187375 0.6907989156250001 0.35047393125 0.6575870515625 0.3656933 0.6069734062500001 0.3894000515625 0.5506202328125 0.41639577968749997 0.5114759531249999 0.43450858124999997 0.5161247859375 0.4420326140625 0.5226734515625 0.4564631828125 0.5283936140625001 0.45514198281249996
5 0.564604753125 0.5478065062499999 0.54576849375 0.5091864484374999 0.54666775625 0.5065747984375 0.5458115625 0.504819340625 0.5431999125 0.503920078125 0.5397751375000001 0.4968982484375 0.5384693125 0.49644861718750005 0.5226701984375001 0.5041543609375 0.5222205671875 0.5054601859375001 0.516911125 0.512395875 0.5374597734375001 0.5545268453125 0.5422334421875 0.5576311984375 0.54574435625 0.5559188109375001 0.5483560078124999 0.5568180734375 0.564155121875 0.54911233125 0.564604753125 0.5478065062499999
5 0.6806424062499999 0.384731678125 0.6716809671874999 0.39015178125 0.6994576609375 0.44710244374999997 0.7067597484375 0.44500970312500004 0.7152580390625001 0.4413543625 0.72396865 0.4361267921875 0.7301133937500001 0.43166107499999995 0.7247220624999999 0.41960346875 0.711759359375 0.3970410921875 0.706338928125 0.3879351140625 0.7003397828125 0.37764266874999997 0.6806424062499999 0.384731678125
1 0.7976160203125 0.3683844234375 0.7792594828125 0.37391051875 0.7618577171875 0.382397928125 0.7697663484375 0.3986130265625 0.783000853125 0.3936268515625 0.8022163421874999 0.38082784531249997 0.832872075 0.3653864765625 0.8274613296875 0.35529661875 0.7976160203125 0.3683844234375
3 0.7873076671875 0.39054184531249997 0.78999536875 0.39731080625000004 0.8025768671875 0.42087449687499995 0.8072169890625001 0.42852081249999996 0.811117559375 0.437510771875 0.8152239234374999 0.435507965625 0.8212712546875001 0.43401080781249995 0.8283964906250001 0.43174586875000004 0.8021750609374999 0.380640509375 0.798611184375 0.382761928125 0.7942619796875 0.386416025 0.7873076671875 0.39054184531249997
3 0.779879428125 0.337345546875 0.7532621953125 0.2841211203125 0.738333828125 0.2912019703125 0.7787792359375 0.3731752453125 0.7892649453125 0.3699185640625 0.7950751 0.3675491265625 0.779879428125 0.337345546875
2 0.7691895671875 0.3541688609375 0.7467351953125 0.30861939375 0.73828135625 0.2912864546875 0.7334666109375 0.2936347625 0.7255845828124999 0.29604868125 0.7201340265625 0.2974086484375 0.724273265625 0.3058953453125 0.729369709375 0.3153317203125 0.7622078171875 0.38189105625 0.7648006984375 0.381341625 0.7691410671875001 0.378509484375 0.7786766546874999 0.3736202734375 0.775755325 0.3686082578125 0.7691895671875 0.3541688609375
2 0.8246088234375 0.356889053125 0.82781310625 0.35473682812499996 0.8097583828125 0.3202145796875 0.8030352015625001 0.30742821249999996 0.7993859015625 0.30044510468749996 0.79478716875 0.29051723906250004 0.789799984375 0.280291996875 0.7844195328125 0.2702585625 0.75326835625 0.28397164375 0.7630609703125 0.3028267140625 0.7643927125000001 0.3069420640625 0.7678174875 0.3139638921875 0.7703860687499999 0.3192302625 0.7960724156250001 0.368513884375 0.8087485421875 0.3630615703125 0.8246088234375 0.356889053125
5 0.6635185328125 0.3496225359375 0.6544638953125 0.3377408984375 0.5557086640625 0.3869935671875 0.500754203125 0.414480071875 0.5047015546875 0.423657203125 0.5078261171875 0.4300635046875 0.5357953921874999 0.41695071562499997 0.6630258312499999 0.35529546875 0.6635185328125 0.3496225359375
2 0.8575316187500001 0.41863475 0.8323372203125 0.3658947171875 0.804719953125 0.3807143328125 0.8295495687500001 0.43162258906249995 0.8575316187500001 0.41863475
2 0.7928513421875001 0.444725434375 0.8117137859374999 0.436251771875 0.8075222984374999 0.42716164062499995 0.798895765625 0.413941225 0.787852 0.3893130046875 0.7827552046874999 0.39360030625000003 0.7780509828125 0.3965138203125 0.7711165109375 0.399169821875 0.7869431859375 0.432115615625 0.7928513421875001 0.444725434375
0 0.3385108296875 0.53242003125 0.376957371875 0.6045893359375001 0.321347334375 0.6349418421874999 0.29567695 0.6403358515625001 0.25134516093750003 0.556100003125 0.29774353124999997 0.5367171453124999 0.3326255828125 0.5203534875 0.388774859375 0.491668790625 0.37905137031249997 0.47173268281249997 0.32366975937500003 0.501991328125 0.2153124203125 0.556789009375 0.2462869 0.618964509375 0.2805749484375 0.6892654296875 0.28499436875 0.6896142281250001 0.34037094687499997 0.6613998375000001 0.41199058906249997 0.6258191484375 0.3605457015625 0.5216729078125 0.3385108296875 0.53242003125