4 0.309981940625 0.36339216875 0.30522828125 0.3703185390625 0.33938103750000004 0.46700774375 0.3306826578125 0.4411830765625 0.34824709375 0.48944096562499995 0.403542003125 0.469315265625 0.4424775796875 0.45742098281250004 0.49188944843750004 0.44059783281250003 0.6253697390624999 0.396171925 0.6274513671874999 0.38190420468749997 0.5878702031249999 0.26744529375 0.5559171187499999 0.27387908437499997 0.309981940625 0.36339216875
5 0.54579225625 0.7400243 0.48147111249999996 0.7603175734375001 0.5030160593749999 0.82522238125 0.5660855296875 0.8043454437499999 0.54579225625 0.7400243
0 0.3959013890625 0.33272799375 0.4024903875 0.32513361406249996 0.3847139390625 0.30770128125 0.3637728796875 0.3101270234375 0.3177862046875 0.17763061875 0.24010045781249997 0.20469006875 0.2508478265625 0.2408988484375 0.2531943046875 0.2540261359375 0.2507098109375 0.268911878125 0.23880416875 0.276284571875 0.22689648906249998 0.27697127187500004 0.23480998125000002 0.3020536671875 0.2449692578125 0.329966046875 0.2560560953125 0.3587565890625 0.263480178125 0.379154090625 0.30346652500000004 0.3642930609375 0.3959013890625 0.33272799375
5 0.7295013984375001 0.7022582515625 0.7316463984375 0.6872926968749999 0.7266539390625 0.6658821421875001 0.7207800390625 0.6521554421875 0.713317390625 0.6439770609375 0.69849821875 0.6384762359375 0.6824453359375 0.6366286546875 0.6686061109375 0.6391023 0.6547169515625 0.6467209609375 0.6464367578125 0.6574250578124999 0.6384665328125 0.6725022125 0.6349734687499999 0.6910767437499999 0.6426501484375 0.7120455625 0.6593191984375 0.7245122953124999 0.6735269859375 0.7340628687499999 0.703729075 0.7313840953125 0.7230810890625 0.71602665 0.7295013984375001 0.7022582515625
5 0.80109976875 0.744788159375 0.786825309375 0.719845790625 0.7023998 0.7505741625 0.6945591296875 0.7575848765625001 0.6965631546875 0.7630908890625 0.6946311015625 0.782795 0.6591363484375 0.8014817531249999 0.65609675625 0.787848334375 0.6092322875 0.8087507828125 0.5889124171875 0.8180691546875 0.57311963125 0.8257398015625 0.5789387734375 0.843488478125 0.8000167828125001 0.7503785140625 0.80109976875 0.744788159375
5 0.56867321875 0.8085997828125 0.56241485625 0.8056814593749999 0.5036840671875 0.8270577187500001 0.5152088921875 0.8644324703124999 0.5789463703125 0.84539086875 0.56867321875 0.8085997828125
2 0.4630223625 0.09185191875 0.30758840468750004 0.149390240625 0.31570483125000004 0.1694333796875 0.5550165140625001 0.08369275937500001 0.571787540625 0.07758860468749999 0.56398770625 0.0561587359375 0.5409909046875 0.0640012890625 0.5032560765625 0.07773564375 0.4630223625 0.09185191875
3 0.5036328875 0.0627063234375 0.3028979203125 0.13387196562499998 0.3045418984375 0.140565203125 0.3077880359375 0.14888459999999998 0.5022607703124999 0.0781023140625 0.5448314625 0.0626078484375 0.5642035125 0.055556998437500005 0.5597851328125001 0.0411851953125 0.5036328875 0.0627063234375
2 0.5471600265625 0.012923779687500001 0.504386003125 0.0295735578125 0.335448390625 0.0881783390625 0.3059165546875 0.0996479125 0.3042702625 0.109978815625 0.30154834531249997 0.133676815625 0.4558560265625 0.0789551640625 0.5589746296875 0.0414230625 0.5529246515625 0.0286692953125 0.5471600265625 0.012923779687500001
1 0.31443778437500003 0.1716001453125 0.30280064375000004 0.1374766421875 0.3022923234375 0.118873521875 0.3053160828125 0.1021636671875 0.1983472859375 0.1387012046875 0.22267601718750002 0.16037689375 0.23645042656249998 0.19607096875000002 0.31443778437500003 0.1716001453125
2 0.2292858734375 0.1774846171875 0.18496390625 0.1923625953125 0.16614148906249998 0.19921339531249999 0.17376480625 0.2202626515625 0.236909175 0.1985338796875 0.23378527187499998 0.1875499546875 0.2292858734375 0.1774846171875
2 0.21276867500000002 0.1504773109375 0.198537825 0.1389383625 0.153142603125 0.155460871875 0.157677284375 0.17136483281249998 0.162882259375 0.1845170546875 0.22414736093749998 0.16221838125000002 0.21276867500000002 0.1504773109375
3 0.22901721249999998 0.176746478125 0.22391265312500003 0.1627218125 0.1626475375 0.18502049062499998 0.16674531718750002 0.1985757 0.1896274671875 0.190247278125 0.22901721249999998 0.176746478125