1 0.298119659375 0.5927662703125 0.2854277828125 0.5869682265625 0.2988818765625 0.6242702312499999 0.3321065609375 0.6940640765625 0.3361790734375 0.686262490625 0.3420915671875 0.66701204375 0.337751159375 0.6553243015625 0.31174382343749996 0.6015327796875 0.298119659375 0.5927662703125
2 0.384369865625 0.7542087937499999 0.342005825 0.668646915625 0.3331795375 0.6963045906249999 0.3689635046875 0.7663713796875 0.38133035937500004 0.7791896828125 0.3991644765625 0.786299809375 0.384369865625 0.7542087937499999
2 0.22870336249999998 0.39819148125 0.24610723124999997 0.46460612812499996 0.274445753125 0.557590865625 0.284375271875 0.585771746875 0.29632475937499997 0.5915167046875001 0.3127526859375 0.6018992234375 0.2984356703125 0.563871678125 0.2766459234375 0.5061735171875 0.23917842500000003 0.395117621875 0.22870336249999998 0.39819148125
0 0.34997129375 0.6645270484375 0.355945821875 0.659764528125 0.3820832203125 0.6478104515625 0.3962145171875 0.6420247828125001 0.4475969984375 0.6185876484375 0.42911140937500003 0.5770251796875 0.4234944578125 0.5613021234375 0.4192619640625 0.5543122640625 0.40586587500000004 0.5586890859375 0.3730276796875 0.576302390625 0.34617294374999996 0.5886410265625 0.3289134609375 0.5942311499999999 0.317835425 0.59788000625 0.3235238828125 0.6095059390625 0.338100109375 0.64024195625 0.34997129375 0.6645270484375
6 0.4300618171875 0.510520090625 0.4225966234375 0.5136617343750001 0.41751358281249995 0.5172074515625 0.40671884843750006 0.5207734671875001 0.4008312515625 0.5226224671875 0.3946503078125 0.52530283125 0.3910603625 0.5291772140625 0.39098805312499996 0.5333197859375 0.39563460781250004 0.54079481875 0.397375871875 0.5448681796875 0.3990321703125 0.5472729796875 0.40164926718749994 0.55560633125 0.40339209531250003 0.5596115234375 0.41854625156249997 0.5540207078125 0.4154939984375 0.5451844328125001 0.41199199999999997 0.5381526796875 0.4145108390625 0.530967821875 0.4189792703125 0.529212825 0.422892396875 0.525589009375 0.4298207875 0.5243286656249999 0.43263070781249996 0.52161515625 0.44513073593749997 0.5176895109374999 0.44389449531249997 0.5093802625 0.43982423125 0.5051653796875 0.435681659375 0.505093071875 0.4300618171875 0.510520090625
4 0.41298536406249997 0.5392288640625 0.4556302171875 0.62837504375 0.47920120781250003 0.6232613640625 0.502989125 0.605719965625 0.6128963749999999 0.5606749421874999 0.626921878125 0.548488253125 0.6245217078125 0.5277271828125001 0.5927308906250001 0.44982068750000004 0.5779030015625 0.42884269062499997 0.5582747703125001 0.3663425546875 0.5487774890625 0.35650783124999996 0.47239646718749995 0.3800376046875 0.40684538124999997 0.4161879203125 0.4104576890625 0.446639096875 0.44525125 0.510785221875 0.44513073593749997 0.5176895109374999 0.417320759375 0.5282543125 0.41298536406249997 0.5392288640625
5 0.673357884375 0.499572778125 0.6573660640625001 0.46614295937500005 0.626770271875 0.47804041249999996 0.62655334375 0.49046813125 0.6479721828125 0.529517790625 0.6716154828125 0.5202615374999999 0.673357884375 0.499572778125
5 0.5934539796875 0.408394959375 0.603192290625 0.40442110781249996 0.606098625 0.3961841671875 0.5874415015625 0.3571827140625 0.56241734375 0.3664148640625 0.572915015625 0.3960417859375 0.5760496046875 0.41655349375000006 0.5934539796875 0.408394959375
5 0.6466496562499999 0.36788514375000003 0.638485025 0.3608362390625 0.6286261984375 0.37171437812499997 0.640933403125 0.37883559375 0.6466496562499999 0.36788514375000003
6 0.31161235625 0.55177671875 0.3021354703125 0.5289563921875 0.25331298593749996 0.39740281093749996 0.259489484375 0.426264921875 0.277028409375 0.48640325625 0.298301875 0.541370890625 0.3022275203125 0.55387091875 0.3186664734375 0.596919215625 0.32830405625000003 0.593892534375 0.31799158906249997 0.5690244734375 0.31161235625 0.55177671875
6 0.3633848796875 0.6903036984375001 0.3680148171875 0.7006336765625 0.369632715625 0.702871190625 0.3806144734375 0.7223940296875 0.3963239421875 0.7479368140625 0.37409810781249997 0.7001875421875 0.3707845078125 0.6922591640625 0.36759689687499997 0.6850233828125 0.364138034375 0.6775067109374999 0.3625731375 0.672232365625 0.35952115625 0.66513703125 0.3567067015625 0.6602551203125 0.355605896875 0.6611610703124999 0.3509724640625 0.66443549375 0.354032215625 0.672183828125 0.35669751875 0.677755465625 0.36071957656250003 0.6847320625 0.3633848796875 0.6903036984375001
3 0.3776220625 0.776129871875 0.36885117031250003 0.7662382437499999 0.39556916875 0.8068512312499999 0.4144259109375 0.7968456015625 0.40903613125 0.7868142375 0.4018685875 0.77615560625 0.3829939484375 0.741641890625 0.36964189062499997 0.7209380296875 0.349065784375 0.6814259687499999 0.3887543625 0.7645981921875 0.394060909375 0.779398 0.397595625 0.781844646875 0.3985162328125 0.7860343859375 0.3892369765625 0.7824937281250001 0.3825232984375 0.7799915921875 0.3776220625 0.776129871875