4 0.35174942656249997 0.5874290875 0.39844399375 0.60170505 0.3962371734375 0.6122633734375 0.40695016562499997 0.62064458125 0.4828808859375 0.6428377484375 0.5381361046875 0.6574135265625001 0.5927040234375001 0.6752397953125 0.6390248484375001 0.51288984375 0.6402739625 0.4887633359375 0.62639644375 0.4773722703125 0.40729482656249993 0.41242855 0.3977715421875 0.42687710624999997 0.34850756562499996 0.581332034375 0.35174942656249997 0.5874290875
0 0.5467306875 0.7746887609375 0.5661894546874999 0.719091371875 0.5736739453124999 0.699831671875 0.5793732234375 0.6864107828125 0.5853562234374999 0.67467271875 0.5547020921875 0.6653008093749999 0.516465784375 0.652014659375 0.4797936921875 0.64291508125 0.46215090468750003 0.6538600734375 0.416027375 0.6377163296874999 0.4152243359375 0.63032253125 0.4287925203125 0.629364825 0.40386297187500003 0.6207219140625 0.40066874218750004 0.6411901906249999 0.46611847187500005 0.6642637312499999 0.44971302187499995 0.7246038171875 0.4707999671875 0.75249559375 0.48159029374999995 0.76396399375 0.529504271875 0.777591584375 0.541930378125 0.7803694421875 0.5467306875 0.7746887609375
1 0.48117392187499997 0.7720061625 0.4644888421875 0.7965193390625 0.46342409843750004 0.8033420984375 0.537487034375 0.8249642265625001 0.5377784421875 0.787269534375 0.48117392187499997 0.7720061625
2 0.6302247203125 0.8264506171875 0.5384050593749999 0.7990334125 0.540003190625 0.8267546765624999 0.599123865625 0.8438084968749999 0.623682315625 0.8499917578125 0.6302247203125 0.8264506171875
3 0.5386351578124999 0.7999426046875 0.570121190625 0.809218596875 0.613725065625 0.8200980890625 0.630922634375 0.8257061453125001 0.634056090625 0.8154570718749999 0.5379965546875 0.7871393953125 0.5386351578124999 0.7999426046875
3 0.4802659078125 0.77004408125 0.2143086359375 0.68644641875 0.2088316765625 0.702491325 0.2467910046875 0.7136234984375001 0.47449920468749995 0.7814276765625 0.4802659078125 0.77004408125
2 0.21410558750000003 0.685241140625 0.23292416718750003 0.6909945578125 0.25121995625000004 0.6965881421875 0.2425664734375 0.6893697578125 0.2357574984375 0.6798573421875 0.229864146875 0.6654805234375 0.2294179078125 0.6407655625 0.22022181093749998 0.6671052937499999 0.21410558750000003 0.685241140625
2 0.4516463640625 0.80178365 0.46090794375 0.8015516484375 0.4727927140625 0.7827191546875001 0.20967399531250003 0.7016056453124999 0.20776958437499998 0.7153132624999999 0.209405646875 0.7256808640625 0.24870641875000002 0.7407598656250001 0.4516463640625 0.80178365
5 0.44770181875 0.3236850546875 0.442378103125 0.3577988484375 0.5225560203125 0.4262225828125 0.5751929734375001 0.431082296875 0.63190453125 0.4259547265625 0.6404404046875001 0.421416121875 0.644699378125 0.3941250859375 0.6122510703125 0.3566326921875 0.5959644328125 0.32306023281249996 0.53863420625 0.3034902578125 0.529604628125 0.3129838390625 0.50018410625 0.3223703828125 0.44770181875 0.3236850546875
5 0.4421640296875 0.39858073437499997 0.43844326406249995 0.406165590625 0.4359566109375 0.41937973125 0.46885432343750005 0.4281856265625 0.473345296875 0.4101561703125 0.4421640296875 0.39858073437499997
5 0.5542309921874999 0.43284304375 0.508184796875 0.4197864921875 0.503693821875 0.437815946875 0.5360945015625 0.4487430109375 0.54974001875 0.4508724984375 0.5542309921874999 0.43284304375
5 0.5810283234375 0.4420569921875 0.5765373484375 0.4600864484375 0.6113768484375 0.46971676875 0.6169752203125001 0.45220839375 0.5810283234375 0.4420569921875