4 0.5892331796875 0.6374410687500001 0.5806469 0.612491959375 0.5533766140624999 0.5703500671875 0.5592199984375 0.560006053125 0.5570540281249999 0.5488253421875 0.58375413125 0.5439940796875 0.6329910812499999 0.5057961140625 0.660612221875 0.48986848437499997 0.66736990625 0.49128884531250006 0.6865667125 0.467098828125 0.651877475 0.40251117187499996 0.64879720625 0.3795660875 0.6309498953125 0.35436394843749996 0.6113448515625 0.3482675328125 0.5892364625 0.3433384453125 0.5828094125 0.3524307875 0.5678736843750001 0.3563477515625 0.5491896781250001 0.33915496875 0.5386769765625 0.339485603125 0.43711606718749996 0.41579719062500003 0.43085770312499994 0.41871551250000005 0.406499 0.40569272500000003 0.3466650046875 0.447308334375 0.34265695625000003 0.45832035624999995 0.347241928125 0.4714207484375 0.47066839531250004 0.6576804187499999 0.484683084375 0.6648598203125 0.4777567140625 0.6696134796875 0.48184236562500005 0.6783751890625 0.48760140781250005 0.6711181828125 0.4861034453125 0.6581021359375 0.521403309375 0.6324985 0.5489266265625 0.6653793625 0.5892331796875 0.6374410687500001
0 0.5761348953125001 0.605834615625 0.588986890625 0.62384135625 0.6377970390625001 0.5900638093749999 0.6649239421875001 0.580812128125 0.6777905328125 0.57895411875 0.6942813828125 0.5838155656249999 0.7083440249999999 0.59064501875 0.7353773625 0.5508631546875 0.6958918640625 0.532847071875 0.670467796875 0.5300898234375 0.6367050984375 0.5366230234375 0.6170510671875 0.548291378125 0.6042228656249999 0.5584516171875 0.5623732765625 0.5847006546875 0.5761348953125001 0.605834615625
0 0.38195911250000003 0.30158953125 0.29750564375 0.3620814109375 0.3555954 0.43704866249999996 0.399741315625 0.40427236562499996 0.3708887234375 0.3522014359375 0.38195911250000003 0.30158953125
5 0.698280446875 0.354967834375 0.673577628125 0.37715382656249996 0.6926766109375 0.4017723015625 0.7204664390625 0.379670653125 0.698280446875 0.354967834375
1 0.7551651125000001 0.565479996875 0.7421563 0.55732301875 0.71691 0.593762778125 0.7470951218749999 0.6190082484375 0.7515361515625 0.6365946874999999 0.7954756781250001 0.5801518421875 0.77179235625 0.5778057375000001 0.7551651125000001 0.565479996875
6 0.6051890015625 0.5291445968749999 0.5906658703125001 0.5392582890625001 0.6028485296875 0.5590920921875 0.6184254171875 0.5476508671875 0.6051890015625 0.5291445968749999
6 0.6878839671875 0.4696968109375 0.6775519734375 0.48044550937499997 0.679953871875 0.505594896875 0.6800876015624999 0.5318800593749999 0.693693303125 0.530558171875 0.69337625625 0.5047766640625 0.6918663703125 0.49167923125 0.6878839671875 0.4696968109375
6 0.48001031093749996 0.38360455625 0.47792868281249995 0.3693368375 0.46700100312500004 0.36224177812499997 0.422427834375 0.392205565625 0.3879429765625 0.343513059375 0.3748349015625 0.352404346875 0.3740507078125 0.3564124734375 0.39330150937499997 0.38720920312499996 0.40170426406250004 0.40227977499999995 0.41051357031249996 0.4015080734375 0.4278550375 0.415544159375 0.48001031093749996 0.38360455625
6 0.4577396703125 0.26693888125 0.486681325 0.24530290625 0.47014580156249997 0.2392844671875 0.442801571875 0.259747121875 0.4104564078125 0.28346400625 0.38191138125 0.30484926093750003 0.37749238749999997 0.3266371796875 0.41526664531249996 0.300027278125 0.4577396703125 0.26693888125
6 0.29804695468750003 0.3632310078125 0.2664744078125 0.3856641515625 0.271922353125 0.396420646875 0.3056563140625 0.371264753125 0.29804695468750003 0.3632310078125
3 0.8491270015625 0.4454700671875 0.8560342765625 0.43049807187500005 0.8642303234375 0.405309225 0.869496546875 0.4081974171875 0.87312554375 0.4022324234375 0.8647603234375 0.3873777875 0.7610730609374999 0.3384670828125 0.7330809890625 0.32502551562500004 0.67268355 0.2968072296875 0.6331168328125 0.2802374578125 0.5787119421875 0.254759603125 0.52182241875 0.22952941875000002 0.4985357125 0.21783312812500003 0.47383940625000004 0.232195621875 0.4993251390625 0.241408290625 0.50392923125 0.2367696484375 0.51278444375 0.2404783859375 0.5852632843750001 0.2741443671875 0.6506848125 0.303298840625 0.7378713375 0.34280368437500003 0.818628415625 0.3823970921875 0.8557668203125001 0.39882869374999996 0.8453467546875 0.4261223921875 0.8216604921874999 0.4685022375 0.7962962265625 0.5141571609375 0.7776014328125 0.5454932734375 0.7604717234375 0.5698591390625001 0.772878878125 0.5775209890624999 0.7877824578125 0.553570371875 0.7954694671875 0.5417965031249999 0.8041345484375 0.527695975 0.8351179562500001 0.47194319062499995 0.8491270015625 0.4454700671875
3 0.5743204140625 0.760018540625 0.591203503125 0.7462387625 0.6211854515625 0.7254257578125001 0.649592878125 0.7009803390625 0.6839273015625 0.671840584375 0.7099215046875 0.6496791 0.7326564328125 0.6263313171875 0.7412936343750001 0.6141907625 0.7319821546874999 0.605004165625 0.7191110578125001 0.6229823296875 0.6887986390624999 0.6483155218750001 0.662931215625 0.6715772703125 0.642228953125 0.689340346875 0.63096745625 0.6999987062499999 0.6139909140625 0.7133203765625 0.6074289359375 0.7183106218749999 0.5878702031249999 0.73255470625 0.5672527296875 0.7490134125 0.5743204140625 0.760018540625
2 0.574690521875 0.26971917031250003 0.560953471875 0.26228446562499996 0.5329657250000001 0.249662921875 0.5035357109375 0.2368207984375 0.49786370937499996 0.24236521406249997 0.5326467625 0.258068753125 0.5953352953125 0.28634087343750003 0.6557458109375001 0.31346878125 0.6880217015625 0.32771287656250003 0.715256703125 0.34025235625 0.749854428125 0.3549463 0.8240283046875 0.38798490625 0.8252483937499999 0.3857180921875 0.80270335 0.3746445640625 0.7866466890625 0.366498859375 0.7520913953125 0.350244315625 0.7257643546875 0.3374541921875 0.7142526890625 0.3319792171875 0.7059486359375 0.3283142578125 0.6879513015625001 0.3206928765625 0.6418998484375 0.3002904875 0.6031182312500001 0.2828052 0.574690521875 0.26971917031250003
2 0.7727530140625001 0.578313103125 0.7869017015625 0.5824786375000001 0.79463415625 0.5803622109375 0.8146196281250001 0.5493629921875 0.8715313374999999 0.4465586609375 0.8761453593749999 0.42527399062500004 0.87522479375 0.413456940625 0.8742194359375001 0.408567834375 0.87297485 0.40608056406250004 0.8643336640625 0.4104005609375 0.8577848265625001 0.4269418671875 0.849789565625 0.4469958421875 0.8237935921874999 0.493552334375 0.7918354578125 0.549061434375 0.7727530140625001 0.578313103125
2 0.7523909765625 0.5639709125000001 0.7603540578125 0.5693480906249999 0.7720459828124999 0.5537727640625 0.782059878125 0.5379407828125 0.799612890625 0.508209065625 0.8189869046875 0.473474190625 0.8431137171875 0.428983875 0.8528271046875 0.4037350875 0.854169065625 0.3992005578125 0.8441864796875 0.39450484218750004 0.8252972828124999 0.385864828125 0.8228579609375 0.3954439625 0.8113966015624999 0.4210804140625 0.7653672578124999 0.5166379125 0.742266553125 0.5567447078125001 0.7523909765625 0.5639709125000001
2 0.6815454843750001 0.654581265625 0.6891938078125001 0.648034959375 0.697803025 0.64016376875 0.7095828484375 0.6308150234375 0.7177693859375001 0.6227899828125001 0.7220164171875 0.6183549796875 0.72760880625 0.6115388375 0.7319137812500001 0.604971815625 0.7243227390625 0.60035305 0.7170818156250001 0.593114146875 0.7100550203125 0.6024346781250001 0.6985369359375 0.6169486875 0.69246355625 0.6245841109375 0.6876868593750001 0.6296273609374999 0.6763401265625 0.6419212140624999 0.6584103703124999 0.660275471875 0.6412642671875 0.6777918984375 0.6224701765625 0.693917721875 0.6052327921875 0.7077393437499999 0.5925882390625 0.7174910453125001 0.5782483734375 0.7286126453125 0.5611265078125001 0.7408016859375001 0.5637392015625 0.744144959375 0.5672208109375 0.747731403125 0.5954456578125 0.7267380343750001 0.619970409375 0.7073618171875 0.629314053125 0.6994456265625 0.6463594031250001 0.6848364109375 0.6699383859375 0.6654282703125001 0.6815454843750001 0.654581265625
2 0.6814361578125 0.6753014515625 0.6282879765625 0.7196716484375 0.58235745 0.7534114234375 0.5762423828125 0.7584922187500001 0.5777657375 0.7631717734375 0.584046921875 0.7689735203125 0.5899450890625 0.7696831671875 0.596688796875 0.768684753125 0.605548825 0.763930865625 0.619029040625 0.752671353125 0.6400482000000001 0.7352470156249999 0.6897377578125 0.6928182703125 0.7377402828124999 0.6520022609375 0.746755021875 0.6386555796875 0.7500950625 0.62947889375 0.7478447484374999 0.62138519375 0.7425917234375 0.6156520640625 0.7181389140625 0.642510390625 0.6814361578125 0.6753014515625
1 0.5291738734375 0.77934580625 0.5362075109375 0.7916937328125 0.54065109375 0.80075656875 0.54187546875 0.810384478125 0.5910544203125 0.7709497140625 0.5823835468749999 0.76830065625 0.5703758953125 0.7553135265625001 0.5593047265625 0.741146640625 0.5251453625 0.7667284984375 0.5291738734375 0.77934580625
0 0.470770034375 0.6709077999999999 0.47105414687499997 0.6770935796875001 0.49189327031249996 0.7090079 0.51875668125 0.7466629578124999 0.5259606328124999 0.758915409375 0.5590206140625 0.7349608625 0.5442050359375 0.714362478125 0.5342348171875 0.6874178578125 0.5334234203125 0.667354815625 0.5373732484375 0.660682596875 0.5424216703125 0.6579582890625 0.5368860843750001 0.6508748546875001 0.52422839375 0.628527565625 0.4858760328125 0.6530901578125 0.473783378125 0.6654153328125 0.470770034375 0.6709077999999999
2 0.7097492390625 0.31164160625 0.8636362171874999 0.3860538015625 0.8580021999999999 0.370646525 0.8399216234375 0.3527138671875 0.614277003125 0.24977417968750001 0.5721868640625 0.2319319953125 0.547164909375 0.227870025 0.5328806234375 0.228977559375 0.5283215296875 0.2311021484375 0.7097492390625 0.31164160625