4 0.5675661859375001 0.8127227781249999 0.579885796875 0.8064808187500001 0.718437021875 0.70469755625 0.7201157609375 0.6951769515625 0.6806666140625001 0.640540315625 0.63665756875 0.5879043937499999 0.5278639375 0.6640825140625 0.5304264437499999 0.68136283125 0.48722897343750005 0.7116100265624999 0.48235042031250003 0.7233711640625 0.48587220625 0.735211134375 0.54668525 0.8118456515625001 0.5675661859375001 0.8127227781249999
0 0.46300051875000003 0.8012968953125 0.4854058484375 0.8332950218749999 0.5011515656250001 0.8559659390625001 0.5499767609374999 0.8182044328125 0.50869069375 0.7650697984375 0.46300051875000003 0.8012968953125
5 0.6782551328124999 0.558777465625 0.6414572875 0.58454359375 0.6797861671875001 0.6375803234374999 0.7350634296874999 0.60245125625 0.7075364078125 0.559733425 0.6972734 0.5443926828125 0.6782551328124999 0.558777465625
1 0.4170040421875 0.8394647890625 0.4583323734375 0.9018812687500001 0.4691446859375 0.8786087328125 0.4917299609375 0.8610552234375 0.4731650703125 0.8311366421875 0.4559997734375 0.8078773640625 0.4170040421875 0.8394647890625
2 0.45500098749999995 0.8068982281249999 0.39060956562500004 0.71449046875 0.3596876140625 0.7375697156250001 0.3680301515625 0.7688411703125 0.41861696875 0.8390490171874999 0.43684354531249997 0.8303416703125001 0.45380188749999995 0.8136986593750001 0.45500098749999995 0.8068982281249999
3 0.4821305234375 0.8677768218749999 0.469091453125 0.878099040625 0.47929945468749996 0.890054840625 0.4935730078125 0.8824158000000001 0.4821305234375 0.8677768218749999
2 0.49445013437499996 0.8615348624999999 0.483490609375 0.8680166421875001 0.4960533609375 0.884255525 0.5047723515625 0.874573934375 0.49445013437499996 0.8615348624999999
2 0.46565182031249996 0.8816996593749999 0.45821408124999996 0.900021409375 0.4638154140625 0.9080209421875001 0.48117456406250003 0.8970580968749999 0.4782934046875 0.8895382046875 0.47021171875 0.879698946875 0.46565182031249996 0.8816996593749999
5 0.580474059375 0.5479670921875 0.564281028125 0.5282989296875 0.57120579375 0.521670928125 0.5696692515625 0.50902268125 0.5867934515625 0.49751668125000004 0.586108784375 0.49169786875000004 0.533445346875 0.5290364734375 0.5306463406249999 0.5369571718749999 0.532407234375 0.5428771578125 0.5435277453125 0.54343563125 0.55693788125 0.534409609375 0.5707903265625001 0.55280980625 0.580474059375 0.5479670921875
5 0.508809446875 0.5653613203125001 0.5080899859375 0.5694415796875 0.5114507859375 0.5742412984375 0.5155310453124999 0.5749607578125 0.5203307640625 0.5715999593750001 0.5210502234375001 0.5675197 0.517689425 0.56271998125 0.5163293375 0.5624801609375 0.5136091656249999 0.5620005203125 0.508809446875 0.5653613203125001
5 0.5712157546875 0.5931937140625 0.57489520625 0.5882330078125 0.5751350265624999 0.5868729218750001 0.571774228125 0.582073203125 0.570414140625 0.5818333828125 0.56449415625 0.5835942765625 0.56329505625 0.5903947078125 0.5655355890625 0.5935945203124999 0.5712157546875 0.5931937140625
5 0.6180959984375 0.5818267421875001 0.6052967484375 0.5907888734375 0.605056928125 0.5921489609374999 0.6106582609375 0.6001484921875 0.6147385187500001 0.6008679515625001 0.6227380515625 0.59526661875 0.623217690625 0.592546446875 0.624817596875 0.5914261796875 0.6250574171875 0.59006609375 0.619456084375 0.5820665625 0.6180959984375 0.5818267421875001
6 0.4988351125 0.774087046875 0.507757834375 0.7683998265625 0.476306921875 0.7186753875 0.5347006203125 0.679469240625 0.5275899468749999 0.6693141453125 0.4581086859375 0.71769431875 0.4988351125 0.774087046875