0 0.555657128125 0.75464626875 0.5616574562500001 0.6779659078125 0.53412459375 0.68139880625 0.5229743453125 0.6869769234375 0.48949278593749995 0.685110134375 0.4887111734375 0.718332096875 0.4858997984375 0.7464183734375001 0.49538939062500004 0.7472486046875 0.555657128125 0.75464626875
4 0.5793496031250001 0.6686905046875 0.5830945765625 0.6258852640625 0.5848270953125 0.6155371921875 0.573167190625 0.615225384375 0.582406603125 0.550098825 0.585792615625 0.4829985609375 0.5868744515625 0.472975775 0.5311063875 0.4693915015625 0.52798165 0.4572656171875 0.5023299812500001 0.45548223125 0.50015766875 0.4645091 0.48935910624999995 0.46475879375 0.3877090921875 0.455981271875 0.37445246875 0.5953610031250001 0.3741714265625 0.6066693359374999 0.3868242171875 0.6077763109375 0.4700910140625 0.6154153265625 0.4837982125 0.6166145515625 0.48080231875 0.646809615625 0.478390684375 0.6703268578125 0.4991579328125 0.6717896046875 0.5217880015625 0.6762485515625001 0.537770971875 0.6797718015624999 0.5537407046875 0.679398203125 0.5638277671874999 0.6774474828125 0.5800567296875 0.6781590296875 0.5793496031250001 0.6686905046875
5 0.5913482343750001 0.43636895156250005 0.5902184921875 0.4324105484375 0.589330759375 0.43135258906249996 0.552362596875 0.42811829375 0.5502466781249999 0.4298937609375 0.5444096 0.42938308281250004 0.5403479875 0.43098832343750004 0.5385872609375 0.435830025 0.537229128125 0.4535725890625 0.5367366375 0.46106144843749997 0.5361454421875 0.46865644062499995 0.5434145765625 0.46985966562500003 0.5778030140625 0.4734769265625 0.5814091890624999 0.4745226359375 0.5856311562500001 0.4750861546875 0.587976934375 0.47490309374999995 0.5913482343750001 0.43636895156250005
5 0.5970501671874999 0.48772768749999995 0.5984408921875 0.48617607500000004 0.600840775 0.4817974890625 0.598859628125 0.47611732812499996 0.600604046875 0.47057029375 0.5988285796875 0.468454375 0.5985316218750001 0.4672777078125 0.59664378125 0.467572759375 0.593879234375 0.46900165625 0.5931464890625 0.47328125312499997 0.591893765625 0.4781264703125 0.58630329375 0.47716148281250004 0.585792615625 0.4829985609375 0.5875680812499999 0.48511447968750004 0.585195996875 0.4893399546875 0.5860170250000001 0.49702104843750006 0.6208227187500001 0.49970779218750006 0.6216321734375 0.49364322656250004 0.6079928171875 0.4917527421875 0.5965070625 0.49074786875000004 0.5970501671874999 0.48772768749999995
5 0.58942954375 0.5646810546875 0.5865961171875 0.56345286875 0.583762690625 0.5622246828125 0.5805888125 0.5648878828125 0.5802483609375 0.56877926875 0.5781324421875 0.5705547359375001 0.5766004078125 0.5880659703125 0.5812093 0.591410075 0.58332521875 0.5896346078125 0.5872166046875 0.5899750609375001 0.5893325234375 0.58819959375 0.5912782171875001 0.5883698203125001 0.5946223203125001 0.5837609265625 0.5954734515625 0.5740324625000001 0.593697984375 0.57191654375 0.5938682109375 0.5699708515624999 0.58942954375 0.5646810546875
5 0.5377818078125001 0.40429590624999995 0.5174371468750001 0.4015356859375 0.5125610078125 0.4236558140625 0.538742746875 0.42692671249999997 0.5431082078125 0.41064366249999995 0.5377818078125001 0.40429590624999995
5 0.5566420625 0.3343845890625 0.541870071875 0.343067934375 0.5391041624999999 0.368450475 0.5545584031249999 0.3725285265625 0.581705425 0.3728481828125 0.5845992671875 0.33977140625 0.5791026421875001 0.33536934218750003 0.5566420625 0.3343845890625
6 0.4794383671875 0.667791746875 0.48165130625 0.642497740625 0.47987583906250003 0.6403818218749999 0.48021629218750006 0.6364904359375 0.4825703578125 0.6171100078125 0.467408384375 0.6162397828125 0.46837357968750004 0.6229043078125 0.47093779687500004 0.637837046875 0.46898392656250004 0.669018253125 0.470146090625 0.68228010625 0.47856328281250005 0.683403578125 0.48816647187499995 0.6842437484375 0.49558779375000006 0.6848893234375 0.512784225 0.686010459375 0.523957553125 0.686600925 0.5337479140625 0.6808774015625 0.534151190625 0.676267925 0.49503738906250006 0.672071775 0.4838640890625 0.6714812984375 0.4794383671875 0.667791746875
1 0.4837969453125 0.78780165625 0.4732961140625 0.798037403125 0.46346405468749996 0.807711959375 0.5605635015625 0.8205449125 0.559617865625 0.8136455703125 0.5506034484375 0.7955741921875 0.5541361625000001 0.76297095625 0.5305666109375 0.7596695 0.5125319796875 0.7568522953125 0.487398084375 0.7537238312500001 0.4863720265625 0.77253465 0.4837969453125 0.78780165625
2 0.5604254703125 0.815265821875 0.5609561296875001 0.820504284375 0.5698107109375 0.8210317125 0.578600890625 0.822295240625 0.5864310859375 0.8232275234375 0.5964695578125 0.8243530234374999 0.5985732609375 0.8003075875000001 0.58162165 0.7990717421875 0.56549201875 0.7969188671875 0.5508345671875 0.79489478125 0.5522086890625 0.7996358046875 0.5584870296875 0.8091624765625 0.5604254703125 0.815265821875
3 0.5993704984375 0.7855429515625 0.5736502078125 0.7827982312499999 0.5532412796874999 0.7807575156250001 0.551663496875 0.7902014546875 0.5504935453125 0.7949840203125 0.561259090625 0.7964895265624999 0.5767851875 0.798845090625 0.5983313625 0.800108696875 0.5993704984375 0.7855429515625
2 0.55269821875 0.780522115625 0.5610724578124999 0.7814426546875 0.571870640625 0.7825752546875 0.57819384375 0.7833163453124999 0.5815663765625 0.783423521875 0.5839840749999999 0.7837902265625 0.5904673515625001 0.7847659046875 0.59960375 0.7855652359375 0.6014284765625 0.7690033953125 0.5789487859375 0.7660972640625 0.5547420453125 0.7636036859375 0.55269821875 0.780522115625
2 0.342453115625 0.78825356875 0.429666646875 0.7996979859375 0.44700765625 0.8031757125000001 0.463361078125 0.8058188984375001 0.472222809375 0.7996069453125 0.4803882828125 0.791391746875 0.48340000156249996 0.7859448609374999 0.4741741484375 0.78398603125 0.4342162390625 0.7776491234375 0.364668071875 0.7695040265624999 0.344301990625 0.76712083125 0.3429606953125 0.778648915625 0.342453115625 0.78825356875
3 0.48613635468750005 0.7698806484375 0.47226782343749996 0.7686673093749999 0.4403537078125 0.7645442859375 0.38180875 0.75676045 0.3469805890625 0.7517170171875 0.3450490828125 0.7661880062499999 0.4508258359375 0.78194331875 0.48381688125 0.78498315625 0.48499725781249997 0.779097346875 0.48613635468750005 0.7698806484375
2 0.45218764375 0.7663777765625001 0.469081590625 0.768183715625 0.48672024062499997 0.7694261 0.486544684375 0.7576795984375 0.48606701250000006 0.7528250296875 0.48139518593749997 0.7512131078125 0.39877316406249996 0.7397734359375 0.3693244703125 0.73599381875 0.34980517187500004 0.732180509375 0.3466672625 0.75085628125 0.4203076765625 0.7618109640624999 0.45218764375 0.7663777765625001