4 0.5451011671875 0.6071199390625 0.5921167796875 0.5863543421874999 0.595420715625 0.558931296875 0.5877752640625 0.5346404421875001 0.5669237953125 0.5068110453125 0.5594137921875 0.47446839062499996 0.56212635 0.46811813437499994 0.5852211656249999 0.4611632171875 0.572358634375 0.3808798078125 0.5638872 0.36344471562499997 0.48121171093750004 0.3776883140625 0.4648372078125 0.3935210171875 0.38354278750000004 0.41015669375 0.34771116874999997 0.44200712812500004 0.341879703125 0.47886304375 0.3450747578125 0.5424018937499999 0.363867909375 0.6080982171875 0.37924468437500003 0.6374937093749999 0.3879870203125 0.6388251984375 0.5451011671875 0.6071199390625
5 0.6824341609375 0.441715825 0.66835258125 0.43389862968750004 0.5878579796875 0.4512757953125 0.5894534609375001 0.4646367578125 0.5812401875 0.46631604375 0.5581415203125 0.4710580453125 0.5670138484375 0.51223571875 0.58590125625 0.512322178125 0.6004114921875 0.5510310234375 0.6034796921875001 0.5767251718749999 0.59714550625 0.592935821875 0.6022034765625001 0.6112040484375 0.7026349484375001 0.5927143234375001 0.721081053125 0.5804697390625 0.699832959375 0.46356502187500004 0.6824341609375 0.441715825
0 0.27911766875 0.53151060625 0.341978859375 0.501131875 0.337280571875 0.48470779375 0.27394365625 0.514604078125 0.27911766875 0.53151060625
5 0.6695946390625 0.2896567375 0.66903955625 0.2804088953125 0.6030227546875 0.304171234375 0.6013707859374999 0.31788275781249997 0.6084115765625 0.32179135625 0.6493115390625 0.3125302296875 0.6695946390625 0.2896567375
1 0.2246677921875 0.5465353734375 0.2695401859375 0.5386673765625 0.2617431109375 0.5185927890625 0.215875878125 0.5340694671875 0.2246677921875 0.5465353734375
3 0.2072228359375 0.440435803125 0.29154988125000003 0.7292146234375 0.3043058796875 0.7218413625 0.22668429687499997 0.43485926406250003 0.2072228359375 0.440435803125
2 0.2206600375 0.5313073312500001 0.2351950140625 0.528265609375 0.21125017812500002 0.4570041234375 0.195566209375 0.474032865625 0.2131137421875 0.5292853078124999 0.2206600375 0.5313073312500001
2 0.25772754999999997 0.6231315046875 0.2449411671875 0.63689260625 0.24679144687500001 0.66771874375 0.25793914687499997 0.7091242140625 0.2713797703125 0.726879784375 0.2848566875 0.7143147234375 0.25772754999999997 0.6231315046875
2 0.25293010625 0.5844385937500001 0.2392052984375 0.541331578125 0.22397725781250002 0.5453393328125 0.2188726203125 0.55307065625 0.238207571875 0.5865597734375 0.2507230546875 0.5889022749999999 0.25293010625 0.5844385937500001
5 0.2509080828125 0.5919848890625 0.241290184375 0.5863747453125 0.2332879625 0.5973737109374999 0.24079796406249998 0.6297163671875 0.2464576859375 0.6312328843749999 0.2560260046875 0.6257086125 0.2509080828125 0.5919848890625
2 0.4076690171875 0.7502552234375 0.422071075 0.75310323125 0.7145856234375 0.699039709375 0.732020715625 0.6905682734374999 0.7389623484375 0.672208040625 0.7202816375000001 0.6702355953125 0.3986920765625 0.7347067046875 0.4076690171875 0.7502552234375
3 0.74502851875 0.668472159375 0.742219896875 0.6521322359374999 0.2981739203125 0.735785665625 0.3060524171875 0.7510859359375 0.74502851875 0.668472159375
2 0.253020871875 0.5198527453125 0.2645778515625 0.5169542859375 0.23540663906249998 0.4335993359375 0.22131478906250002 0.4370175828125 0.253020871875 0.5198527453125
2 0.2796016875 0.5905233734374999 0.2704394546875 0.5353112609374999 0.25664725312500003 0.53761079375 0.3084764578125 0.724157928125 0.2796016875 0.5905233734374999