4 0.611328125 0.5341796875 0.6025390625 0.521484375 0.560546875 0.5244140625 0.560546875 0.5107421875 0.5546875 0.5068359375 0.55859375 0.4228515625 0.5146484375 0.416015625 0.3740234375 0.416015625 0.3671875 0.4462890625 0.3671875 0.5302734375 0.3798828125 0.541015625 0.4111328125 0.5390625 0.4228515625 0.517578125 0.435546875 0.5205078125 0.43359375 0.6103515625 0.4384765625 0.615234375 0.5625 0.6162109375 0.568359375 0.5888671875 0.5908203125 0.560546875 0.60546875 0.5576171875 0.611328125 0.5341796875
5 0.608529646875 0.42302256875 0.607421875 0.4345703125 0.60546875 0.5146484375 0.646758571875 0.5163508218749999 0.6960151890625 0.5156159359375 0.69380965 0.42302256875 0.6337890625 0.423828125 0.608529646875 0.42302256875
0 0.6026482484375 0.41052980625 0.5607434640625 0.4112646625 0.562949003125 0.5156159359375 0.6026482484375 0.517820534375 0.603383465625 0.4208179703125 0.6960151890625 0.41861334375 0.69675029375 0.365702878125 0.616616584375 0.366437721875 0.614411046875 0.3767258859375 0.606324109375 0.3781956 0.6026482484375 0.41052980625
3 0.2431640625 0.521484375 0.240234375 0.6201171875 0.2578125 0.6259765625 0.2578125 0.5419921875 0.248046875 0.5302734375 0.25 0.5224609375 0.2431640625 0.521484375
2 0.224609375 0.6220703125 0.236328125 0.6279296875 0.2421875 0.6220703125 0.240234375 0.5322265625 0.2255859375 0.51953125 0.224609375 0.6220703125
2 0.267578125 0.6279296875 0.267578125 0.5341796875 0.2568359375 0.5390625 0.2569506328125 0.6333741765625 0.267578125 0.6279296875
1 0.6455078125 0.3125 0.619140625 0.3154296875 0.6201171875 0.353515625 0.69140625 0.3525390625 0.693359375 0.3369140625 0.6826171875 0.328125 0.68772303125 0.317878540625 0.6455078125 0.3125
3 0.27777667968749997 0.3273016875 0.2768300125 0.34625355625 0.28534974687500003 0.347201134375 0.6176193875 0.34909633281249997 0.616672721875 0.33393486562499997 0.2939453125 0.330078125 0.27777667968749997 0.3273016875
2 0.6242458765625 0.33393486562499997 0.6204593 0.31498299687500003 0.2744140625 0.310546875 0.27304343593749997 0.33109208749999997 0.6242458765625 0.33393486562499997
3 0.6962890625 0.33203125 0.697265625 0.3525390625 0.708984375 0.3544921875 0.7275390625 0.349609375 0.729375065625 0.34914909843749997 0.7305321015625 0.3329347171875 0.6962890625 0.33203125
2 0.689453125 0.3212890625 0.6904296875 0.330078125 0.7265625 0.3291015625 0.732421875 0.3193359375 0.7294921875 0.3125 0.7021484375 0.3125 0.689453125 0.3212890625