4 0.45665088750000005 0.4005699515625 0.4329388515625 0.39594523125 0.365597275 0.39849655 0.3613731359375 0.46717111562499997 0.376661771875 0.4976627578125 0.3805377875 0.60894053125 0.5480677578125001 0.6148291968749999 0.5518954640625 0.482611734375 0.5065690140625 0.47960309062500006 0.4603364 0.4782316796875 0.460019240625 0.43421068125 0.4617825546875 0.4051905265625 0.45665088750000005 0.4005699515625
0 0.23458049218750002 0.470382440625 0.2825366640625 0.46293085625 0.2949927125 0.45585825625 0.308510740625 0.4474497546875 0.3622136296875 0.44887852187500005 0.36354284375 0.40541645624999995 0.2389694796875 0.39410232500000003 0.23458049218750002 0.470382440625
5 0.4880459109375 0.4771568234375 0.5228221125 0.476520715625 0.51766601875 0.40798633281249996 0.46373300312500004 0.40508830781249994 0.45961108125 0.475713321875 0.4880459109375 0.4771568234375
5 0.7771860312500001 0.6390040171875 0.76774459375 0.6267860859375001 0.7551177890625 0.6284257328125 0.7545984015625 0.6558342265625 0.7658880703125 0.665999490625 0.7776929781249999 0.6673366265625 0.7771860312500001 0.6390040171875
6 0.2652303125 0.3959269609375 0.2642927703125 0.331440896875 0.2505374125 0.330205978125 0.2480355828125 0.394684740625 0.2652303125 0.3959269609375
6 0.25819632656249997 0.6192057546874999 0.265808025 0.46823531406249996 0.24861329531249998 0.46699309375000003 0.24378277656249997 0.6199611375 0.25819632656249997 0.6192057546874999
2 0.2348735765625 0.470392378125 0.2313084984375 0.6168640015625 0.24414854843749997 0.6167269156249999 0.2471518171875 0.469748903125 0.2348735765625 0.470392378125
2 0.248513375 0.393588009375 0.24787794999999999 0.330391971875 0.23708919375 0.328814053125 0.236797040625 0.39473789375 0.248513375 0.393588009375
1 0.2264162625 0.472443134375 0.2269027140625 0.43901391562500003 0.22974514375 0.3929640859375 0.2157277046875 0.37505799687499997 0.214250040625 0.4752240953125 0.2264162625 0.472443134375
2 0.22285813124999998 0.6230715874999999 0.227483915625 0.4723871796875 0.21680722812500003 0.472946721875 0.2131058890625 0.62358268125 0.22285813124999998 0.6230715874999999
2 0.22850945781249998 0.3898137953125 0.228775825 0.32547903906250003 0.2171412875 0.3261085703125 0.2159809171875 0.375466803125 0.22850945781249998 0.3898137953125
5 0.752305428125 0.350848759375 0.7506657828125001 0.3382219546875 0.7360885296874999 0.33996381875 0.7397808421875001 0.354438853125 0.752305428125 0.350848759375