4 0.5105447609375 0.43717842500000004 0.4939071359375 0.42656877499999996 0.470986853125 0.4124155046875 0.41844609843749997 0.380156859375 0.335612021875 0.3304084328125 0.31397390468749997 0.317915659375 0.304230534375 0.3247974578125 0.2792657796875 0.361374884375 0.2736929671875 0.3997877796875 0.2596731953125 0.4202957515625 0.2789236484375 0.4352583109375 0.28398880625 0.45422048593750003 0.36439368125 0.514173909375 0.533712096875 0.610261134375 0.5970158296875 0.501885528125 0.5782182609375 0.4797563734375 0.54367425 0.4575571046875 0.5105447609375 0.43717842500000004
5 0.633512965625 0.520701884375 0.6000412953125001 0.50250464375 0.5737698859375 0.5538674359375 0.6065266625 0.5693966578125 0.633512965625 0.520701884375
2 0.33331946874999996 0.23667916406249997 0.3114716796875 0.22767312187500002 0.2479123546875 0.3409254828125 0.2654460296875 0.34766564375 0.33331946874999996 0.23667916406249997
1 0.2621588953125 0.3514060015625 0.243910328125 0.34199782343749996 0.21230288125 0.3947904015625 0.22983655625 0.40153056249999997 0.2621588953125 0.3514060015625
2 0.2593266359375 0.2215459953125 0.2097836171875 0.3034507703125 0.21273896875 0.319816328125 0.22688973125 0.3246033625 0.282196346875 0.22685636874999998 0.26528178750000003 0.21709074374999998 0.2593266359375 0.2215459953125
2 0.225572859375 0.4069623765625 0.21096887187500002 0.3951478484375 0.20171966718749998 0.40766163281249995 0.21740291250000002 0.4191600140625 0.225572859375 0.4069623765625
3 0.20891996875 0.3928372765625 0.1889799453125 0.3824525359375 0.1807760265625 0.393966359375 0.1996626015625 0.40567225625000003 0.20891996875 0.3928372765625
3 0.3006467296875 0.24958686718749998 0.30214663124999996 0.2391764625 0.2838980625 0.22976828437500002 0.22761488437500002 0.3292067328125 0.245863453125 0.33861491250000003 0.3006467296875 0.24958686718749998
1 0.21292199687500002 0.39176493749999997 0.24355288125 0.3406638140625 0.20747678593750002 0.31718168750000003 0.2038549953125 0.29985753125 0.1556998296875 0.3756422625 0.161489090625 0.38123996875 0.18016522031249999 0.3762357140625 0.21292199687500002 0.39176493749999997
2 0.1886224984375 0.3811185265625 0.17482918281249998 0.3776655015625 0.16256143125 0.38524199531250003 0.17911854375 0.3936736109375 0.1886224984375 0.3811185265625
1 0.27040583281249997 0.40352813750000005 0.2774777765625 0.36588854843749996 0.270616175 0.3562888140625 0.2366023796875 0.40543681249999997 0.2579721890625 0.4211575890625 0.27040583281249997 0.40352813750000005