4 0.46131265624999995 0.4749957046875 0.4919662171875 0.454009759375 0.5064630578125 0.44517250781250006 0.4421987328125 0.357309140625 0.42368218124999996 0.341791859375 0.40716514375 0.3489638 0.3750206375 0.30472068281250003 0.365472184375 0.30320835625 0.3019839 0.342092709375 0.2968792578125 0.3566653265625 0.4086691046875 0.5072079953124999 0.4213777796875 0.5064242859375 0.46131265624999995 0.4749957046875
0 0.3437827203125 0.3165524796875 0.36705229687499996 0.3020603375 0.3738726203125 0.303140571875 0.4075972375 0.3462356703125 0.41707790468750006 0.33934756093749996 0.372738428125 0.279557246875 0.3506258859375 0.29562295 0.3232001890625 0.2585030953125 0.3155143609375 0.2743215671875 0.287720634375 0.327178928125 0.30003708281249997 0.342874290625 0.33217424218749997 0.31861258124999997 0.338798253125 0.320189046875 0.3437827203125 0.3165524796875
1 0.2521073390625 0.2815313015625 0.273813559375 0.3102620375 0.2823177421875 0.3219670421875 0.318862346875 0.252578221875 0.30007401875 0.22671830625 0.293077490625 0.2176610234375 0.28756265000000003 0.21293390781250002 0.2775539078125 0.1940040171875 0.26710098437499996 0.17331737187500001 0.24301781875 0.2203436515625 0.21814359218749999 0.2662810890625 0.24155087812499998 0.267574278125 0.2521073390625 0.2815313015625
2 0.230909396875 0.268168171875 0.22492352499999999 0.2673126234375 0.2212598984375 0.26270528125000003 0.21567670625000002 0.270702040625 0.221914921875 0.277547484375 0.22954274375 0.28717590625 0.23618687500000002 0.2776079234375 0.24038705 0.26728718749999997 0.23677773906250002 0.26580086875000003 0.230909396875 0.268168171875
3 0.24043713125 0.266470953125 0.24011688593749997 0.267335721875 0.23941740781249998 0.2729007125 0.234805690625 0.2800439125 0.2295361796875 0.28671687968750004 0.24069699218750001 0.2994673234375 0.2521794390625 0.2813273078125 0.24825223125 0.27722751562500003 0.24545335625 0.2729400234375 0.24043713125 0.266470953125
2 0.24773052812500002 0.28735647656249996 0.2457792265625 0.29166621875 0.24146810937500002 0.2992231265625 0.262434775 0.32634054687499997 0.27216666875 0.338864971875 0.2743690515625 0.3353685515625 0.2790373921875 0.327868146875 0.28205022031250004 0.3215705671875 0.25212277968749996 0.281684525 0.24773052812500002 0.28735647656249996
2 0.27204405625 0.180525715625 0.2757930734375 0.189824328125 0.27887419375 0.19509978125 0.2875599 0.17601542812499998 0.2996690125 0.151813890625 0.3094733984375 0.131165353125 0.3211208578125 0.10839774531249999 0.3149268953125 0.11177082187500001 0.291555159375 0.1163321171875 0.2923549421875 0.1236407625 0.2813675875 0.14369569843750002 0.26717637031249997 0.172791265625 0.27204405625 0.180525715625
3 0.27807455000000003 0.19288439531249998 0.28828264375 0.2111533203125 0.29178298125 0.20344529687500001 0.31312754531250003 0.16154355625 0.3242966328125 0.13915210625000002 0.3316148421875 0.12594539375 0.32779571406249997 0.1212061234375 0.320895459375 0.111191428125 0.31583799375 0.1197499890625 0.304233209375 0.142494478125 0.2981965953125 0.1541229203125 0.294059184375 0.1637507953125 0.27807455000000003 0.19288439531249998
2 0.2940112328125 0.198205084375 0.2877443375 0.21196612343750001 0.2957632859375 0.2204166453125 0.30326685625 0.230744425 0.31280298906250004 0.2433524765625 0.3190999421875 0.25305410625 0.3310070140625 0.230126478125 0.342803615625 0.20652769843750002 0.3515984734375 0.18775004374999998 0.3576350875 0.1761216015625 0.3627201625 0.1728967296875 0.331748028125 0.1266460171875 0.325011684375 0.13755147343750002 0.2940112328125 0.198205084375
5 0.42116173281249997 0.50778835 0.4492488921875 0.5454049421875 0.5279305187500001 0.4848487578125 0.50223434375 0.4487028484375 0.4704479078125 0.469536603125 0.43482487187499996 0.49598337812500004 0.42116173281249997 0.50778835
5 0.659093671875 0.6741151140625 0.6535569359375 0.6914158625 0.7022438640625001 0.6753563 0.7166809125 0.6636600734375 0.71044094375 0.6500872109375 0.675326878125 0.6599068046875 0.659093671875 0.6741151140625