2 0.5889622078125 0.4472368828125 0.5801327515625 0.38132775625000004 0.2956880515625 0.42132819687499995 0.312831046875 0.5095212640625 0.3767914625 0.5110163875 0.33115036249999996 0.5218777984375 0.33711314375 0.5525536484375 0.32872576875 0.5452304234375001 0.3271003953125 0.562458653125 0.33157248125 0.585465540625 0.3399598546875 0.592788765625 0.55362295625 0.552229346875 0.5373054609375 0.4546260015625 0.5889622078125 0.4472368828125
0 0.2802335296875 0.5874860984375 0.30587607031249997 0.5914552578125 0.3208413203125 0.5865566265625 0.31972330000000004 0.5808049046875 0.3028946796875 0.5761173328125 0.2802335296875 0.5874860984375
0 0.250675703125 0.5992006 0.2614068625 0.598109515625 0.2691566328125 0.5816805046875 0.26079619374999996 0.5693778421875 0.261249675 0.5563567671875 0.3141870640625 0.54208741875 0.302580303125 0.4926118375 0.2975200578125 0.5075232171875 0.23771292656249998 0.5171588640625 0.250675703125 0.5992006
5 0.297991621875 0.6327814593750001 0.284171328125 0.638452375 0.28946956875 0.6503554281249999 0.302890253125 0.6477467109374999 0.297991621875 0.6327814593750001
1 0.18704629687500002 0.6261365671875 0.19696602968750002 0.61461490625 0.21220402031250002 0.60533454375 0.23803237500000002 0.6016400484375 0.22580987343749997 0.52245710625 0.20600692187499997 0.5256538140625 0.17103605 0.5221608125 0.1675473078125 0.5298028390625 0.18704629687500002 0.6261365671875
2 0.179742946875 0.424679996875 0.1562242078125 0.426599640625 0.171435659375 0.5190986140625 0.187491996875 0.52493114375 0.1948152203125 0.51654376875 0.188134028125 0.477054 0.179742946875 0.424679996875
2 0.1880982390625 0.6252921953125 0.1940610203125 0.65596804375 0.2185855375 0.6541854828125 0.21078632343749998 0.6089439921875 0.2035169703125 0.6073724890625 0.1880982390625 0.6252921953125
3 0.211670065625 0.6094162984375 0.22160455156249997 0.6605247984375 0.1955277984375 0.6629415484375001 0.199501596875 0.6833849734374999 0.240658528125 0.680734984375 0.22932773437499998 0.6046579671875 0.211670065625 0.6094162984375
3 0.1956727390625 0.42883111874999996 0.18190631562499998 0.42454315625000005 0.19627163125 0.5301982203125 0.21241612499999998 0.520086384375 0.1956727390625 0.42883111874999996
2 0.2087207484375 0.4243051609375 0.1995341546875 0.4231063328125 0.2131884078125 0.5189414265625001 0.2258368078125 0.5174776671875 0.2087207484375 0.4243051609375
2 0.2440933984375 0.6830518343749999 0.25407921093749997 0.6781262671875 0.2459073234375 0.6309675359375 0.24220752031249998 0.6068156921875001 0.229186446875 0.6063622109375 0.2440933984375 0.6830518343749999