4 0.536925609375 0.3884109609375 0.42331383437500003 0.338059646875 0.4125236484375 0.333489153125 0.396455121875 0.3271339125 0.392768303125 0.336275765625 0.38411905 0.3335378671875 0.3453498015625 0.4194382109375 0.354932628125 0.42719402031250003 0.32997275312499996 0.48148546875 0.324380925 0.499150525 0.327973240625 0.504174690625 0.383683353125 0.5253044859375 0.44337646093750005 0.5530142062500001 0.46541754218750003 0.5509215249999999 0.5231604234375 0.420372734375 0.536925609375 0.3884109609375
0 0.30539420625 0.43224357031249994 0.307838503125 0.438847846875 0.34332850625 0.4563862890625 0.34589674531250003 0.4495994109375 0.3484537703125 0.44119720625000003 0.3384960671875 0.43818701562499995 0.322258153125 0.429257278125 0.33233651875 0.4064373578125 0.346883809375 0.41168943125 0.36209187656249997 0.3841116140625 0.375198059375 0.3506974125 0.364226959375 0.34462152343749997 0.37451464375 0.3182855234375 0.3641065375 0.3130876734375 0.35392235625 0.33523970937500003 0.34950607968749997 0.339961665625 0.3343060046875 0.3345811546875 0.298374853125 0.31729782812499996 0.289158753125 0.315373334375 0.26408834375 0.3775380359375 0.318374021875 0.399425540625 0.30539420625 0.43224357031249994
6 0.5401615953125 0.40484805 0.5460155328125 0.39098572656249997 0.541982059375 0.3889281421875 0.5380006671875 0.387199359375 0.53481983125 0.394781271875 0.532728040625 0.3996627921875 0.528821184375 0.409044953125 0.5257266328125 0.416107621875 0.521715621875 0.42483216874999996 0.51981426875 0.42985205625 0.5172012328125 0.43645027656249996 0.5231931921874999 0.4384173171875 0.5255656578125001 0.43929236562499996 0.52997769375 0.42883355156249997 0.5341376734375001 0.41978497656249997 0.537149634375 0.4123165140625 0.5401615953125 0.40484805
5 0.502040796875 0.5267290328125 0.5247882484375 0.5373232796875 0.5347687953125 0.5385390828125 0.5641724796875 0.4681626890625 0.5701286171875 0.461626196875 0.593898071875 0.470446034375 0.6079581203125 0.444448328125 0.6091739234375 0.43446778124999996 0.5965330328125 0.42528363750000003 0.575707753125 0.417395771875 0.5674555812500001 0.42709248750000006 0.558851790625 0.45222600625 0.5488712453125 0.45101020312499995 0.5228735390625 0.4369501546875 0.5160532156250001 0.4380303875 0.497546175 0.4727931640625 0.48578534375000004 0.502950521875 0.4832054765625 0.5131471140625 0.4867977921875 0.5181712796875 0.502040796875 0.5267290328125
1 0.2482629359375 0.3694311640625 0.257731609375 0.3742118484375 0.2662981328125 0.353140509375 0.273691403125 0.33519709375 0.2794939953125 0.3216865453125 0.28372720937499996 0.3133676515625 0.26419275937500003 0.304534059375 0.256614584375 0.300645025 0.250098775 0.2927629484375 0.24341663906250002 0.2851098015625 0.23948358125000002 0.283301625 0.22621499531249997 0.311947428125 0.220623165625 0.329612484375 0.21406720468749998 0.3428375875 0.210007171875 0.35086985625 0.20627473125 0.3627103234375 0.21678252343749999 0.3650979078125 0.23078331406250002 0.3626778203125 0.2482629359375 0.3694311640625
3 0.257624984375 0.30144515312500003 0.2730644390625 0.3078417328125 0.28375831875 0.2842758140625 0.2880309109375 0.2745244546875 0.27361854375 0.267267153125 0.257624984375 0.30144515312500003
2 0.23982671249999998 0.283275375 0.2495396640625 0.2914737671875 0.25480933125 0.298394709375 0.257815665625 0.3008611859375 0.25964423124999997 0.29795589218749996 0.2624613703125 0.2909705046875 0.2652603015625 0.2847890125 0.26827226249999997 0.27732055 0.2732955734375 0.267511709375 0.25035780625 0.257902828125 0.24586687187499998 0.2682846671875 0.2417068921875 0.2773332421875 0.23982671249999998 0.283275375
2 0.2799392015625 0.292943209375 0.275528753125 0.3032870703125 0.27291220312500003 0.30844240312500004 0.27910811875 0.310403703125 0.2838102796875 0.3132555125 0.287146978125 0.3043895671875 0.29081994375 0.29661470625 0.293837875 0.28865246875 0.29591734375 0.28338288437500003 0.2993060375 0.2779417671875 0.288106334375 0.27432079374999996 0.284719128125 0.2828677890625 0.2799392015625 0.292943209375
2 0.232135290625 0.36340531249999997 0.21857877343749998 0.365552453125 0.20552569687500002 0.36356666249999997 0.1927848796875 0.392798796875 0.14963219218749998 0.491408915625 0.16256771718750002 0.49630842499999994 0.1721728578125 0.5002878374999999 0.21458441874999998 0.40613779687499996 0.2275366578125 0.3732625546875 0.232135290625 0.36340531249999997
3 0.24736091249999997 0.369968675 0.2323141953125 0.36453501250000003 0.200429009375 0.440478725 0.1731543375 0.5010009234374999 0.188142284375 0.5078914609375 0.23557088906249998 0.39789215625 0.24736091249999997 0.369968675
2 0.25753095312499996 0.373858646875 0.2475091671875 0.3690766703125 0.24534181249999998 0.375499696875 0.22669785468749998 0.42093703437499996 0.2219994375 0.43101948281249997 0.2089099203125 0.45871144375000006 0.2028859984375 0.473648371875 0.189599153125 0.507950228125 0.19878769062499999 0.511127103125 0.21930845781250002 0.4615549859375 0.23158645 0.43414558750000004 0.2351086171875 0.4260480515625 0.238758390625 0.41762855 0.24401825000000002 0.40552908906249996 0.25753095312499996 0.373858646875