4 0.48968373125 0.40571540781250004 0.469104546875 0.349735925 0.44822801874999996 0.3055525453125 0.3604043953125 0.3385878671875 0.413035740625 0.47007751249999996 0.4872654015625 0.43750799218749997 0.4837470125 0.416722584375 0.48968373125 0.40571540781250004
0 0.49050734374999994 0.40541241406250006 0.48326653750000004 0.41575947968750004 0.48797545624999994 0.4268529984375 0.499463834375 0.42537080468750005 0.515295525 0.42156005468749996 0.5338389875 0.4127190328125 0.45402356875 0.22354382031250003 0.42298465781249994 0.23720395156250002 0.4703850515625 0.3502532828125 0.49050734374999994 0.40541241406250006
6 0.43885024531249994 0.273462615625 0.4201488890625 0.279624334375 0.42229235468750004 0.286957803125 0.4411396859375 0.2788561984375 0.43885024531249994 0.273462615625
5 0.43595592187500004 0.5165761109375 0.5258489734375 0.4784187734375 0.5029545718749999 0.4244829421875 0.489606396875 0.4280271078125 0.4798023890625 0.4449194484375 0.41276417343749994 0.47443638125 0.43031654843749995 0.5157871859375 0.43595592187500004 0.5165761109375
5 0.5756735234375 0.6057953406250001 0.490656696875 0.642943740625 0.5288398109375 0.725399559375 0.60021111875 0.7035914265625001 0.6092262015625 0.6923384593749999 0.6084888328125 0.683103365625 0.5756735234375 0.6057953406250001
6 0.4035788375 0.3128351125 0.42153167031249994 0.31264087812499997 0.4220748046875 0.303923140625 0.39713675312499996 0.247672090625 0.38506908281249996 0.2517336140625 0.4035788375 0.3128351125
6 0.537452640625 0.6082274578125 0.5435835921875001 0.6151731125000001 0.54745088125 0.6092879499999999 0.5084530640625 0.5399087390624999 0.49796324375 0.5326915156250001 0.537452640625 0.6082274578125
6 0.462006021875 0.5479544515625 0.5267290203125 0.5204811687500001 0.5311136671875001 0.5133155015625 0.5257974171875001 0.493293240625 0.5212185375 0.482506075 0.4449452265625 0.5127603765625001 0.43593014375 0.52401334375 0.4458510515625 0.5473855375000001 0.462006021875 0.5479544515625
2 0.368677075 0.20729496875 0.3059391296875 0.2314117875 0.30083465781249996 0.2342069859375 0.314732490625 0.2709807390625 0.3804782671875 0.24250706093750002 0.3710608734375 0.223730984375 0.368677075 0.20729496875
2 0.3985977015625 0.1961288125 0.38037330156250004 0.20068191406250002 0.39435573281249997 0.23612177812500001 0.41541270781249995 0.228244521875 0.3985977015625 0.1961288125
1 0.41797371562499996 0.2292792359375 0.450335215625 0.21554259375 0.44782576250000006 0.1996334125 0.44541063437500006 0.17516631875 0.397060790625 0.19511625 0.41797371562499996 0.2292792359375
3 0.3798559453125 0.20196241874999998 0.367788275 0.2060239421875 0.3812713203125 0.24309905937499998 0.3938383765625 0.23740228281250003 0.3798559453125 0.20196241874999998