0 0.46729739531250003 0.3592361484375 0.44163421718749996 0.319981203125 0.39129091250000003 0.35155273125000003 0.4158715078125 0.3921703078125 0.46729739531250003 0.3592361484375
1 0.4355273890625 0.3135149421875 0.4397064125 0.2869133703125 0.3635387078125 0.3353078921875 0.3805804453125 0.33825351875 0.38661908437500003 0.34407624375 0.4355273890625 0.3135149421875
2 0.4797674609375 0.28428075625 0.4746691140625 0.27612169375 0.46089246250000004 0.273401075 0.43935999062500003 0.28685605625 0.43725171406249996 0.3113877640625 0.4797674609375 0.28428075625
2 0.3101608 0.378917896875 0.317736015625 0.389310846875 0.335520015625 0.3771177296875 0.350679865625 0.3676448046875 0.3687066546875 0.35584016875 0.38721896093749997 0.34481264375 0.38004055000000003 0.34119607812499997 0.376314209375 0.33891838750000003 0.361511825 0.3355009890625 0.34556973125 0.34315963125 0.3290062921875 0.35350961718749996 0.30384855625 0.3688161953125 0.3101608 0.378917896875
5 0.39381793125 0.49033324218749996 0.407825778125 0.48103993906250003 0.42196542499999995 0.471664278125 0.428719496875 0.4669036359375 0.43260664687499994 0.46447467500000006 0.4224720296875 0.4459576671875 0.41574367343749996 0.4444043046875 0.415122328125 0.447095646875 0.38696448125 0.464690621875 0.38375477343750003 0.4724539765625 0.3909997625 0.48404838437500003 0.39381793125 0.49033324218749996
6 0.4224720296875 0.4459576671875 0.39349206875 0.3995800375 0.39608043125000003 0.39450802500000004 0.4027058078125 0.39036803125 0.4098957421875 0.3857462296875 0.4070314875 0.3794325375 0.3853150609375 0.39202264375 0.38438304375 0.3960596578125 0.4164679984375 0.44740631875 0.42050501249999994 0.44833833749999996 0.4224720296875 0.4459576671875
0 0.5773098921875001 0.671635828125 0.5381876390625 0.601655728125 0.5276299609375 0.59213131875 0.5196589140625 0.595960640625 0.5693582578124999 0.6780479390624999 0.5773098921875001 0.671635828125
4 0.6044431265625 0.5418300421875 0.4841756015625 0.3567331734375 0.4615051515625 0.362838453125 0.40518945781250004 0.3980284046875 0.405706090625 0.4080694484375 0.439447390625 0.4583811125 0.396485428125 0.4909844328125 0.396588409375 0.496677790625 0.3994857125 0.5086858515625 0.45475428906250004 0.6008197671875 0.4765301375 0.6325971125 0.5178799765625001 0.608342375 0.516364753125 0.5966210875 0.5291352109374999 0.58916905625 0.5353026437499999 0.5990390109375 0.5407759999999999 0.5965837171875 0.5742135515625 0.5745380734375 0.6049597609374999 0.5518710859375 0.6044431265625 0.5418300421875
6 0.6056825921875 0.5727801890625 0.6110215375 0.5640493906249999 0.6081749046875 0.5530158703125 0.599984415625 0.566900178125 0.5811496 0.5690524078125 0.5752407171875 0.5769671015625 0.555953465625 0.590367771875 0.5384861546875 0.601282559375 0.5424870140625 0.60552585625 0.5731756734375 0.5876981109375 0.5870644171875 0.579693790625 0.6056825921875 0.5727801890625
1 0.5963589218750001 0.7027964609375 0.581369115625 0.6776048625 0.5723484171875 0.6836172671875 0.5861897796875 0.708775228125 0.5963589218750001 0.7027964609375
3 0.5815379296875001 0.677875021875 0.5864733734375001 0.685277584375 0.6108259265625 0.6712184796875 0.6636994281249999 0.6385550671875 0.6914036 0.619741053125 0.6861705484375 0.611366421875 0.6057616671875 0.6631139703125 0.5882949203125001 0.6736527859375 0.5815379296875001 0.677875021875
3 0.559273453125 0.6921630296875 0.5174745921875 0.7176650343750001 0.522157878125 0.7251598593749999 0.532378009375 0.7429877515625 0.5372848765625 0.7405345921875 0.5269139890625001 0.723790659375 0.5330455 0.7197714656249999 0.5763988765625 0.69310650625 0.5719766421875 0.6842251953125 0.559273453125 0.6921630296875
2 0.5859498000000001 0.7091126140624999 0.5766448328125 0.6922401859375 0.5273763406249999 0.72302655625 0.5333821328125 0.7332982890624999 0.53783103125 0.740418015625 0.5859498000000001 0.7091126140624999
2 0.596652534375 0.703834640625 0.702008059375 0.6369155953125001 0.69127491875 0.619738978125 0.63620515 0.6541503890625 0.5983202203125 0.6778235203125 0.5847970578125 0.6857309078125 0.588700021875 0.6919769578125 0.596652534375 0.703834640625