4 0.4725279546875 0.55424649375 0.4514080609375 0.561283140625 0.452708521875 0.586578071875 0.427703659375 0.5914339859375 0.43781807031250003 0.7327366703125 0.4488134921875 0.7357740109375001 0.4505132359375 0.76820706875 0.5540288296875 0.7618786671875 0.551224096875 0.7310342000000001 0.564468359375 0.7225168765625 0.5555504546875001 0.6643100828125 0.56089070625 0.654251184375 0.5554772640625 0.53229705625 0.547368815625 0.5268545859375 0.5123629640625 0.5306449703125 0.4974749078125 0.5451158578124999 0.4725279546875 0.55424649375
5 0.5373762671875 0.2242284421875 0.4942619671875 0.22257635625 0.46120656406249994 0.22626452187499999 0.456585990625 0.23139618906249998 0.4572932265625 0.2822100640625 0.46385180937500003 0.3327172828125 0.4689834765625 0.33733785625 0.517642465625 0.3328319421875 0.52041895625 0.31117257343750004 0.542695784375 0.3070713859375 0.5373762671875 0.2242284421875
0 0.47687919531249995 0.3760401671875 0.47493289375 0.35756201718749997 0.46405209999999997 0.35519854687499997 0.4799457328125 0.537202715625 0.489851725 0.536683565625 0.47687919531249995 0.3760401671875
0 0.4934535515625 0.777963675 0.479821578125 0.7782072078125 0.47978890625000004 0.8224734 0.496680825 0.8215881312500001 0.4934535515625 0.777963675
3 0.4975438296875 0.8290772515624999 0.48114575156250006 0.830407565625 0.4823254515625 0.861895915625 0.498674328125 0.859626446875 0.4975438296875 0.8290772515624999
3 0.5994828375 0.8529305968750001 0.44145408750000004 0.8630961203125 0.443278528125 0.87995286875 0.5983443 0.8671172281249999 0.5994828375 0.8529305968750001
2 0.6039285 0.8236367203125001 0.4984770125 0.8315176718749999 0.49810103593750005 0.8613030578125 0.6017252359375 0.8534187765624999 0.6039285 0.8236367203125001
2 0.48039087656249996 0.831564975 0.440037934375 0.8336797828125 0.4407391921875 0.8619960109375 0.4807744921875 0.860875753125 0.48039087656249996 0.831564975
2 0.5966263546875 0.8678542218749999 0.4433636515625 0.879182665625 0.443583534375 0.8923562546875001 0.575827071875 0.8832755328124999 0.5966263546875 0.8678542218749999
0 0.571587796875 0.5598119171875 0.5873368125 0.6615431203125001 0.6010399109375 0.8152797171874999 0.614153471875 0.8141215781250001 0.5579317234375 0.2198570640625 0.5456581765624999 0.21908763125 0.55407523125 0.3749282015625 0.569228475 0.5521123421875 0.571587796875 0.5598119171875
5 0.4573139609375 0.18930822187500002 0.4492055125 0.1838657515625 0.42179701718749996 0.183346365625 0.3898701671875 0.18990909375 0.402983184375 0.3095039 0.42382480312500004 0.2966768046875 0.4445600578125 0.30047962968749997 0.446109925 0.25541488125 0.45309396875 0.23940242031249998 0.45115181406250005 0.2023439015625 0.4573139609375 0.18930822187500002
1 0.5546828953125 0.17383980000000002 0.4857397109375 0.1784264640625 0.4522749140625 0.18047650625 0.4510819453125 0.1852918921875 0.5552992156250001 0.18166005000000002 0.5546828953125 0.17383980000000002
1 0.6223657921875 0.8783035890625 0.61981404375 0.8218303812500001 0.605918134375 0.8230243671874999 0.6030151859374999 0.822982915625 0.603719721875 0.8338319453124999 0.60105378125 0.8546903531250001 0.5983859078125 0.8795140546875 0.6223657921875 0.8783035890625