4 0.460490353125 0.503405403125 0.459553228125 0.43568321250000003 0.31651435625 0.4216365890625 0.30827140625 0.5337797359375 0.3080948046875 0.564574775 0.3102839296875 0.5843721546875 0.333121565625 0.5922519453125 0.4084563015625 0.5939414171874999 0.4436489984375 0.5950597921874999 0.4489387953125 0.5906211265625 0.460490353125 0.503405403125
5 0.554588325 0.458702096875 0.5607658546875001 0.455321390625 0.5677817265625 0.38633440937499997 0.46749343593750003 0.3785406140625 0.46153552343750004 0.4466398609375 0.465974190625 0.4519296578125 0.554588325 0.458702096875
5 0.768663921875 0.544091196875 0.7723127437499999 0.46508884375 0.7648567671875 0.46435439531249995 0.7301747484375001 0.457398940625 0.7128360812500001 0.45773910156250003 0.6873695078125001 0.45365396875 0.6780180984374999 0.459697875 0.67026090625 0.5707725890625001 0.674529346875 0.5780080796875 0.6930985421875 0.5786523796874999 0.7655998515625 0.579113665625 0.768663921875 0.544091196875
0 0.26232075 0.415486728125 0.32790320781250004 0.41547684062499995 0.45936584375 0.426262928125 0.4627821765625 0.38721405937500003 0.2032928765625 0.37307133124999997 0.2028920078125 0.4112676796875 0.26232075 0.415486728125
3 0.17889077343749998 0.47027234843750004 0.1802612015625 0.41222861875000005 0.1604336875 0.41241709374999996 0.160850953125 0.4673861125 0.17889077343749998 0.47027234843750004
1 0.18254734687500002 0.408507459375 0.183325271875 0.3772061484375 0.1456029984375 0.36018177812499996 0.1395718796875 0.406708178125 0.18254734687500002 0.408507459375
2 0.138356484375 0.4654194140625 0.1514656546875 0.47244807499999997 0.161534571875 0.46940781875 0.16169200781249998 0.41158431718750005 0.14193123125 0.42455986562500003 0.138356484375 0.4654194140625
2 0.1666651671875 0.36594565 0.17109104375 0.3153576375 0.1507463828125 0.31259741874999997 0.146283903125 0.35239900625 0.1666651671875 0.36594565
3 0.181209353125 0.378981615625 0.1866565859375 0.316719446875 0.174264921875 0.3126944375 0.166494940625 0.36789134375 0.181209353125 0.378981615625
2 0.126751784375 0.63312410625 0.146724903125 0.6386830906250001 0.15385058437500002 0.6020553796875 0.1324113609375 0.5893964703125001 0.126751784375 0.63312410625
3 0.170109784375 0.63037789375 0.165354515625 0.6050224281250001 0.1568542375 0.601337871875 0.1514674203125 0.629295078125 0.170109784375 0.63037789375