4 0.447265625 0.4697265625 0.4413439515625 0.4482673421875 0.416015625 0.4482421875 0.41247501875000003 0.42301745312500005 0.27083663750000003 0.4257227921875 0.2672280046875 0.4365441828125 0.23475043750000002 0.4365441828125 0.23565257812499998 0.5402491140625 0.2666015625 0.5390625 0.2744140625 0.552734375 0.3330078125 0.546875 0.3427734375 0.552734375 0.46484375 0.5537109375 0.470703125 0.5458984375 0.46875 0.5107421875 0.455078125 0.4951171875 0.447265625 0.4697265625
5 0.7197265625 0.46875 0.6689453125 0.47265625 0.6640625 0.4775390625 0.666015625 0.5263671875 0.6875 0.5302734375 0.6904296875 0.552734375 0.7734375 0.5517578125 0.77734375 0.5087890625 0.775390625 0.4755859375 0.7705078125 0.470703125 0.7197265625 0.46875
0 0.463897828125 0.48794576406249995 0.625 0.4833984375 0.6435546875 0.482421875 0.646484375 0.4716796875 0.463897828125 0.4780261765625 0.463897828125 0.48794576406249995
0 0.22275987968750002 0.47891502812500003 0.223230121875 0.46528899218750003 0.17902630625 0.46293965156250005 0.17902630625 0.47985475156249996 0.22275987968750002 0.47891502812500003
3 0.1715022828125 0.4803246234375 0.1710320015625 0.4638793953125 0.1395250640625 0.46340950468750003 0.14093578906249998 0.47985475156249996 0.1715022828125 0.4803246234375
3 0.142346553125 0.5808755390625 0.14046554687499999 0.422531340625 0.12353641562499999 0.423471065625 0.12823895000000002 0.578996090625 0.142346553125 0.5808755390625
2 0.171367615625 0.5868482328125 0.16901636874999998 0.4811288046875 0.1392914796875 0.47919449687500004 0.141741684375 0.583089315625 0.171367615625 0.5868482328125
2 0.1699156859375 0.4630649796875 0.1699156859375 0.422656659375 0.1416015625 0.421875 0.140625 0.4619140625 0.1699156859375 0.4630649796875
2 0.1275928765625 0.5772419296875 0.12430110781249999 0.42359638281249995 0.11113406562499999 0.42312651093750003 0.11328125 0.5556640625 0.1275928765625 0.5772419296875
0 0.4365234375 0.568359375 0.3341074140625 0.57876260625 0.1798643421875 0.5844009734375 0.1803345828125 0.597557175 0.776727096875 0.572513878125 0.7781378234375 0.5602974203125 0.6220703125 0.560546875 0.4443359375 0.56640625 0.4365234375 0.568359375
5 0.6953125 0.4130859375 0.70703125 0.4345703125 0.7021484375 0.455078125 0.7470703125 0.458984375 0.7626953125 0.466796875 0.7998046875 0.466796875 0.8125 0.4736328125 0.818359375 0.4658203125 0.8203125 0.4384765625 0.8154296875 0.40625 0.6953125 0.4130859375
1 0.8150095390625 0.5718840562499999 0.8228513265625 0.5716778609375 0.82187915625 0.5025891125 0.8215833359375001 0.46906288749999997 0.816836984375 0.4676195359375 0.8150095390625 0.5718840562499999
1 0.1405069921875 0.58235223125 0.11585693593749999 0.5783888421875 0.11581073281250001 0.6023992140625001 0.17234009374999998 0.6028065421875 0.171875 0.5888671875 0.1720683234375 0.5859703875 0.1611972890625 0.5861061640624999 0.1405069921875 0.58235223125