4 0.537109375 0.4052734375 0.548828125 0.3974609375 0.548828125 0.3544921875 0.5400390625 0.349609375 0.5166015625 0.349609375 0.5107421875 0.34375 0.4052734375 0.34375 0.396484375 0.3603515625 0.396484375 0.4013671875 0.3671875 0.4052734375 0.3671875 0.4794921875 0.392578125 0.4853515625 0.392578125 0.5732421875 0.3994140625 0.5859375 0.42578125 0.5888671875 0.5078125 0.5849609375 0.509765625 0.4443359375 0.517578125 0.4404296875 0.537109375 0.4052734375
5 0.7158203125 0.314453125 0.7080078125 0.306640625 0.6923828125 0.3046875 0.685546875 0.3564453125 0.6875 0.4111328125 0.798828125 0.4150390625 0.80078125 0.3076171875 0.7646484375 0.3046875 0.7431640625 0.314453125 0.7158203125 0.314453125
0 0.5869140625 0.296875 0.5341796875 0.3046875 0.4443359375 0.30078125 0.4306640625 0.302734375 0.41875 0.31119792031250004 0.40833333281249995 0.3164062578125 0.378125 0.31588541718749996 0.3564453125 0.314453125 0.3232421875 0.31640625 0.3037109375 0.296875 0.2822265625 0.296875 0.23020833281250003 0.3221354171875 0.2470703125 0.3671875 0.25625 0.37057291718749996 0.27395833281250004 0.3768229171875 0.2880208328125 0.3830729171875 0.296875 0.3876953125 0.3095703125 0.388671875 0.32760416718749996 0.40026041718750005 0.3411458328125 0.395052090625 0.3458333328125 0.39401041718749996 0.3947916671875 0.40130208281249996 0.3947916671875 0.37578125 0.378125 0.373177090625 0.37447916718749996 0.3643229171875 0.3765625 0.3518229171875 0.3786458328125 0.33984375 0.3875 0.3330729171875 0.40729166718750004 0.33671875 0.4088541671875 0.34296875 0.4895833328125 0.34453125 0.5067708328125 0.34453125 0.5098958328125 0.348177090625 0.548828125 0.3525390625 0.548828125 0.3955078125 0.5537109375 0.400390625 0.5927734375 0.4140625 0.6338541671875 0.41484375 0.656770896875 0.4153645828125 0.6854166671875 0.40859375 0.6854166671875 0.33932291718749996 0.6869791671875001 0.2945312578125 0.6669921875 0.294921875 0.5869140625 0.296875
0 0.25316670937499997 0.3698820265625 0.2421875 0.3544921875 0.2275390625 0.322265625 0.213013965625 0.330409778125 0.1878333640625 0.344701446875 0.171500028125 0.347423690625 0.171875 0.3740234375 0.17081947343749998 0.387576453125 0.1919166984375 0.38485423124999996 0.206888965625 0.3828125640625 0.23887504062499998 0.38417369687499997 0.25316670937499997 0.3698820265625
6 0.5331253671875 0.46256468437500003 0.5489405609375 0.393338090625 0.5329991046875 0.41343820937500003 0.521909396875 0.437696925 0.5115127953124999 0.4467073328125 0.5107421875 0.521484375 0.5482474546875 0.5257215046875 0.580078125 0.5205078125 0.5822096859375 0.5035420671875 0.5737093046874999 0.48562371249999997 0.538659540625 0.48746846406250005 0.5331253671875 0.46256468437500003
1 0.11618881875 0.393751 0.1632581140625 0.38877567812499997 0.1623925609375 0.3529829921875 0.11550935312499999 0.3550213921875 0.0672672109375 0.3529829921875 0.0434858734375 0.35773928125 0.028537604687500003 0.35094459218749996 0.0190250703125 0.34007312343749996 0.021484375 0.4130859375 0.018345603125000002 0.42160913750000006 0.0419921875 0.40234375 0.0654296875 0.3984375 0.08017712187500001 0.39307153281249996 0.11618881875 0.393751
3 0.054357342187500005 0.329881121875 0.055717293749999994 0.2897690375 0.041984139062499995 0.289376675 0.04076800625 0.32852218906249997 0.054357342187500005 0.329881121875
3 0.025390625 0.4189453125 0.0400390625 0.43359375 0.0448448078125 0.7110620265625001 0.059113609375 0.7144593203125 0.0546875 0.4248046875 0.0341796875 0.408203125 0.025390625 0.4189453125
2 0.16205093125 0.2905537875 0.08436065468750001 0.2933004203125 0.06356477187500001 0.2925156640625 0.054147768750000005 0.29094616875 0.05532489375000001 0.3309684328125 0.0400222640625 0.32900655156249997 0.0411993890625 0.2897690375 0.0337442609375 0.2905537875 0.01804925625 0.2897690375 0.01844163125 0.318412421875 0.02001113125 0.334892178125 0.0243272578125 0.34470155625 0.0333519109375 0.35137193437500003 0.043161265625 0.3560804359375 0.06984279843749999 0.35215668437500003 0.095804815625 0.3536624796875 0.134534421875 0.35434192656249996 0.1637515359375 0.35434192656249996 0.1623925609375 0.31357392968750003 0.16205093125 0.2905537875
2 0.023442984375 0.416894428125 0.01953125 0.4267578125 0.021484375 0.7001953125 0.0211016546875 0.7138023765625 0.0437602375 0.7130574859375 0.0429788046875 0.6005311625 0.041415939062500004 0.4676875359375 0.0398530734375 0.43252305937499996 0.023442984375 0.416894428125
2 0.16406745312499998 0.46218442968750006 0.1626925859375 0.422771578125 0.163150875 0.38885820781249997 0.1287792015625 0.39252450625 0.11548882187500001 0.394357675 0.0852417484375 0.39298280937499996 0.0751593921875 0.39527423906250003 0.0595775671875 0.40031541875 0.039871168750000005 0.40169028593749995 0.0352882515625 0.40902290937499997 0.0559112546875 0.4259796140625 0.0554817296875 0.44971460625 0.0554817296875 0.48097189374999993 0.0562631625 0.5348907578125 0.056369571875 0.5776732515624999 0.0586609890625 0.632667928125 0.05911930625 0.7137850765625 0.16566375625000002 0.7146203046874999 0.16406745312499998 0.5272614640625 0.16406745312499998 0.5066384640625 0.16406745312499998 0.4878486125 0.16406745312499998 0.46218442968750006