4 0.625 0.5263671875 0.587890625 0.4912109375 0.517578125 0.3974609375 0.4990234375 0.37890625 0.4892578125 0.376953125 0.3916015625 0.455078125 0.38671875 0.4716796875 0.4384765625 0.537109375 0.5048828125 0.548828125 0.529296875 0.5908203125 0.528798471875 0.618619265625 0.537109375 0.6162109375 0.572265625 0.5849609375 0.59082845 0.561957884375 0.625 0.5361328125 0.625 0.5263671875
0 0.6421224515625 0.575255084375 0.62959715625 0.5618352859375 0.616475440625 0.5448368671875 0.5869140625 0.56640625 0.571742296875 0.58688558125 0.5869515609375 0.6110412234375 0.6343687140625 0.6682990375 0.6683659234375 0.6435469625 0.6850662765625 0.6292325 0.66796875 0.6044921875 0.6421224515625 0.575255084375
0 0.5696547468750001 0.6026911296875 0.5329735703125 0.6310218109375 0.5285002421875 0.6274432 0.5231322640625 0.6217770640625 0.5153785265625 0.6292325 0.5255180640625 0.6426523015625001 0.5311842312499999 0.64772200625 0.5368504390625 0.64593270625 0.5541472734374999 0.6313200375 0.5881444609375001 0.6083572625 0.5783031546874999 0.5967267671875 0.5696547468750001 0.6026911296875
5 0.458984375 0.3642578125 0.4697265625 0.373046875 0.484375 0.3720703125 0.49609375 0.3662109375 0.486328125 0.3466796875 0.4677734375 0.34375 0.458984375 0.3642578125
5 0.3955078125 0.396484375 0.3662109375 0.40234375 0.353515625 0.4189453125 0.3564453125 0.42578125 0.3662109375 0.421875 0.376953125 0.4306640625 0.388671875 0.4228515625 0.388671875 0.4111328125 0.3984375 0.4033203125 0.3955078125 0.396484375
5 0.4072265625 0.419921875 0.37890625 0.4404296875 0.37890625 0.4462890625 0.392578125 0.4541015625 0.453125 0.4072265625 0.4423828125 0.390625 0.4228515625 0.400390625 0.4072265625 0.419921875
5 0.361328125 0.3974609375 0.375 0.3994140625 0.3828125 0.3916015625 0.3828125 0.3701171875 0.3662109375 0.357421875 0.361328125 0.3974609375
5 0.3427734375 0.44921875 0.3359375 0.4580078125 0.337890625 0.4736328125 0.3505859375 0.484375 0.361328125 0.4833984375 0.373046875 0.4755859375 0.373046875 0.4619140625 0.3642578125 0.453125 0.3427734375 0.44921875
6 0.624229178125 0.6563703296875001 0.6128968015625 0.6656150765625 0.597985746875 0.679034878125 0.5774085046875 0.6957350828125 0.5508668234375 0.7213817984374999 0.5547436921875 0.7255568734375 0.5604099203125 0.7309247937500001 0.584267571875 0.710049525 0.6140896812500001 0.6849992328125001 0.634070484375 0.6677026046875 0.624229178125 0.6563703296875001
6 0.700573790625 0.6038839921875 0.6880484953125 0.612532315625 0.6794000687499999 0.619689546875 0.681640625 0.6240234375 0.6850662765625 0.628934284375 0.691328903125 0.6253556734375 0.6978898015625 0.619987753125 0.716081265625 0.6077608234375 0.7098186375 0.5985160765625 0.700573790625 0.6038839921875
1 0.701171875 0.6552734375 0.712337503125 0.64710689375 0.724772915625 0.63759754375 0.71892096875 0.633940103125 0.6988048124999999 0.6324771453125 0.6900268421875 0.6335743734375 0.6865234375 0.638671875 0.6772256703124999 0.6441809390625 0.6474609375 0.66796875 0.63443314375 0.6770979125000001 0.6315071703124999 0.690264703125 0.629678425 0.7045287203124999 0.6428453562499999 0.69575086875 0.6600354875 0.68441280625 0.6772256703124999 0.6727089875 0.68563788125 0.666857078125 0.6947815625 0.6606394250000001 0.701171875 0.6552734375
2 0.7299165265625 0.6148115109375001 0.72526194375 0.60887298125 0.7138671875 0.6171875 0.6909144078125 0.6329481015625 0.7047176296875 0.6332691078125 0.7138671875 0.6328125 0.719162859375 0.6342321140625 0.7244594281250001 0.6369606234375 0.7295955125 0.6323061062499999 0.7363366265625 0.627330571875 0.739867703125 0.6241205609375 0.7337685734375 0.6185030265625 0.7299165265625 0.6148115109375001
2 0.596054059375 0.732846034375 0.6003155359375001 0.7289904515625001 0.6169554921875 0.71427169375 0.6315662046875 0.70250208125 0.6327837734374999 0.6898260484375001 0.6356247484375 0.676635971875 0.6143174499999999 0.6944933125 0.5917926109375 0.713365284375 0.5794140890625 0.7237144234375 0.5721087328125 0.73020800625 0.563788740625 0.73659338125 0.5591096171875 0.7409045203125 0.5729204359375 0.75334138125 0.5786023859375 0.7478624234375 0.5830078125 0.744140625 0.5905750421875 0.73791913125 0.596054059375 0.732846034375