4 0.583984375 0.3525390625 0.5439453125 0.353515625 0.5146484375 0.341796875 0.4912109375 0.341796875 0.48828125 0.4228515625 0.47265625 0.4306640625 0.474609375 0.5244140625 0.4740331765625 0.547932621875 0.4534394046875 0.550219725 0.45252412968750005 0.615173228125 0.49279639687500004 0.6179177625000001 0.5550353343750001 0.6183751328125 0.5838666156250001 0.6179177625000001 0.5815784125000001 0.5685164781250001 0.591796875 0.5673828125 0.59765625 0.4365234375 0.58984375 0.4287109375 0.58984375 0.3701171875 0.583984375 0.3525390625
0 0.6375010999999999 0.3592363765625 0.5890882093750001 0.361269559375 0.5890882093750001 0.372655340625 0.58984375 0.4208984375 0.6044921875 0.427734375 0.7538547546875 0.42331481249999997 0.7668733546875 0.422908178125 0.7672801984375 0.3584231234375 0.7548828125 0.359375 0.7099609375 0.361328125 0.681032009375 0.35882974375 0.6375010999999999 0.3592363765625
1 0.7737610874999999 0.4247902375 0.8225651984375 0.43410414218750004 0.8217104421875 0.34677882968749996 0.81121059375 0.3502770984375 0.7741110453125 0.3583231234375 0.7737610874999999 0.4247902375
2 0.81640625 0.2509765625 0.8124399453125 0.241869571875 0.8091433484375001 0.23692704375 0.7745289671875 0.2365151828125 0.76834780625 0.23569141562499998 0.76834780625 0.24392898125 0.774116878125 0.2447527203125 0.774116878125 0.2921186796875 0.773704790625 0.35760721875 0.7890625 0.3544921875 0.8154296875 0.34765625 0.821917703125 0.346486534375 0.8203125 0.2724609375 0.81640625 0.2509765625
2 0.7802734375 0.205078125 0.7783203125 0.205078125 0.7763671875 0.203125 0.7724609375 0.203125 0.7705078125 0.201171875 0.767578125 0.2021484375 0.767578125 0.2216796875 0.7685546875 0.22265625 0.7958984375 0.22265625 0.796875 0.2216796875 0.796875 0.2197265625 0.7861328125 0.208984375 0.7841796875 0.208984375 0.7802734375 0.205078125
6 0.75390625 0.3583984375 0.7678980671875 0.358430971875 0.7674859796875 0.2826454703125 0.7670738906250001 0.25340214843750003 0.7548828125 0.25390625 0.75390625 0.3583984375
6 0.7589928593749999 0.648842975 0.76910756875 0.6545338390625 0.768406978125 0.42275685156250004 0.75579671875 0.42345708281250005 0.7555474125 0.64097141875 0.7589928593749999 0.648842975
2 0.7978515625 0.68359375 0.8095703125 0.701171875 0.8227633171875001 0.7028489734375001 0.8203125 0.4345703125 0.7745530703125 0.42430452343749997 0.7763168328125001 0.66876544375 0.7978515625 0.68359375
2 0.7541059703124999 0.2453553671875 0.7541059703124999 0.23701673906249998 0.22693854062500002 0.23797516875000002 0.2276236140625 0.24756131718750002 0.7541059703124999 0.2453553671875
3 0.687753728125 0.2236287796875 0.49015854843750006 0.223805503125 0.22533221874999998 0.2246195109375 0.22632343906250002 0.2384898109375 0.8080209093749999 0.2361780921875 0.8030648296875 0.22825221718750002 0.7984391203125 0.2226380421875 0.744583265625 0.22296829843750002 0.687753728125 0.2236287796875
2 0.7537135828125 0.1953533 0.7419594828125 0.193217203125 0.73019223125 0.1926925796875 0.6939067796875 0.1926925796875 0.6213050890625 0.192270675 0.5626328109375 0.192270675 0.496362653125 0.19395828125 0.44028611093750003 0.193536375 0.3702170296875 0.193114478125 0.3076171875 0.193359375 0.276588659375 0.194380171875 0.22467002812499998 0.19395828125 0.225514259375 0.2243350390625 0.330078125 0.2236328125 0.35212363125 0.22349124374999998 0.612138903125 0.2239131546875 0.7538300125 0.22306934531249997 0.7537135828125 0.1953533
3 0.7537722546875 0.19665774375 0.7544396421874999 0.2223407375 0.7617718046874999 0.22229345625 0.767787928125 0.2233413703125 0.7687890312500001 0.20066028593750002 0.7621148875 0.19799192031249999 0.7537722546875 0.19665774375
3 0.75390625 0.2373046875 0.75390625 0.2451171875 0.7548828125 0.24609375 0.7666015625 0.24609375 0.767578125 0.2451171875 0.767578125 0.2373046875 0.7666015625 0.236328125 0.7548828125 0.236328125 0.75390625 0.2373046875