0 0.3502527515625 0.3860749484375 0.40718545781250004 0.3514549234375 0.40086046406250003 0.34246465000000004 0.3899519640625 0.3241146546875 0.3775888140625 0.29940585 0.369857053125 0.2879184359375 0.3119408703125 0.324052896875 0.3502527515625 0.3860749484375
4 0.38879339375 0.4650429390625 0.4029613703125 0.47191489531249997 0.4114907625 0.5053999625000001 0.442698115625 0.5326527578125 0.46025966250000006 0.5289199359375 0.506999175 0.496394396875 0.5286133875 0.4918001546875 0.5685984578125 0.460710315625 0.574896134375 0.44384056406249994 0.519673228125 0.356744028125 0.50113274375 0.3691564609375 0.48956342656249996 0.3709185625 0.47923139218750005 0.3723998140625 0.4482457734375 0.3860456203125 0.4392790234375 0.383715796875 0.41445415937499996 0.34663482968750003 0.3700444703125 0.37019361875 0.34753613437499997 0.390509053125 0.3479929 0.4059431046875 0.3701159875 0.4435983515625 0.38879339375 0.4650429390625
6 0.406428390625 0.350382896875 0.414470215625 0.3456581265625 0.4180790390625 0.351110221875 0.422071121875 0.3583654390625 0.4250127015625 0.362451690625 0.428610215625 0.366963865625 0.431179853125 0.37018687968749997 0.4409170515625 0.38477954375 0.44437740937500003 0.3852852875 0.44850891718749997 0.3861032328125 0.45201129843750004 0.3838333109375 0.454425934375 0.3819081421875 0.45822319531250005 0.38215374999999996 0.45460306250000004 0.3757617546875 0.44906919375000004 0.3665727359375 0.439117278125 0.350784409375 0.43573841875 0.346414209375 0.43286215781250004 0.3417487015625 0.426794290625 0.3362539328125 0.42445458281250004 0.334112834375 0.4190112453125 0.332442978125 0.4138971578125 0.3340954125 0.40553740625 0.33643775468750003 0.3989921125 0.3393367234375 0.406428390625 0.350382896875
5 0.5059354265625 0.498032425 0.5047541640625 0.512402728125 0.5171992984375 0.5111693546875 0.5228051796875001 0.5043301015625 0.518093421875 0.4954481640625 0.5059354265625 0.498032425
6 0.5213695171875 0.35792033437500004 0.5301604906249999 0.372869875 0.5760958234375 0.4453110515625 0.5695172828125 0.4624274265625 0.5875346 0.4436654984375 0.568471515625 0.413138 0.552942846875 0.3881463453125 0.5300494203125 0.3525387640625 0.5213695171875 0.35792033437500004
6 0.48090174374999994 0.3653434203125 0.465981203125 0.3783387046875 0.4818842796875 0.371814725 0.49965805156250004 0.370394396875 0.5112984265625 0.3604540296875 0.52945731875 0.35345051875 0.5141848625 0.3508510078125 0.5007897140625001 0.351685209375 0.49094922968750004 0.3608500125 0.48090174374999994 0.3653434203125
1 0.345839884375 0.24967742187500003 0.3538930609375 0.2225861984375 0.343170809375 0.23047784531249998 0.2641102046875 0.27900088125 0.271244365625 0.282985746875 0.2918564625 0.287978465625 0.30815193750000003 0.31797216875 0.33373568593749997 0.30153144374999996 0.34528501093749997 0.29356493906250003 0.3648554046875 0.2815562203125 0.3610389046875 0.27468520625 0.345839884375 0.24967742187500003
3 0.29125235156249996 0.2890376703125 0.2849823234375 0.29065800625 0.2177224984375 0.33141273125000004 0.1965981390625 0.345680846875 0.20547600312499997 0.359035753125 0.297994159375 0.2991079921875 0.29125235156249996 0.2890376703125
2 0.2967599671875 0.30010123593750004 0.28731480781249996 0.30685144375 0.2055242859375 0.3591086609375 0.2096684765625 0.3654810546875 0.2150272984375 0.37494295625 0.30810809843750003 0.3180540765625 0.2967599671875 0.30010123593750004
2 0.266047090625 0.282916903125 0.2575058640625 0.284732446875 0.252021609375 0.2865621734375 0.24285253125 0.2899230421875 0.214126525 0.3090178125 0.1857575640625 0.3264858484375 0.19775300625 0.344859059375 0.22803034531250002 0.3258694625 0.24979996718750003 0.31147801406250003 0.2903967125 0.2872261734375 0.2833099921875 0.285384878125 0.266047090625 0.282916903125
2 0.40267152812499996 0.19180170624999998 0.3891337140625 0.2009412234375 0.3837301609375 0.20208978281249998 0.37619911093749997 0.2065144015625 0.3713698390625 0.2103647375 0.3602798921875 0.2181089 0.354398275 0.222914503125 0.352703865625 0.2333177015625 0.346045096875 0.24923969218750003 0.347049528125 0.25265285312499997 0.3679435640625 0.24074337343750002 0.3776935515625 0.23309861875000001 0.385133159375 0.22861808125 0.3902282140625 0.225133725 0.40095118281250003 0.2178329328125 0.41913100312499996 0.20755220468750002 0.44229193906250003 0.193143975 0.465549584375 0.177878265625 0.49059261562499995 0.1641146109375 0.50589311875 0.15472490781249998 0.5094292328125001 0.1506968375 0.5112443343749999 0.14577618750000002 0.49790820468749997 0.1450555546875 0.48093921249999994 0.149220478125 0.46293608906249994 0.1563949203125 0.4413431359375 0.1676801328125 0.40267152812499996 0.19180170624999998
3 0.49201650781249995 0.163462903125 0.47805134687499995 0.1705842234375 0.457656840625 0.18371183124999999 0.43472940156249995 0.19840119375 0.40229088125 0.21718867656250002 0.38996243124999996 0.22476774375000003 0.38058929375 0.23142868437500003 0.37290695937499996 0.23702575 0.35731196718749997 0.24713623906249998 0.347877684375 0.2515955734375 0.3521896703125 0.25962310624999996 0.3546262859375 0.2646960828125 0.37059383281249997 0.25545022031250003 0.3772822671875 0.2514656671875 0.3858770640625 0.2454030203125 0.3947590015625 0.2406912640625 0.41492265 0.2270417078125 0.43720445625000004 0.21286711249999998 0.4535986453125 0.2029642875 0.47201787812499996 0.1928197671875 0.4799305546875 0.18830633593749999 0.49666326562499996 0.1764438921875 0.5088991515625 0.1700676625 0.5168772515625 0.164974034375 0.5235666328125 0.1671386890625 0.5123814546875 0.14648675625000002 0.507261609375 0.1543706265625 0.5022273234375 0.15732837500000002 0.49201650781249995 0.163462903125
2 0.46785426562500004 0.21771522187499998 0.49329730625 0.2051963515625 0.5112045875 0.2034215375 0.5328256687499999 0.2079680125 0.5484979765625 0.2147947625 0.535902659375 0.19376984218749999 0.528179290625 0.1781427828125 0.52172309375 0.1671107921875 0.516864096875 0.16632665468750002 0.4959362203125 0.17619276718750002 0.4735183703125 0.1917932453125 0.442560034375 0.2102249390625 0.3976836640625 0.238048484375 0.3547510828125 0.265458875 0.36455596875 0.2813206640625 0.3795147390625 0.2720461625 0.4064884359375 0.25717030625000004 0.44103857812499997 0.2349277421875 0.46785426562500004 0.21771522187499998
2 0.7128866046875 0.3838771859375 0.6636766953125 0.303544396875 0.584692671875 0.1777288671875 0.569233653125 0.1661972234375 0.5520508140625 0.1568283453125 0.572501975 0.200086984375 0.64187604375 0.3127052625 0.7065744140625 0.41288919375 0.7963489546875 0.559230753125 0.8181057484375 0.5965590984375 0.8377410171875 0.5821900265625 0.8162745250000001 0.5494566187500001 0.7610567765625 0.4599040921875 0.7128866046875 0.3838771859375
3 0.59324335625 0.2587504703125 0.696637853125 0.42612402187500004 0.8059729687500001 0.6063044453125 0.8175161187500001 0.596797596875 0.7553130109375 0.49286481093749995 0.7207119296875 0.4372834140625 0.5978627046875 0.24474725312499998 0.5563304812500001 0.1667667984375 0.5463824828125 0.1531472875 0.537764128125 0.1495819484375 0.526117609375 0.14714632968750002 0.5120124374999999 0.1479960296875 0.5238605 0.1671580375 0.5372341578125 0.171368496875 0.59324335625 0.2587504703125
2 0.68104604375 0.4007546984375 0.6259908937499999 0.3130035859375 0.5817021828125 0.240440090625 0.57055750625 0.22241086562499998 0.538642675 0.171848921875 0.522927896875 0.1667221015625 0.542936884375 0.20637823125 0.5696681390625 0.24341687812499999 0.5993273875 0.2906095375 0.64312336875 0.35904415 0.6699425671875 0.40312287968750005 0.68334285625 0.42452141093750007 0.691025828125 0.43712850937500003 0.69629666875 0.4456299125 0.710296696875 0.4674179203125 0.7412475296875 0.519047603125 0.7882907640625 0.5931965296875 0.798633975 0.6099131625 0.8052840968750001 0.6058320765625 0.7777810406250001 0.5603721984375001 0.7540402875 0.5205555359375 0.71521404375 0.45654264843750003 0.68104604375 0.4007546984375