4 0.5557688125 0.5352422046875 0.5203705703125 0.5030700078125 0.508078334375 0.49800871874999997 0.42485575000000003 0.42547318125 0.378696803125 0.46832918125 0.2969725390625 0.5642051046875001 0.31714509375 0.588780759375 0.423012809375 0.673789884375 0.5557688125 0.5352422046875
0 0.30148610625 0.6771268078125 0.3416311171875 0.6307412796875 0.3537881515625 0.6194956609375 0.323250184375 0.5951783500000001 0.3044407796875 0.5727174359375 0.251375028125 0.63369968125 0.30148610625 0.6771268078125
5 0.506752675 0.49227685625 0.549378975 0.445373040625 0.47202940625 0.37836937656249997 0.42895862031250004 0.4252409375 0.506752675 0.49227685625
0 0.3636186484375 0.6304907875 0.3612310515625 0.6338061203125 0.3496615625 0.624098165625 0.34318130468749997 0.6320559921875 0.36258058593750003 0.6485774640625 0.3663469203125 0.6440889234375 0.3719299859375 0.6372678421875 0.3636186484375 0.6304907875
1 0.19484187343749998 0.669484321875 0.270044265625 0.7380443078125001 0.27319175156250003 0.7063020859375 0.296024678125 0.682345628125 0.2476337875 0.6384662671875 0.22649551093750003 0.661869709375 0.19484187343749998 0.669484321875
2 0.36485107031249997 0.8236000671875001 0.381451209375 0.806420559375 0.2737194640625 0.708927946875 0.27038305937499996 0.7356652765625 0.36485107031249997 0.8236000671875001
3 0.3843458421875 0.80557485 0.394713221875 0.7951723140625 0.2851715859375 0.6939779546875 0.2730784109375 0.7083900390625 0.3843458421875 0.80557485
2 0.3960050671875 0.7929817031249999 0.4056698765625 0.7847184484375 0.296231878125 0.6847025703125 0.2876499421875 0.6953370046875 0.3960050671875 0.7929817031249999
2 0.19658873906250002 0.6686452421875 0.2244285375 0.6615645078125 0.1981884484375 0.6393920750000001 0.18245436875 0.6569069265625 0.19658873906250002 0.6686452421875
3 0.22539014218750003 0.662371390625 0.23619142499999998 0.650149865625 0.2099691859375 0.6254179828125 0.1992196921875 0.6382287296875 0.22539014218750003 0.662371390625
2 0.2449561734375 0.6384025609374999 0.22161873437500001 0.6160912921875 0.21216114687499998 0.626711459375 0.23753510156250002 0.6485485328125 0.2449561734375 0.6384025609374999