4 0.46419970624999995 0.576926109375 0.488803728125 0.47035438437500005 0.538137821875 0.47372605625 0.5521948140624999 0.4388858640625 0.5612756859375 0.39086984375 0.5576164125 0.3850137828125 0.523361215625 0.3771053484375 0.5144333249999999 0.3549991796875 0.4735902125 0.3495788046875 0.4465091484375 0.332301896875 0.40917967187500004 0.324685959375 0.38575420625 0.3523520171875 0.37726077812500003 0.3804586578125 0.354569615625 0.3832379921875 0.3372890359375 0.44940596250000003 0.3569046953125 0.4599480953125 0.3450420421875 0.511330890625 0.3129824078125 0.5069360921875 0.300099075 0.5149864921875 0.28179414375 0.576908971875 0.28545341562500004 0.5827650328125 0.44750656875 0.6231847 0.46419970624999995 0.576926109375
5 0.47532928124999996 0.5374010703125001 0.49011200781250003 0.568876934375 0.4740955234375 0.622426521875 0.44640929218750003 0.6295684828125 0.4422259171875 0.6431775359375 0.47006428749999996 0.6443992062499999 0.49318681406250003 0.6299572796875 0.5041665515625 0.5600946812500001 0.5245165140625 0.5457500875 0.549841371875 0.5576102921875 0.5616979046874999 0.5713723390625 0.5694521359375 0.6202683 0.595070715625 0.6221738140624999 0.637525621875 0.6119303 0.6527501531250001 0.615445159375 0.6679759093750001 0.6059310515624999 0.6634513875 0.46056246874999995 0.6611114125 0.43596823906250004 0.6837206015625 0.3595438921875 0.581114340625 0.3348144015625 0.5694769296875 0.3716881390625 0.57533353125 0.39594366875000003 0.56405624375 0.4005320375 0.5438470203125 0.47504412812499996 0.5333061125 0.48163081874999997 0.5047601140625 0.47504045625 0.4989040546875 0.47869972812499995 0.498607884375 0.51471235625 0.491873109375 0.5221777624999999 0.47884414062499997 0.5221765375 0.47532928124999996 0.5374010703125001
0 0.14128285937500001 0.5881747703125 0.13138448281249998 0.631049346875 0.1775562734375 0.6420440234375 0.41792765000000004 0.7035516281249999 0.424662425 0.6960862234375 0.4394549453125 0.6233303375 0.41240337499999996 0.6161097343749999 0.40930490624999993 0.625256690625 0.28471869375000003 0.596493696875 0.14128285937500001 0.5881747703125
1 0.0945065015625 0.5836775125 0.088992084375 0.6045591171875 0.11973364687500002 0.614663115625 0.1270761859375 0.5921830703125 0.0945065015625 0.5836775125
3 0.081261209375 0.6194661171875 0.0984479375 0.5667631078124999 0.09741839531249999 0.5299149812499999 0.0849555671875 0.52954529375 0.066708709375 0.615103396875 0.081261209375 0.6194661171875
3 0.19046653593750001 0.3473563109375 0.18973468124999998 0.3461850984375 0.15597634062500002 0.3383032328125 0.1519603109375 0.355698565625 0.18197433125 0.3624339828125 0.183438040625 0.36477640624999996 0.1869516765625 0.3625808421875 0.19046653593750001 0.3473563109375
3 0.14663156718749998 0.373050740625 0.1755430703125 0.2557129484375 0.169688234375 0.2463432515625 0.15973354374999998 0.2460495296875 0.132346515625 0.36901700000000004 0.14663156718749998 0.373050740625
5 0.49537450468750005 0.6502718859375001 0.48072884531250004 0.7180504265625001 0.5427981875000001 0.7313780125 0.553634040625 0.7018076640625 0.5425093624999999 0.689216828125 0.5471966578125 0.6602314734375 0.49537450468750005 0.6502718859375001
5 0.545030475 0.3440225859375 0.5485441109375 0.3418270234375 0.5540988703124999 0.3188121859375 0.5233673359375 0.3119605046875 0.5183875421875 0.33787158125 0.545030475 0.3440225859375
5 0.4759326375 0.34811509531249996 0.49306023593750004 0.3520693140625 0.496573871875 0.34987375 0.4992100171875 0.3384553515625 0.4984781625 0.3372841390625 0.47944749687500005 0.3328905640625 0.4759338609375 0.3350861265625 0.47373707343750004 0.34460145937500003 0.4759326375 0.34811509531249996
5 0.4611499109375 0.31663923125000004 0.4599786984375 0.31737108593749996 0.459539340625 0.31927415312499996 0.4571969171875 0.3207378625 0.45500012968750003 0.33025319375 0.455731984375 0.33142440624999997 0.4671503828125 0.33406055156250003 0.47066401874999997 0.33186498750000004 0.47286080625000004 0.32234965625 0.471397096875 0.32000723125 0.47066524374999996 0.31883601875 0.4611499109375 0.31663923125000004
2 0.1197394734375 0.37170803281250003 0.1158026875 0.38424030781249996 0.0959049796875 0.4687735 0.0810214515625 0.5301546140625 0.0982210421875 0.5385367828125001 0.097518496875 0.5574684859375 0.0948124390625 0.5846226031249999 0.12489216875 0.5901424937499999 0.1342312203125 0.5648908890625 0.1869764609375 0.364438034375 0.153409984375 0.352414946875 0.14698483125 0.37941227187500004 0.1197394734375 0.37170803281250003
2 0.08648593906249999 0.60834228125 0.080709459375 0.6241033640625 0.1179749921875 0.6353043515625 0.11932384843749999 0.6173480734375 0.08648593906249999 0.60834228125
2 0.18080801562499998 0.3110499625 0.1830072515625 0.2754766921875 0.17466313125 0.27254805000000004 0.169831421875 0.2804528125 0.157090053125 0.3356417421875 0.1873922578125 0.3476488078125 0.1957388265625 0.3245195125 0.18080801562499998 0.3110499625