4 0.32529490625 0.595984221875 0.3128652953125 0.56974393125 0.3005401984375 0.5212108234375 0.288006071875 0.5034526703125 0.2714332578125 0.44268568124999996 0.2548604421875 0.43301820468749996 0.15680461875 0.46202063125 0.152661415625 0.47030703906250004 0.16647209375 0.5172633484375 0.1735989859375 0.5362490296875 0.18718673749999998 0.5465427609375 0.191715884375 0.5683655953125 0.196656875 0.579894565625 0.20077428125000002 0.5922471328125 0.2217148109375 0.669180821875 0.2438118984375 0.6760861609375 0.3228807640625 0.6515807359375 0.3170084984375 0.6139381046875 0.32529490625 0.605651696875 0.32529490625 0.595984221875
0 0.1278021921875 0.6829915015625 0.133109584375 0.7027337890625 0.22328338749999999 0.67267544375 0.2092852 0.6291298515625 0.20146090625 0.599795496875 0.1969317015625 0.5960897125 0.1845791234375 0.599383809375 0.18581420312500002 0.6310887078125 0.18499063437500002 0.63850024375 0.1784025734375 0.6467353250000001 0.15163865 0.6586762671875 0.12405125312500001 0.6730876984374999 0.1278021921875 0.6829915015625
5 0.6401783953125 0.55731431875 0.6664186859375001 0.5490279109375 0.67470509375 0.5393604359374999 0.6608944140624999 0.50621480625 0.6236055796875 0.511739078125 0.6291298515625 0.546265775 0.6401783953125 0.55731431875
5 0.47445024374999994 0.47997451562500004 0.49654732968750004 0.48411771875 0.5172633484375 0.46202063125 0.5172633484375 0.437161409375 0.5020716015625 0.4219696625 0.4758313109375 0.416445390625 0.453734225 0.4385424765625 0.45925849531249996 0.47030703906250004 0.47445024374999994 0.47997451562500004
5 0.3114842265625 0.5241686890625 0.3128652953125 0.5145012140625 0.30595995625 0.5145012140625 0.310103159375 0.5586953875 0.3225327703125 0.5932220859374999 0.34601092499999997 0.5932220859374999 0.3667269453125 0.5821735421875001 0.3667269453125 0.56974393125 0.3805376234375 0.5614575234375 0.3777754875 0.5490279109375 0.3584405375 0.551790046875 0.35015412968750004 0.5379793687500001 0.3335813140625 0.5407415046875 0.3239138390625 0.52554975625 0.3114842265625 0.5241686890625
5 0.4067779140625 0.45235315624999994 0.41092111875 0.4634017 0.4233507296875 0.45925849531249996 0.4178264578125 0.448209953125 0.4067779140625 0.45235315624999994
2 0 0.61004189375 0.02038866875 0.676621921875 0.03795310625 0.6805250265625 0.069178865625 0.6785732265625 0.0491752578125 0.6078276390624999 0.02575635625 0.5326909234375 0.01111958125 0.482925046875 0 0.486237309375 0 0.61004189375
3 0.06268841875 0.6526716593749999 0.0692951921875 0.6785486406250001 0.083926134375 0.6783005890625 0.0359526484375 0.5149767062499999 0.027294853125 0.4796747296875 0.01194005625 0.483549075 0.027355878125 0.5380559078125 0.04167056875 0.5810006875 0.0439691953125 0.588254515625 0.0453456125 0.5945861328125 0.05167714531249999 0.6135808890625001 0.05415464062499999 0.623215965625 0.0569075078125 0.631474553125 0.06268841875 0.6526716593749999
2 0.05360185468749999 0.5699277234375 0.06026172656249999 0.59590464375 0.0692527859375 0.6248788390625 0.0762457375 0.649856609375 0.083904603125 0.67949693125 0.1168757796875 0.6745001515625 0.111880840625 0.6568491562500001 0.1012246453125 0.624877703125 0.0995599546875 0.6112230984375 0.0955639578125 0.5972355578124999 0.0852407984375 0.566263175 0.0769159265625 0.5346246171875 0.06659276875 0.5036522328124999 0.0622637875 0.48866556718750004 0.060266125000000004 0.4720136390625 0.028873003125 0.47995777031250003 0.035619753125 0.5113132609375 0.04461071875 0.54295176875 0.05360185468749999 0.5699277234375
1 0.033820168750000004 0.740479346875 0.0450601390625 0.7271958953125 0.0620899828125 0.7183399374999999 0.0855909859375 0.7111867015625 0.1084106625 0.7081205796875001 0.12670819687499998 0.70344619375 0.118001203125 0.6753706968750001 0.08530438125 0.678096603125 0.0709467640625 0.6781499281250001 0.0518736125 0.68019414375 0.0205394203125 0.6761081843750001 0.023656975 0.6934253531250001 0.03217075625 0.71965055625 0.033820168750000004 0.740479346875
2 0.1307126796875 0.7174796671875 0.12526366718749998 0.7045374062499999 0.0959726484375 0.71135025 0.10244292343750001 0.7375755125000001 0.1061884953125 0.7638008843749999 0.138885434375 0.7569879046875 0.1368424203125 0.7426831515625001 0.1307126796875 0.7174796671875
3 0.0833697859375 0.739619740625 0.086775109375 0.755286803125 0.090180625 0.76754794375 0.1061884953125 0.7638008843749999 0.10039943437500001 0.7362132124999999 0.0969939921875 0.7239520859375 0.09426969375000001 0.711009728125 0.07792122343749999 0.714416246875 0.0789426828125 0.722930953125 0.0833697859375 0.739619740625
2 0.0414774625 0.7297440875000001 0.035270640625 0.742377421875 0.0661152703125 0.7732220515625 0.091202359375 0.7678884906250001 0.0881373015625 0.7607361874999999 0.08439129375 0.7467721171874999 0.078602440625 0.7137350296875 0.0588480578125 0.716460446875 0.0414774625 0.7297440875000001