0 0.41759259687499994 0.28627765 0.431640625 0.3369140625 0.434457146875 0.3452752171875 0.4700095 0.329557725 0.49712952968749996 0.3254575078125 0.4809486984375 0.2682822609375 0.41759259687499994 0.28627765
4 0.57421875 0.5263671875 0.560546875 0.4658203125 0.533203125 0.3916015625 0.529296875 0.3525390625 0.5177300640625 0.3245916078125 0.4709382546875 0.33101484999999997 0.4179209265625 0.35210213125 0.4263555125 0.380003128125 0.4161135171875 0.383214746875 0.41450692343749995 0.37799585625 0.4004492953125 0.3783973078125 0.3954287125 0.363342815625 0.3662109375 0.365234375 0.34765625 0.3740234375 0.41015625 0.6005859375 0.4167705453125 0.6193982453125 0.427734375 0.6162109375 0.5537109375 0.580078125 0.5668002796875 0.5744583109375 0.5625 0.5517578125 0.57421875 0.5263671875
1 0.47758453593750005 0.198944740625 0.37928571093749996 0.22485721718749999 0.400390625 0.2373046875 0.41439243125 0.27884155312500003 0.42951530781249997 0.276142346875 0.47812465625 0.260486875 0.46948295937499995 0.22971580781249998 0.466796875 0.2197265625 0.47758453593750005 0.198944740625
3 0.5434771656249999 0.221078328125 0.5375359937499999 0.21190097031250002 0.49054704375 0.21514003593750003 0.46840279375 0.22323769375000002 0.47110331875 0.2372736234375 0.484375 0.2353515625 0.5035094765625 0.23025564843750002 0.53213494375 0.22755644218749999 0.546177690625 0.23133533125 0.5434771656249999 0.221078328125
2 0.5224609375 0.19140625 0.4951171875 0.193359375 0.478515625 0.1982421875 0.4700230796875 0.211361146875 0.46786267343750004 0.2226978515625 0.4748840109375 0.21999862656250002 0.48028506093749995 0.21891894375 0.5110709328125 0.214060353125 0.54185680625 0.21190097031250002 0.531054778125 0.196245515625 0.5224609375 0.19140625
2 0.38036593124999996 0.2253765328125 0.3551895953125 0.2330352046875 0.330378146875 0.23923509843750002 0.31797238437500003 0.24361148125 0.2997286765625 0.248352559375 0.30739105 0.2687757046875 0.39277169375 0.24543496718750002 0.4022584203125 0.242152678125 0.4015286484375 0.237776296875 0.38036593124999996 0.2253765328125
2 0.3740234375 0.291015625 0.41575878906249997 0.279082903125 0.4059071765625 0.2546480859375 0.3646763234375 0.2681419421875 0.34825696875 0.272883034375 0.330378146875 0.27689470625 0.3132290203125 0.28200049531250004 0.3176075234375 0.29768254843749997 0.3197967625 0.3075294171875 0.326171875 0.3037109375 0.3322025 0.30278832499999997 0.3394999875 0.30023544375 0.356284228125 0.2958590609375 0.3740234375 0.291015625
3 0.3583984375 0.26953125 0.3717847796875 0.2657765671875 0.3798828125 0.263671875 0.3943468203125 0.2582595078125 0.406425521875 0.25438707968749996 0.40186751562499995 0.2420864296875 0.3722405765625 0.25188139375 0.3544921875 0.255859375 0.3524133046875 0.2573483515625 0.3466796875 0.2578125 0.339650946875 0.260309615625 0.3216468640625 0.26509320000000003 0.3086565984375 0.26851005 0.312758790625 0.28149406718750003 0.32421875 0.2783203125 0.33896724218749996 0.273977 0.3447265625 0.2734375 0.35309700781250003 0.27078794687499996 0.3583984375 0.26953125
6 0.42568941875000005 0.37970533125 0.424770496875 0.375801775 0.4178785609375 0.35146195625 0.43441923125 0.345262190625 0.43166246406250003 0.3358477296875 0.42454075781249995 0.3386031859375 0.41581097656250005 0.34112901406249996 0.4077703796875 0.342277121875 0.4034054734375 0.3443437109375 0.404554134375 0.3562839921875 0.4063919796875 0.36615769375 0.40845956406250006 0.3774091234375 0.4155812390625 0.37832760312499997 0.4167299 0.3838385078125 0.42568941875000005 0.37970533125
5 0.5498046875 0.41796875 0.544921875 0.4208984375 0.544921875 0.4248046875 0.546875 0.4267578125 0.548828125 0.4326171875 0.5517578125 0.435546875 0.5546875 0.4345703125 0.560546875 0.4326171875 0.560546875 0.4208984375 0.5576171875 0.41796875 0.5498046875 0.41796875
2 0.5450875359375 0.2295257375 0.5419921875 0.228515625 0.5063397968750001 0.2295257375 0.48978398125 0.232342390625 0.4714668515625 0.2379757234375 0.478864175 0.2608610671875 0.49048845781250006 0.2576923265625 0.5137371203125001 0.2513548390625 0.547553278125 0.247834015625 0.546144275 0.2393840484375 0.5450875359375 0.2295257375
5 0.5390625 0.6142578125 0.5546875 0.6220703125 0.591796875 0.6123046875 0.5791015625 0.56640625 0.537109375 0.5888671875 0.5390625 0.6142578125