4 0.6395177984375 0.4261532671875 0.6356809234374999 0.4128862671875 0.626297840625 0.409274175 0.544793090625 0.41875660156250005 0.524030084375 0.43942552656249995 0.45991771875 0.4490648078125 0.4750876671875 0.5429643765625001 0.47899132343749995 0.5680391203124999 0.4849557375 0.6174950234375001 0.4943388203125 0.621107115625 0.686182059375 0.5975480109375 0.693380575 0.59491448125 0.703992090625 0.5896387640625 0.6982635703125 0.5450314921875 0.69357815625 0.5078463546875 0.6747995203125 0.508863675 0.67147821875 0.5044648453125 0.66057726875 0.5038343890625 0.6640235984375 0.4601832703125 0.6522097921875 0.43225880156249996 0.6395177984375 0.4261532671875
5 0.462706959375 0.478271590625 0.458537040625 0.44860107656250003 0.41348786562499995 0.45098579218749996 0.393900578125 0.453769396875 0.37560350468750003 0.462229846875 0.36982866406250003 0.47194488124999995 0.36439442031249997 0.4901152046875 0.3686758875 0.5112192890625 0.3824406609375 0.5342792578125 0.3743066828125 0.5466042468750001 0.378608990625 0.5584967921875 0.39416934531250003 0.5615720046875 0.39665702187499996 0.571891653125 0.3874683171875 0.5885577796875 0.3938862328125 0.60687435625 0.417560953125 0.611234459375 0.44863824062499996 0.595335734375 0.462519765625 0.5664788875 0.47508379375 0.5647131296875 0.462706959375 0.478271590625
0 0.654536009375 0.43634577031250005 0.6640235984375 0.4601832703125 0.6637265718750001 0.4781515515625 0.663023709375 0.5014567390625 0.675549515625 0.5056636953125 0.690503865625 0.5035619984374999 0.6980496328125 0.5336642984375 0.705883509375 0.5186395015625 0.7066566671875 0.5052700390625 0.7055601234375 0.49746771875 0.765743003125 0.4916617109375 0.7584642921875 0.4257178625 0.7036656796874999 0.43209318906250005 0.654536009375 0.43634577031250005
1 0.83844805 0.5041130218750001 0.8354909546875 0.4873654125 0.8330759125 0.45614771249999997 0.8234068718750001 0.3970894734375 0.8144195046875 0.40058627500000005 0.79531879375 0.4190492609375 0.7682411515625 0.42285477499999996 0.7671225015625 0.42892895 0.77417420625 0.48612132187499996 0.802626640625 0.485081071875 0.83844805 0.5041130218750001
2 0.8028398265625001 0.484156671875 0.8154022968750001 0.5759845859375 0.8167196156250001 0.592000415625 0.8402064140625001 0.5895507078125 0.8332222953124999 0.5133244046875001 0.82965724375 0.5019915234375001 0.81700141875 0.49408205 0.8028398265625001 0.484156671875
3 0.8015446125000001 0.5966691921875 0.8167020421875 0.5939634875 0.8052822109375001 0.48213422968749997 0.7850575 0.484976628125 0.8015446125000001 0.5966691921875
3 0.7965529499999999 0.418227303125 0.7848066734375 0.3303289171875 0.77048086875 0.33234227656250004 0.7795017734374999 0.42104926249999997 0.7965529499999999 0.418227303125
2 0.80020305 0.59559835625 0.7982811359374999 0.5758671796875 0.784836725 0.48626127031250005 0.7727346609375 0.4879621046875 0.7765536765625 0.5121078453125001 0.7872663625 0.5974164890625 0.80020305 0.59559835625
2 0.7695131640625 0.3318087875 0.7558591578125 0.334578878125 0.7635888093750001 0.403785425 0.7662064265625 0.42334337499999997 0.779560425 0.42146659218750004 0.7695131640625 0.3318087875
2 0.8072266812500001 0.40554180000000006 0.8093407421875 0.4032377453125 0.8144195046875 0.40058627500000005 0.8196043578125 0.3975396765625 0.8104098265624999 0.32606113593749997 0.8012876046875 0.327768753125 0.7863816515625001 0.3307147953125 0.7937192203125 0.3936339125 0.794734796875 0.40529047656249995 0.7969702453124999 0.41816865625000005 0.8072266812500001 0.40554180000000006
5 0.45627852031250005 0.5958851890625 0.44882955312500006 0.592001275 0.44024625625 0.60109685625 0.442436515625 0.6096644734375001 0.4493418375 0.609680153125 0.45627852031250005 0.5958851890625