4 0.6536289375 0.536286440625 0.654249909375 0.5208581234375 0.5914720953125 0.47110607031249996 0.5726653765624999 0.4960634296875 0.640314903125 0.5507093703125 0.6536289375 0.536286440625
4 0.5583312203124999 0.7016954734375 0.5935716453125 0.6646660234375 0.6065234390625001 0.6377422390625 0.6026349390625 0.6299208890625 0.628472003125 0.6053701203124999 0.645164440625 0.5653688578125 0.6377718546875 0.5524614125 0.511425221875 0.45725239531249995 0.504587084375 0.4582134328125 0.4687478625 0.5009056000000001 0.4080104390625 0.5847522734374999 0.5583312203124999 0.7016954734375
0 0.6077990203125 0.67087249375 0.6219694875 0.6711198281249999 0.6328286234375 0.6584412546875 0.688810278125 0.6973042421875 0.7314876375 0.6536510375 0.76586179375 0.6152653640625 0.734163734375 0.5933053968750001 0.6592916546875001 0.5368852375000001 0.634390125 0.6009446828125 0.6362268281250001 0.6307784187500001 0.6077990203125 0.67087249375
5 0.330018690625 0.5259812765625 0.37506169843750004 0.558700828125 0.39269299687500003 0.535303303125 0.39566480937500004 0.516755315625 0.362523859375 0.489336240625 0.3449147359375 0.502968165625 0.330018690625 0.5259812765625
5 0.42023775468749996 0.5328267796875 0.41166975 0.5214791703125 0.40696806875 0.5277185109375 0.42705371718749996 0.5416313421875001 0.44504725624999997 0.530734671875 0.47659138749999996 0.4872515 0.442467225 0.46275988906250004 0.41406493906249997 0.4988283 0.409341084375 0.514833240625 0.43175539687500003 0.535392003125 0.42023775468749996 0.5328267796875
5 0.4577033359375 0.4620132328125 0.469198803125 0.47434405625 0.48623130468750003 0.4566092484375 0.47044074687500004 0.443487421875 0.4577033359375 0.4620132328125
5 0.43125266562500003 0.4127342953125 0.4415727125 0.42662495156249997 0.44843302500000004 0.4158983140625 0.456638790625 0.41474506875 0.4560843421875 0.4008765875 0.44554991250000003 0.3953839015625 0.43125266562500003 0.4127342953125
5 0.39942762656249997 0.49391223906250004 0.4078034234375 0.5038922203125 0.4166301609375 0.48731065781250005 0.40825436406250004 0.47733067656249994 0.39942762656249997 0.49391223906250004
1 0.7252187546875 0.747972984375 0.7340011421875 0.750922621875 0.7962540515625001 0.6877825671875 0.8254473421874999 0.6474190656250001 0.8176481671875001 0.641541965625 0.78835136875 0.6414754406250001 0.769441140625 0.6260027734375 0.708940275 0.691685875 0.6940097656249999 0.7071522125 0.71863935 0.72100485 0.7252187546875 0.747972984375
3 0.6601044093749999 0.7885184296875 0.7059019375 0.7395306609375 0.7176561375 0.7239323125 0.7124000109375 0.71630316875 0.702442203125 0.7149133671875 0.644072596875 0.7803491421875 0.6601044093749999 0.7885184296875
3 0.7829030328125001 0.6324786703124999 0.787966953125 0.6387401859375 0.79910018125 0.638570153125 0.83383284375 0.596077328125 0.8167720546874999 0.5806134421875 0.786044878125 0.6250639109375 0.7829030328125001 0.6324786703124999
2 0.7197925953125 0.7292106140625 0.70081584375 0.743034746875 0.65927194375 0.7878911234375 0.6775767890625 0.8069001312499999 0.7242355421875 0.750900446875 0.7197925953125 0.7292106140625
2 0.855897634375 0.61009668125 0.8344594750000001 0.5952457578125 0.8133974281249999 0.6212197609375 0.8004678078125 0.6383779453125 0.831132234375 0.6382522625 0.855897634375 0.61009668125
2 0.6466430171875001 0.7743571296875 0.703425415625 0.7119859046875 0.6942586125 0.7063010125 0.6357573203125 0.7688676937500001 0.6466430171875001 0.7743571296875
2 0.8182218875 0.58561751875 0.8086532328124999 0.575799359375 0.7813875484375 0.6117720515625 0.7729674015625 0.62132326875 0.7809587828125 0.6285679953125001 0.8182218875 0.58561751875