0 0.5077830265625 0.28151483593750004 0.5056661796874999 0.3146785015625 0.5391830343749999 0.31573692656249996 0.5498046875 0.322265625 0.5769335812499999 0.3280851078125 0.5776392203125 0.25117357500000004 0.5169560718749999 0.253290409375 0.5074302296875 0.253290409375 0.5077830265625 0.28151483593750004
4 0.5283203125 0.533203125 0.5841885515625 0.534492996875 0.583984375 0.5244140625 0.586459421875 0.457274025 0.5829313218750001 0.3915900234375 0.5945740328125 0.3922956296875 0.59375 0.3818359375 0.59375 0.3388671875 0.595279671875 0.3294963234375 0.57905045 0.328790715625 0.5691717890625 0.325968271875 0.5532953875 0.3242042421875 0.537066165625 0.3263210765625 0.5141335875 0.328790715625 0.49331787812499994 0.3284379109375 0.4936706734375 0.3520758515625 0.49402349375 0.3824171234375 0.4802639359375 0.3824171234375 0.396648209375 0.382769890625 0.3839470875 0.382769890625 0.3832414734375 0.39405968593749996 0.3842999078125 0.5340644265625001 0.486328125 0.5341796875 0.4970638328125 0.5353695875 0.49844113593749995 0.5445514359375 0.524150625 0.5450105265625 0.5283203125 0.533203125
5 0.578878903125 0.53247569375 0.5751953125 0.533203125 0.5406224671875 0.5338094703125 0.5332761265625 0.5343745703125 0.533203125 0.5419921875 0.53304104375 0.5494954734374999 0.5328476421875 0.567288890625 0.5341796875 0.572265625 0.5380859375 0.57421875 0.5439453125 0.57421875 0.5458984375 0.576171875 0.5830078125 0.576171875 0.583984375 0.5751953125 0.585454815625 0.5713504359375 0.585454815625 0.5326691 0.58313391875 0.5322822875 0.578878903125 0.53247569375
5 0.5968614609375 0.522351009375 0.595611259375 0.5206840921875 0.595333446875 0.51762806875 0.6068630765624999 0.51762806875 0.6206152968749999 0.5169335265624999 0.620337484375 0.5108214890625 0.5854300718750001 0.51046449375 0.583942715625 0.5180448015625 0.5859375 0.5224609375 0.583984375 0.5244140625 0.583984375 0.5302734375 0.589637678125 0.5297993640625001 0.590463346875 0.534735325 0.5908203125 0.5390625 0.5934498015624999 0.54072690625 0.5953047437500001 0.5411853703125 0.595703125 0.5400390625 0.59765625 0.5380859375 0.596401925 0.532407975 0.5988705921874999 0.526922096875 0.5968614609375 0.522351009375
5 0.6015625 0.4345703125 0.6015625 0.4248046875 0.5986328125 0.419921875 0.5966796875 0.419921875 0.5947265625 0.41796875 0.5908203125 0.41796875 0.5888671875 0.416015625 0.583984375 0.4189453125 0.583984375 0.4365234375 0.5859375 0.4384765625 0.5859375 0.4423828125 0.5888671875 0.4453125 0.591796875 0.4443359375 0.5947265625 0.443359375 0.599609375 0.4384765625 0.599609375 0.4365234375 0.6015625 0.4345703125
5 0.5087890625 0.599609375 0.529296875 0.5986328125 0.53515625 0.5927734375 0.5322265625 0.576171875 0.505859375 0.5771484375 0.5087890625 0.599609375
5 0.5274900625 0.6344570921875 0.5280332125 0.6599841093750001 0.5419921875 0.669921875 0.564453125 0.6708984375 0.5703125 0.6669921875 0.5703125 0.6337890625 0.5432409203125 0.631741484375 0.5274900625 0.6344570921875
6 0.494140625 0.3310546875 0.4988710703125 0.32776490156250004 0.5100533171875 0.328150490625 0.549383996875 0.3273793 0.549383996875 0.322752215625 0.5401297296875 0.3161971859375 0.52894745625 0.315811584375 0.51171875 0.3154296875 0.504269403125 0.3154259953125 0.49462953125000003 0.3154259953125 0.4861464515625 0.315811584375 0.4838328640625 0.3289216828125 0.483061678125 0.3601545265625 0.47920574374999997 0.37480695625 0.47766337031250006 0.38136199843749996 0.49284349218749995 0.3818165375 0.4921875 0.3623046875 0.4921875 0.3583984375 0.494140625 0.3564453125 0.494140625 0.3310546875
1 0.58827036875 0.18595331406249999 0.49042195 0.19027465937500002 0.4993734015625 0.20076932187500002 0.5089421703125 0.2118813265625 0.5101768453125 0.22731467031250002 0.5095595281249999 0.24614333593749999 0.53487044375 0.2452173390625 0.553081984375 0.2439826765625 0.5768495875 0.2427480046875 0.576171875 0.2099609375 0.5867270140625 0.192743984375 0.58827036875 0.18595331406249999
2 0.6243716906250001 0.18528911406249998 0.614273325 0.1855354203125 0.606391671875 0.185781709375 0.5975248171875001 0.1862743140625 0.5886579625 0.1860280078125 0.587672759375 0.1912002859375 0.5852097546875 0.1971114609375 0.578125 0.2060546875 0.5763429 0.21065790624999997 0.5911209859375 0.2099190046875 0.607376875 0.2091801109375 0.6243716906250001 0.20942639999999998 0.6243716906250001 0.18528911406249998
3 0.586866746875 0.2099777875 0.5760109531250001 0.21053928593750001 0.576759625 0.21540562031250002 0.5775083109375 0.224951134375 0.5980174359375 0.22469694062499998 0.623879071875 0.22420433593750003 0.624113378125 0.20960345 0.6025390625 0.208984375 0.586866746875 0.2099777875
2 0.6025889390625 0.22457680156249998 0.5962252078125 0.22476396875 0.5853694015625 0.224951134375 0.5769468 0.2251383078125 0.5775083109375 0.2421704890625 0.6018402671875 0.24179615625 0.6244877015625 0.24086031874999997 0.624113378125 0.2242024640625 0.6149420796875 0.2242024640625 0.6083984375 0.224609375 0.6059579796875 0.22476396875 0.6025889390625 0.22457680156249998
2 0.505859375 0.2080078125 0.4984409765625 0.1991122078125 0.4901543734375 0.1921515421875 0.4736328125 0.193359375 0.4560546875 0.1953125 0.3681755828125 0.1991122078125 0.36784413125 0.20872454999999998 0.3681755828125 0.22032566875 0.388671875 0.2197265625 0.45866528124999995 0.2176739828125 0.4990234375 0.21484375 0.50838490625 0.2136964609375 0.505859375 0.2080078125
3 0.509379284375 0.220657128125 0.50871638125 0.21469083906250003 0.4755859375 0.21484375 0.36883853125 0.2213200578125 0.3695014578125 0.23590432187500002 0.40463665156250006 0.23391555468749997 0.463637234375 0.23126386875 0.4957892515625 0.22993803281249997 0.5097107578125 0.22993803281249997 0.509379284375 0.220657128125
2 0.5090541421875 0.2421282421875 0.51025280625 0.23044174062499997 0.4925729953125 0.23014208749999998 0.4755859375 0.23046875 0.44342925937500005 0.2322396625 0.3691143046875 0.2367344734375 0.3706125734375 0.255612665625 0.390389946875 0.2535150859375 0.42005599531250004 0.252316475 0.5033606484375001 0.2481213171875 0.508155184375 0.24692270624999998 0.5090541421875 0.2421282421875