4 0.3317669671875 0.4801991515625 0.353804184375 0.4077619484375 0.3352274328125 0.40320613749999995 0.3442019859375 0.3749953578125 0.2999185296875 0.36027379375 0.311027928125 0.3215200125 0.30233037500000004 0.317506371875 0.2370973609375 0.295592446875 0.1926264796875 0.28439393281249997 0.18496850468749998 0.3060712109375 0.16427028906250002 0.41207571249999997 0.152854528125 0.4075306625 0.14960629375 0.4184486203125 0.14595215156250002 0.4399374015625 0.138008265625 0.463816790625 0.12836169375 0.49876478750000003 0.169547796875 0.5138763921875 0.23964839843750002 0.5329930546874999 0.2541443609375 0.53380145625 0.27463585468749996 0.4612136265625 0.3317669671875 0.4801991515625
0 0.13742191718750002 0.321184515625 0.15360651875 0.323804153125 0.1803487140625 0.330626215625 0.1886219328125 0.299808984375 0.1359471828125 0.284346309375 0.1246741484375 0.317822790625 0.13742191718750002 0.321184515625
5 0.6401755328125 0.668279621875 0.6541588578125 0.62328475 0.6670860390625 0.5915322656249999 0.6404930234374999 0.583322103125 0.6279785515625 0.613241775 0.5909881046875001 0.6012090015625 0.58809915 0.6140386828125 0.578148921875 0.612835053125 0.5728229625 0.6338558921875 0.58138758125 0.6372657937499999 0.5783511421875 0.6468033125 0.6401755328125 0.668279621875
6 0.172230721875 0.33512455 0.17039333125 0.34328429374999997 0.16389914218749999 0.3601847421875 0.1551878609375 0.386541571875 0.1565877359375 0.39018837031250003 0.159111071875 0.39131183125 0.15981100937499998 0.39313523125 0.1635960140625 0.3948204234375 0.16780454375 0.39215888125 0.1704749921875 0.382765471875 0.1708709890625 0.3768943796875 0.1728111046875 0.36447103125 0.177019615625 0.3469527296875 0.1802612609375 0.33079950937499997 0.17013703593750001 0.3277283625 0.172230721875 0.33512455
6 0.163960371875 0.4115587625 0.1692456546875 0.393215178125 0.17229839062500002 0.382065534375 0.17553294375 0.366148315625 0.17848633593750002 0.35458524375 0.1807332609375 0.3495385703125 0.18045684687500002 0.3433684359375 0.17414850625 0.34055978124999997 0.17050170781250001 0.3419596546875 0.168861621875 0.34876892812500004 0.16606254375 0.3556442078125 0.1637231484375 0.3656059578125 0.15912085468749998 0.3800618796875 0.15313023125 0.399401309375 0.1496257765625 0.40727244531249995 0.139153334375 0.40549163750000006 0.1279531171875 0.40181490625 0.10273424687499999 0.39373055625000003 0.10093103437499999 0.4013112078125 0.1365489234375 0.41192962812499995 0.1471905859375 0.415095690625 0.1501781890625 0.4172118078125 0.1549210828125 0.41067801875 0.163960371875 0.4115587625
1 0.078136428125 0.3056066140625 0.09610978125 0.3097329015625 0.11873461562500001 0.3174374796875 0.1235587859375 0.30128214531249997 0.12728061562499998 0.2899452359375 0.1293640484375 0.2814723265625 0.10342318125000001 0.27444466562500003 0.0843114515625 0.267302871875 0.07071841718750001 0.253692028125 0.0674396171875 0.2614383828125 0.0534471640625 0.30882615 0.06407471249999999 0.3062365546875 0.078136428125 0.3056066140625
2 0 0.50644235625 0.019698390625 0.5127925421875 0.0307894484375 0.47337227187500003 0.035374868749999996 0.4558186375 0.053433259375 0.3910766546875 0.0588187796875 0.37172594999999997 0.065083153125 0.352335865625 0.07024831875000001 0.333963696875 0.07725756875 0.30564597656250003 0.07126558281249999 0.305562165625 0.06397501875 0.30597684375 0.058904257812500006 0.307390940625 0.0540059703125 0.309505603125 0.049740612499999996 0.3263403984375 0.044415420312499995 0.3450719765625 0.0395200875 0.35771946718750003 0.03026295625 0.3928191453125 0.0217373109375 0.41873905625 0.012689706249999998 0.448733196875 0.002779096875 0.485018409375 0 0.4946976140625 0 0.50644235625
3 0.096376553125 0.39038572656250004 0.0818189109375 0.3858422375 0.0717946109375 0.382240453125 0.0736386765625 0.37229489843749997 0.0771013859375 0.361132028125 0.07964333125 0.3530045125 0.08238467031249999 0.3453964359375 0.08528856875 0.3335541015625 0.08904609062499999 0.317787415625 0.0924946609375 0.30963067187500004 0.08566574375 0.3065902390625 0.077876690625 0.305706309375 0.0727508921875 0.324957325 0.059217564062500005 0.37276482031249997 0.0359571546875 0.45112527187499996 0.0194386546875 0.5128922453125 0.0313203703125 0.516674978125 0.038508034375 0.49037471874999994 0.045173728125 0.46814865625 0.050761175000000006 0.4454425421875 0.0556062984375 0.42778921406250003 0.060532703125 0.40801875781249997 0.06419480625 0.3973753265625 0.0683134875 0.391026484375 0.07476456875000001 0.391530034375 0.08435070624999999 0.39321407812500003 0.093894934375 0.3978941046875 0.096376553125 0.39038572656250004
2 0.0683379953125 0.3905554484375 0.062232246874999994 0.40148288593750003 0.0555858125 0.42978520937500003 0.045412021875 0.46768187968749997 0.031686753125 0.5168988859375 0.0581481859375 0.5232219328125 0.0606416953125 0.5109343234375 0.0630627734375 0.5038247203124999 0.0653931234375 0.4946898625 0.0685304984375 0.48318513906250005 0.08022176875 0.4474527484375 0.0881347140625 0.4179775515625 0.09443068593750001 0.3977067296875 0.084561234375 0.3925682484375 0.0683379953125 0.3905554484375
2 0.0923027375 0.3081907109375 0.0886225671875 0.32213415156249997 0.0831100515625 0.34179863906249996 0.0804996140625 0.350253940625 0.076942465625 0.36040358906250003 0.0738118734375 0.37305138125 0.072056834375 0.38304163125 0.07721249218750001 0.3839906203125 0.0862560140625 0.387440021875 0.0969235546875 0.3902660015625 0.10252164374999999 0.3694839734375 0.1062052984375 0.3568900765625 0.11162300624999999 0.3391053515625 0.115234059375 0.3284026453125 0.117417928125 0.3174492078125 0.104894953125 0.312749646875 0.0923027375 0.3081907109375
3 0.108439165625 0.25385694999999997 0.11612716406250001 0.23165492968749998 0.10081342499999998 0.2263112234375 0.09560450781249999 0.24463379375 0.0887281265625 0.2683573265625 0.0974553359375 0.27248866562499996 0.1026736890625 0.27456629062500004 0.108439165625 0.25385694999999997
2 0.0811890421875 0.2199464921875 0.08016042343749999 0.22289426250000002 0.08192389375 0.2233955984375 0.084489590625 0.22496363593750002 0.0868858015625 0.22404381718750002 0.090741253125 0.22590228125 0.09176652656249999 0.22806163124999998 0.09230260312500001 0.2335508203125 0.08794247499999999 0.23856295468750002 0.0822561796875 0.23858554999999998 0.07628615 0.229683671875 0.076573228125 0.233501034375 0.0715443828125 0.25467650000000003 0.0767795609375 0.26012927812500003 0.083119528125 0.2669253796875 0.088238784375 0.268495090625 0.09844880624999999 0.234726325 0.100296803125 0.22675094687500003 0.0860973859375 0.22198992187500002 0.0811890421875 0.2199464921875
2 0.11593877500000001 0.23231289843749997 0.11197133906250001 0.24516356562500002 0.10951388749999999 0.2503547875 0.10516539843749999 0.2653745359375 0.10258337656250001 0.2744569109375 0.10656892968750001 0.2753543671875 0.11190972343750001 0.277147553125 0.1284342921875 0.2817275203125 0.13010635625 0.27501725625 0.13521951875 0.2582214953125 0.13767267968750002 0.253098440625 0.1396581203125 0.24404279843749999 0.14219747031250002 0.23801101562500002 0.1298472578125 0.2358742765625 0.1211851703125 0.2333332046875 0.11593877500000001 0.23231289843749997