4 0.560546875 0.4580078125 0.561343825 0.4310816296875 0.5630102531250001 0.3694506796875 0.5646766171875 0.2728400515625 0.5646766171875 0.24785450468749998 0.5538451203125 0.24285739843749998 0.5096857609375001 0.239526 0.4736328125 0.25390625 0.44886250156249996 0.2520187578125 0.445529771875 0.27617141875 0.431640625 0.2900390625 0.419921875 0.3896484375 0.42136710468749994 0.5843261 0.546875 0.5849609375 0.556640625 0.5576171875 0.55859375 0.5166015625 0.5596774609375 0.47772124375 0.560546875 0.4580078125
5 0.548828125 0.6259765625 0.5478515625 0.587890625 0.490234375 0.5908203125 0.4931640625 0.626953125 0.548828125 0.6259765625
2 0.6447022671875 0.22399000781249997 0.6415778343749999 0.20056624687500002 0.51171875 0.2021484375 0.5146484375 0.220703125 0.6447022671875 0.22399000781249997
1 0.509765625 0.2197265625 0.5087890625 0.19921875 0.447265625 0.1982421875 0.4501953125 0.216796875 0.509765625 0.2197265625
2 0.512413121875 0.1611328125 0.515342809375 0.17578125 0.627647496875 0.1748046875 0.627647496875 0.1552734375 0.620811559375 0.15234375 0.525108434375 0.150390625 0.512413121875 0.1611328125
2 0.443359375 0.2158203125 0.4462890625 0.197265625 0.4308272046875 0.19551247031250002 0.4287109375 0.21484375 0.443359375 0.2158203125
3 0.447265625 0.1943359375 0.4462890625 0.171875 0.43221584062499996 0.17052710937499999 0.43152152343749994 0.19273631093750002 0.447265625 0.1943359375
3 0.5126953125 0.19921875 0.6171875 0.2021484375 0.626953125 0.1982421875 0.6259765625 0.177734375 0.51171875 0.1787109375 0.5126953125 0.19921875
1 0.43359375 0.1474609375 0.447265625 0.1611328125 0.4501953125 0.197265625 0.509765625 0.1982421875 0.5120636953125 0.15525830937500001 0.525255959375 0.14345966875 0.435546875 0.1396484375 0.43359375 0.1474609375
2 0.447265625 0.1708984375 0.443359375 0.1572265625 0.4306640625 0.150390625 0.431640625 0.1689453125 0.447265625 0.1708984375
1 0.447265625 0.2509765625 0.46875 0.2529296875 0.5048828125 0.240234375 0.509765625 0.2294921875 0.4501953125 0.224609375 0.447265625 0.2509765625