4 0.544921875 0.5478515625 0.541015625 0.4951171875 0.5068359375 0.490234375 0.50390625 0.4833984375 0.5048828125 0.375 0.2373046875 0.373046875 0.232421875 0.3779296875 0.234375 0.4580078125 0.2607421875 0.462890625 0.2744140625 0.42578125 0.27734375 0.4306640625 0.275390625 0.5068359375 0.26953125 0.5087890625 0.271484375 0.5205078125 0.265625 0.5224609375 0.2734375 0.5458984375 0.2734375 0.5830078125 0.2822265625 0.587890625 0.353515625 0.5888671875 0.3642578125 0.587890625 0.369140625 0.5810546875 0.3720703125 0.548828125 0.544921875 0.5478515625
0 0.2185006015625 0.45051050156250005 0.2032289875 0.4587336765625 0.2091026578125 0.47165571406250006 0.1350944140625 0.472830484375 0.177734375 0.5693359375 0.1943359375 0.583984375 0.21484375 0.5849609375 0.26953125 0.5830078125 0.2748877640625 0.544489225 0.2737130296875 0.45403470468749996 0.2185006015625 0.45051050156250005
6 0.2077247296875 0.3866941765625 0.216308396875 0.40042804375 0.21802512968749999 0.42703743593750004 0.2077247296875 0.43047087656249994 0.1999994296875 0.44334637656250003 0.20343289687500002 0.45793863593750006 0.22060022968749998 0.44935494218749994 0.23046875 0.4541015625 0.234375 0.3798828125 0.2294921875 0.373046875 0.2102998296875 0.3729603359375 0.2077247296875 0.3866941765625
5 0.5380859375 0.4921875 0.544921875 0.5048828125 0.55078125 0.5048828125 0.551071390625 0.40214477656250003 0.5087890625 0.400390625 0.505859375 0.4873046875 0.5380859375 0.4921875
5 0.22265625 0.6123046875 0.22265625 0.6201171875 0.234375 0.6259765625 0.248046875 0.6201171875 0.2412109375 0.591796875 0.2265625 0.5966796875 0.22265625 0.6123046875
1 0.1341911765625 0.489659940625 0.12683823593750002 0.4735753671875 0.0908203125 0.474609375 0.062959559375 0.45703125 0.05147061562500001 0.4561121328125 0.0928308828125 0.5448069859375 0.0983455875 0.55859375 0.106617646875 0.5539981625 0.116727940625 0.540211396875 0.1369485296875 0.5415900734375 0.16636029375 0.5627297796875 0.1341911765625 0.489659940625
3 0.0827205875 0.4630055140625 0.08869488125 0.4744944859375 0.09375 0.4744944859375 0.10707720624999999 0.47265625 0.0955882640625 0.45013788125 0.058363998437499995 0.36557904375 0.039522059375 0.3646599265625 0.0827205875 0.4630055140625
2 0.0596468890625 0.3656891875 0.0629748265625 0.37516101874999996 0.067582740625 0.384376846875 0.0739826375 0.3997365609375 0.09753418281250001 0.45323955624999995 0.10777400781249999 0.4739751703125 0.12620564843749998 0.473719175 0.12262171562499999 0.46475934218750004 0.0780785453125 0.36517720468750003 0.06809473125 0.3656891875 0.0596468890625 0.3656891875
2 0.0200407609375 0.37347147812500003 0.018682065625 0.37720787968749997 0.01953125 0.3818359375 0.044921875 0.4345703125 0.04891304375 0.44344429375 0.052649456250000004 0.4563519125 0.0631962078125 0.4563138078125 0.08719049062499999 0.4721973359375 0.0838110140625 0.4664522375 0.044921875 0.3779296875 0.0383831515625 0.36430028281250004 0.0244565421875 0.3626019015625 0.0200407609375 0.37347147812500003
2 0.09698697656250001 0.55823466875 0.1158829015625 0.5956381375 0.1304510390625 0.6300718937500001 0.1562763703125 0.62874751875 0.13177541406249998 0.5744481109375 0.116545090625 0.5386899578125 0.10482054062499999 0.5578616296875001 0.09698697656250001 0.55823466875
3 0.1355472265625 0.54196513125 0.11810053125 0.5406230796875 0.12928429218749998 0.5656747 0.13957338125000002 0.5893842765625 0.1467309625 0.6059362578124999 0.1565726734375 0.6291984703125 0.17670344531249998 0.6314352359375001 0.1695458640625 0.61577795625 0.16194087968749998 0.5983312859375001 0.149862415625 0.5697008546875 0.1355472265625 0.54196513125
2 0.1538885703125 0.55404359375 0.1355472265625 0.5410704234375 0.1435995359375 0.5553856453125 0.1489677421875 0.5665694015625 0.15925677656249998 0.589831640625 0.177598146875 0.6318825734375 0.19772891875 0.633671975 0.17401934218749998 0.579989915625 0.1655196828125 0.5638852984375 0.16059882812499998 0.5589644421875 0.1538885703125 0.55404359375