4 0.5780740703125 0.52028705625 0.6017701484375 0.496543365625 0.537365578125 0.4003950890625 0.52009111875 0.3993719625 0.38534635 0.488316465625 0.39844906562500004 0.5106420015625 0.3398557875 0.55382425625 0.34838801406250003 0.5673007609375 0.39320164375 0.6408804140625 0.5780740703125 0.52028705625
0 0.376399384375 0.6499894328125 0.3940038640625 0.6395501171875 0.33890471718750004 0.55368624375 0.3984525671875 0.5082156984374999 0.38278427187499997 0.4844181984375 0.360925428125 0.5016055453125 0.36495859531249997 0.51399020625 0.3225026359375 0.5429829953125 0.3091526328125 0.5519389578125 0.3276523234375 0.58291558125 0.2575119984375 0.6261402734375 0.2825324890625 0.6633337484374999 0.2974003625 0.682669246875 0.33656697343749997 0.6559969999999999 0.36764619375 0.6352269890625 0.376399384375 0.6499894328125
5 0.6036463703125 0.4977161875 0.6257825312499999 0.48252756718749995 0.616743646875 0.449995853125 0.5674022078125 0.3751937125 0.5615461484375001 0.37153444062499996 0.55056710625 0.3760736515625 0.5351969375000001 0.3876401359375 0.5350513015625 0.395691759375 0.58966380625 0.48030172968749996 0.6036463703125 0.4977161875
2 0.30075504531249997 0.7407130093750001 0.3167960015625 0.7292397984375001 0.293349371875 0.6911991828125 0.2778130203125 0.7048580703125 0.30075504531249997 0.7407130093750001
2 0.20748652031249998 0.5986314046875 0.2336508484375 0.6356580546874999 0.25072109375 0.6316735171875 0.22112043906249998 0.5880959171875 0.20748652031249998 0.5986314046875
1 0.2302351328125 0.635099325 0.276175821875 0.7061944296875 0.28854018125 0.6920407609375 0.2490720875 0.6320542203125 0.2302351328125 0.635099325
5 0.34569665 0.6931522593749999 0.34162487656249996 0.6940923015625 0.339711875 0.6858061765625 0.3336420046875 0.686739784375 0.3349522078125 0.691197378125 0.327727375 0.6927222734375 0.32427353281250004 0.6939139171875001 0.32602821875 0.7027008171875 0.3295884578125 0.7020219578125 0.330362190625 0.7059925984375 0.33616704531249997 0.7045093671875 0.3352267328125 0.7022941203124999 0.34476913124999997 0.7002068875 0.347640503125 0.6997143265625 0.34569665 0.6931522593749999
5 0.6707638125 0.46258056718749996 0.6811578593750001 0.4641899125 0.6839384171875 0.4545277203125 0.6742762234375 0.45174716249999997 0.6707638125 0.46258056718749996
5 0.6537830734375001 0.47151213125 0.6502694375 0.4693165671875 0.6464633046875 0.4701952828125 0.6428040328125 0.4760513421875 0.6444146015625 0.47868626406250003 0.6471963828125 0.48205303906249997 0.6529055828125 0.48073496562500007 0.655101146875 0.4772213296875 0.6537830734375001 0.47151213125
6 0.316314878125 0.7205006203125001 0.3270172640625 0.7140847625 0.30502359375 0.6793535078125 0.295420428125 0.6858742203125 0.316314878125 0.7205006203125001
6 0.2565837828125 0.6265789093749999 0.265419165625 0.6206174078125 0.2394613640625 0.582758603125 0.2316486859375 0.586463728125 0.233836703125 0.595941071875 0.2565837828125 0.6265789093749999