4 0.410816525 0.43896731874999995 0.3473361390625 0.470025965625 0.36320342499999997 0.505616021875 0.3779543875 0.5388121140625 0.3884788078125 0.5645069031250001 0.4479681796875 0.5389524390625 0.45398695624999996 0.556547396875 0.4663471765625 0.5799289234375 0.5097166640624999 0.5601200953125 0.5432331375 0.544805040625 0.5663609000000001 0.5337064546875 0.596925503125 0.5183764281250001 0.567567996875 0.44155458750000004 0.5419750156250001 0.40284546875 0.4339969390625 0.4531964734375 0.420984428125 0.45608480937499996 0.410816525 0.43896731874999995
0 0.29220231406249997 0.336165603125 0.319871659375 0.3939401609375 0.354198621875 0.4675545671875 0.39461693593749997 0.44797856875 0.34569710625 0.3461947515625 0.3325803 0.31806566875 0.29220231406249997 0.336165603125
6 0.42237983281249997 0.45907726562500006 0.4786379796875 0.43284366093750004 0.5432727953125001 0.403317821875 0.53342654375 0.3847078421875 0.4771683609375 0.41094146406250004 0.4735806546875 0.40168500781249994 0.43615479687500003 0.41986560156249997 0.392464928125 0.440238521875 0.39728998125000003 0.44746073593749996 0.411014928125 0.4425179453125 0.42237983281249997 0.45907726562500006
1 0.292524946875 0.3243571 0.32719710156250004 0.309646465625 0.3228963453125 0.2832354203125 0.272384340625 0.3046036703125 0.292524946875 0.3243571
6 0.5918188046874999 0.20997501875000002 0.588640925 0.2021044140625 0.5132762718749999 0.2357708234375 0.3320221375 0.3168686875 0.336021015625 0.32433313125 0.47594091250000004 0.2612348765625 0.517882896875 0.24248295625 0.5918188046874999 0.20997501875000002
2 0.5397291937500001 0.1879946703125 0.43366353125 0.2349927234375 0.3892156703125 0.2547346296875 0.32212593749999996 0.2850346171875 0.32699630156250004 0.311313184375 0.4506634703125 0.255615178125 0.5909349703125 0.19118997499999998 0.5805654296875 0.16895242187499998 0.5397291937500001 0.1879946703125
5 0.4090340671875 0.6048667828125 0.46481998124999996 0.5781710828125 0.44704798125 0.5400589046875 0.3907393953125 0.5656337296875 0.4090340671875 0.6048667828125
6 0.40765178593750007 0.60482905 0.390178921875 0.5658950828125 0.3457489625 0.470614728125 0.354716525 0.46643308437500003 0.34556918125 0.446816540625 0.3209083828125 0.458316059375 0.3321087828125 0.48379868281249994 0.34368383593749996 0.505694884375 0.3671678109375 0.5575197234375 0.3922576703125 0.6113251 0.40765178593750007 0.60482905
6 0.2956515703125 0.344887909375 0.2919079390625 0.33613327656249997 0.215944965625 0.3700914140625 0.2196833078125 0.3781083125 0.24380099375 0.3677598265625 0.2956515703125 0.344887909375
2 0.2068946671875 0.3662549046875 0.2935652828125 0.3258397328125 0.285077996875 0.3164931625 0.27289860312499997 0.3061156453125 0.2344874609375 0.3231095203125 0.1951215515625 0.341007378125 0.2068946671875 0.3662549046875
3 0.6049738796875 0.2010279109375 0.7536531234375 0.5330611671875001 0.7972757171875 0.63030015625 0.81213190625 0.6227990390625 0.620442390625 0.19941939375 0.6267789125000001 0.192246221875 0.6347339437499999 0.1892836515625 0.644078065625 0.1909017734375 0.6406863640625 0.18202647031250002 0.6350043140625 0.1738457140625 0.6326536078125 0.17120726718749998 0.6116549124999999 0.1805745859375 0.5909255625000001 0.19024084218749998 0.59867809375 0.2044061796875 0.6049738796875 0.2010279109375
2 0.7128319109375 0.4602863640625 0.7704408984375 0.5870529234374999 0.79125050625 0.6329687640625 0.797184665625 0.630038415625 0.6057354625 0.2012096328125 0.5981807375 0.20457458750000002 0.678714328125 0.38389730625 0.7128319109375 0.4602863640625
2 0.6435608953124999 0.18831400781250002 0.629908575 0.191092659375 0.6197907734375 0.1976044328125 0.7807473500000001 0.5544183703125001 0.8125544328125001 0.6225276546875 0.8331818515625 0.61290893125 0.8138146859375001 0.567529134375 0.6874328968750001 0.2862445359375 0.6435608953124999 0.18831400781250002