4 0.6768859843749999 0.5541659640625001 0.65246806875 0.517720384375 0.6436407875 0.4754870875 0.6234045125 0.4694197375 0.6101159593750001 0.43263512187500003 0.6021511234375 0.42996429999999997 0.5229785437500001 0.4582545203125 0.5197366828125001 0.4643515734375 0.531728490625 0.5035750109375 0.5266188484375001 0.5102431015625 0.38710618124999996 0.5549387718750001 0.38184187187499996 0.56778125 0.43297363125 0.7216651390625 0.5002911421875 0.698020559375 0.5061264921874999 0.6870458640625 0.49950603125 0.6553708921875 0.551803946875 0.6393818140625 0.5618209359375 0.658785346875 0.6266222921875 0.6369312171875 0.6259442171875 0.6146724921875 0.6533899203125 0.6042391312500001 0.6798482124999999 0.5838958203125 0.6768859843749999 0.5541659640625001
0 0.420749821875 0.6917032812499999 0.382412909375 0.56964903125 0.30461440781250004 0.5924132375 0.3802234875 0.8296989781249999 0.387086271875 0.8459055015624999 0.3979969859375 0.863816371875 0.4018912046875 0.8814019203125 0.42430664062499995 0.8703441234374999 0.4395059953125 0.8654549406250001 0.476418621875 0.8536755218750001 0.42752495 0.7172038671875 0.420749821875 0.6917032812499999
5 0.317046665625 0.46607031250000003 0.31006924062499996 0.47330944218750004 0.314066509375 0.486383921875 0.30826086406250003 0.520836753125 0.312490134375 0.5246496515625 0.3510651984375 0.5138772546875 0.3368665703125 0.4640954921875 0.317046665625 0.46607031250000003
1 0.48668028281250003 0.8997187156249999 0.4857265734375 0.881304315625 0.47782610625000005 0.86312733125 0.4010556421875 0.8873158421875 0.4108677890625 0.8929866093750001 0.421139740625 0.91850445 0.48668028281250003 0.8997187156249999
6 0.6039929546875 0.6871535640624999 0.62697409375 0.7302487109375 0.645208096875 0.7720712484375001 0.65221495625 0.7949896515625 0.6681570515625 0.7901156640625 0.6571073546874999 0.7575373625 0.6453247046875 0.72790715 0.6237968984375 0.686002021875 0.60589806875 0.646063234375 0.5890814078125 0.6508528171875 0.6039929546875 0.6871535640624999
3 0.6755504796875 0.8353374234375 0.6850425046875 0.8314648171875 0.6800427171875 0.8161694171875 0.6732874734375 0.79671941875 0.657253515625 0.801945021875 0.6684498203125 0.8375083125 0.6755504796875 0.8353374234375
2 0.8271290406249999 0.7716973578124999 0.8235895390625 0.76024581875 0.818869465625 0.747829190625 0.7069128703125 0.7859850953125 0.67414575625 0.796541659375 0.682444375 0.8211452093749999 0.68567379375 0.8305727140625001 0.7782573546875 0.79889313125 0.7947841343750001 0.79446198125 0.8148042609375 0.78741721875 0.830987215625 0.7829315718750001 0.8271290406249999 0.7716973578124999
2 0.620269159375 0.8165594687500001 0.4802138734375 0.863790165625 0.4888085359375 0.8841806421875 0.48636811093750004 0.9032231906250001 0.514103384375 0.8935632312499999 0.541089271875 0.8853128171875 0.6056593515625 0.8590794890625 0.6460178265625001 0.8443798421875 0.667816228125 0.8365349671875 0.6561755140625001 0.8023205843750001 0.620269159375 0.8165594687500001
5 0.6830900734375 0.5777987671875 0.70023915625 0.5837887828125 0.7064908765625 0.5808562562499999 0.70355835 0.5746045359374999 0.69810966875 0.570143265625 0.6830900734375 0.5777987671875
5 0.6688141109375 0.5311041984375 0.6836790390624999 0.529623084375 0.6809785140625 0.514109784375 0.6697718187499999 0.5175360140625 0.6688141109375 0.5311041984375
5 0.654413184375 0.514062153125 0.6681360359374999 0.5088454734375001 0.6617772796875 0.49138705624999995 0.648054428125 0.4966037359375 0.654413184375 0.514062153125
5 0.4464964734375 0.3376204953125 0.3726367265625 0.34190023125 0.3757750203125 0.3859522875 0.372049184375 0.4099661515625 0.37282336875 0.44145885781249994 0.40789438593750005 0.44032920156250005 0.42838262499999996 0.44218219843749995 0.44763775624999996 0.46654895781250005 0.452589271875 0.4827446375 0.4637131140625 0.5287825828125 0.5321270171875 0.506390540625 0.5177968359375 0.45469180624999994 0.6075970390625 0.425023378125 0.6127718953125 0.43229602187499994 0.665309290625 0.41106847343749997 0.630257953125 0.3133143 0.60268701875 0.326908834375 0.5668295718749999 0.3327063015625 0.4464964734375 0.3376204953125
6 0.44794661874999997 0.4937927609375 0.433375990625 0.5018327515625 0.410152034375 0.5035551453125 0.3743408140625 0.515410728125 0.36348737343750004 0.5223034828124999 0.359708109375 0.5388068015624999 0.3592800421875 0.54958283125 0.3670827171875 0.5736384609375 0.3835093234375 0.5672719109375 0.3788627875 0.5579367375000001 0.3854537828125 0.5545772359375001 0.3776171828125 0.5318764109375 0.3949916859375 0.524323696875 0.41088318125 0.5176726015625001 0.4362785484375 0.5170789171875 0.446608015625 0.52019505 0.46524582187499997 0.5283897109375 0.45875366875 0.511552053125 0.45385359999999997 0.4852645 0.44794661874999997 0.4937927609375
5 0.65302733125 0.44606656562499997 0.6641090640625 0.47229285781249997 0.686599790625 0.462353203125 0.677385840625 0.435555871875 0.6562691921875 0.4399695125 0.65302733125 0.44606656562499997
2 0.5010751531250001 0.925219109375 0.586569503125 0.89417810625 0.6771076859375 0.861594996875 0.6753155515625 0.8517245062500001 0.4976017515625 0.915862634375 0.5010751531250001 0.925219109375
2 0.6959264078125 0.85645441875 0.741996146875 0.8406147953125 0.7701812625 0.8321695671875 0.8051504734374999 0.8233616484375 0.8400247078125 0.8183491999999999 0.8356368281250001 0.80399709375 0.7588573578125 0.8218212062499999 0.7180527125 0.8361796796875 0.6937916125 0.845462975 0.6959264078125 0.85645441875