4 0.546875 0.4443359375 0.578125 0.4443359375 0.576171875 0.3642578125 0.5634765625 0.35546875 0.5439453125 0.357421875 0.546875 0.4443359375
4 0.53515625 0.3447265625 0.4931640625 0.333984375 0.4580078125 0.33984375 0.4541015625 0.33203125 0.4248046875 0.326171875 0.3740234375 0.33203125 0.376953125 0.5224609375 0.48046875 0.5244140625 0.5361328125 0.521484375 0.541015625 0.5166015625 0.541015625 0.3583984375 0.53515625 0.3447265625
0 0.4560546875 0.23046875 0.45340144843749997 0.29856601718750003 0.4367406984375 0.299608353125 0.428410228125 0.311074240625 0.4775390625 0.3125 0.5002599875 0.331921246875 0.56640625 0.3505859375 0.56640625 0.2568359375 0.5679446078125 0.218304903125 0.5166015625 0.22265625 0.4560546875 0.23046875
5 0.3779296875 0.564453125 0.376953125 0.6201171875 0.404296875 0.6220703125 0.42578125 0.6162109375 0.423828125 0.5732421875 0.4072265625 0.564453125 0.3779296875 0.564453125
5 0.4228515625 0.533203125 0.421875 0.5576171875 0.4296875 0.5576171875 0.42578125 0.5439453125 0.4306640625 0.533203125 0.43359375 0.5634765625 0.44921875 0.5693359375 0.4951171875 0.568359375 0.49609375 0.5263671875 0.4423828125 0.525390625 0.4228515625 0.533203125
5 0.52734375 0.5576171875 0.5263671875 0.537109375 0.501953125 0.5400390625 0.5048828125 0.556640625 0.52734375 0.5576171875
5 0.5234375 0.5908203125 0.5283203125 0.607421875 0.55078125 0.6064453125 0.552734375 0.5947265625 0.5419921875 0.5859375 0.5361328125 0.591796875 0.5234375 0.5908203125
5 0.462890625 0.5869140625 0.4599609375 0.57421875 0.44140625 0.5712890625 0.4443359375 0.583984375 0.462890625 0.5869140625
1 0.578125 0.1513671875 0.5283203125 0.150390625 0.4404296875 0.162109375 0.4375 0.1708984375 0.455078125 0.1923828125 0.45131887812500004 0.2203895984375 0.47265625 0.2177734375 0.5615234375 0.208984375 0.560546875 0.1845703125 0.578125 0.1611328125 0.578125 0.1513671875
3 0.4326171875 0.19140625 0.365932175 0.1985002078125 0.3628082734375 0.21622018281250002 0.4501953125 0.208984375 0.455078125 0.2001953125 0.4521484375 0.19140625 0.4326171875 0.19140625
3 0.5625 0.1865234375 0.564453125 0.1943359375 0.572265625 0.1962890625 0.6262574234375 0.1985002078125 0.6241748546875 0.1755684578125 0.5693359375 0.177734375 0.5625 0.1865234375
2 0.3617670359375 0.1734837609375 0.365932175 0.19954256718750002 0.4267578125 0.193359375 0.44921875 0.1865234375 0.4345703125 0.169921875 0.3617670359375 0.1734837609375
2 0.5703125 0.1767578125 0.591796875 0.1767578125 0.6252160921875001 0.1755684578125 0.6262574234375 0.149509675 0.5888671875 0.15234375 0.5703125 0.1767578125
2 0.3669735078125 0.229770765625 0.4521484375 0.220703125 0.453125 0.2099609375 0.369140625 0.2177734375 0.3669735078125 0.229770765625
2 0.5673828125 0.208984375 0.580078125 0.2080078125 0.6252160921875001 0.207881375 0.623133521875 0.1943307921875 0.56640625 0.1982421875 0.5673828125 0.208984375