4 0.4609375 0.4560546875 0.466796875 0.3916015625 0.4638671875 0.38671875 0.3955078125 0.37890625 0.3134765625 0.3828125 0.30859375 0.4072265625 0.3125 0.5263671875 0.3046875 0.5830078125 0.3154296875 0.587890625 0.39453125 0.5869140625 0.4033203125 0.5703125 0.4560546875 0.572265625 0.462890625 0.5634765625 0.4609375 0.4560546875
5 0.5 0.4951171875 0.501953125 0.4560546875 0.4638671875 0.453125 0.462890625 0.4931640625 0.5 0.4951171875
5 0.21133865312500003 0.5593985828125 0.2502694578125 0.5603255078125 0.3105195125 0.5631062796874999 0.3114464359375 0.4945139375 0.2548828125 0.494140625 0.21484375 0.4951171875 0.21133865312500003 0.5593985828125
2 0.17578125 0.5615234375 0.17045039374999998 0.579124 0.1628877140625 0.6146102531250001 0.158233815625 0.6500965046875 0.1867391296875 0.6500965046875 0.1966287765625 0.593667546875 0.200119228125 0.5599265203125 0.18790265 0.559344778125 0.17578125 0.5615234375
6 0.2842414203125 0.47822296093750005 0.2909126796875 0.484961028125 0.294748890625 0.49263345000000003 0.3075362609375 0.49455155624999997 0.2985851015625 0.4798460984375 0.2939515296875 0.4663060078125 0.2934701546875 0.40887619218750004 0.30497878749999996 0.394810065625 0.283203125 0.3974609375 0.2833586828125 0.423934615625 0.2842414203125 0.45968547656250003 0.27497267812500004 0.4605682015625 0.2639384609375 0.47380926093750003 0.2630557234375 0.486167596875 0.26171875 0.4931640625 0.27673817968750003 0.4941122328125 0.276296784375 0.48440210937500006 0.280043415625 0.4708949203125 0.2842414203125 0.47822296093750005
1 0.1764094921875 0.558859759375 0.2012170765625 0.5602379578125001 0.2062704734375 0.509704003125 0.2076486734375 0.4936249984375 0.1669921875 0.494140625 0.15481770625 0.48214002031250003 0.1435546875 0.474609375 0.14103571406249998 0.47203321249999997 0.14149511406249998 0.48719340312500004 0.14057631406249999 0.500056609375 0.1401169140625 0.518432584375 0.138279315625 0.5464559671875 0.1355229171875 0.56253495625 0.13230711875 0.5753981484375 0.13671875 0.5751953125 0.1428733125 0.5735605500000001 0.1511425078125 0.56345375625 0.1607899015625 0.558859759375 0.1764094921875 0.558859759375
2 0.1519953140625 0.58331099375 0.158287059375 0.5601308859375 0.1519953140625 0.5627800374999999 0.1463658578125 0.5710586546875 0.1377561015625 0.5750323875000001 0.132788934375 0.5747012484375 0.13013977968749998 0.5816552828125 0.12550375625000001 0.6078156859375 0.119140625 0.6318359375 0.1175562890625 0.6475530234375 0.141067546875 0.6478841671875 0.142578125 0.6337890625 0.146697003125 0.60880911875 0.1519953140625 0.58331099375
3 0.15820249687500001 0.55987819375 0.15643979375 0.5686917031250001 0.1520330390625 0.5894034640625 0.1463042578125 0.6158439921875 0.142578125 0.6298828125 0.141897503125 0.6488946531249999 0.1577618203125 0.649775990625 0.16128722499999998 0.6215727609374999 0.169660059375 0.580589940625 0.1771515421875 0.5589968562500001 0.15820249687500001 0.55987819375
3 0.17417134375 0.3474630515625 0.156578278125 0.3457037453125 0.156578278125 0.3568460015625 0.16009689062500002 0.3797169859375 0.16478841093750002 0.430736875 0.1653748109375 0.47061450625 0.1640625 0.4892578125 0.16830702343749998 0.49407190781250004 0.1817950046875 0.493485490625 0.18355431093750002 0.4659230046875 0.1817950046875 0.4207674703125 0.18062213437500002 0.40317440624999995 0.17417134375 0.3474630515625
2 0.20056094062500002 0.37913056875 0.198801634375 0.363883228125 0.19586945625000002 0.3474630515625 0.1735849078125 0.3468765984375 0.1782763921875 0.3761983734375 0.1817950046875 0.4219403421875 0.18355431093750002 0.4500892453125 0.18355431093750002 0.47413311875 0.182381440625 0.493485490625 0.2058388609375 0.493485490625 0.2064252953125 0.46885519999999997 0.205078125 0.4326171875 0.202320246875 0.4014151 0.20056094062500002 0.37913056875
2 0.1334497390625 0.34923250625 0.1350105546875 0.364060278125 0.1381321875 0.3960569765625 0.14047341093750002 0.43351655312500004 0.141253865625 0.47253694375000005 0.1638856453125 0.4897059171875 0.1646661015625 0.4569287875 0.162109375 0.4013671875 0.1545207515625 0.344550059375 0.1334497390625 0.34923250625
5 0.216796875 0.6416015625 0.23046875 0.6416015625 0.2421875 0.6240234375 0.2353515625 0.6171875 0.2158203125 0.619140625 0.216796875 0.6416015625