4 0.47831786093749995 0.34153171250000003 0.4073931703125 0.3001303484375 0.390001246875 0.3179463328125 0.32838866875 0.419993565625 0.290987859375 0.4632413984375 0.2973376453125 0.47318708281250005 0.364209671875 0.5154498671875001 0.380622659375 0.5063134921875 0.42378567968749997 0.5366727203125 0.43430564531250004 0.5330247109374999 0.49117376406249996 0.44186939687500004 0.5311915359375 0.391005703125 0.5313938640625 0.385315009375 0.47831786093749995 0.34153171250000003
5 0.5026593703125 0.49590492812500003 0.5255723609375 0.4642081078125 0.49522642812499995 0.4410079765625 0.47260057812499995 0.4740556859375 0.5026593703125 0.49590492812500003
5 0.29761867343750004 0.3615855265625 0.263507215625 0.3405977046875 0.2255574375 0.39259960625 0.25770271875 0.4145802265625 0.3067181484375 0.449726909375 0.34485359843749996 0.39270537031249997 0.29761867343750004 0.3615855265625
2 0.1945792109375 0.375015709375 0.180522425 0.38687339062500004 0.1548526296875 0.41251573593749996 0.1316223453125 0.43974231562500005 0.1555289125 0.4552674234375 0.19455648125 0.4133284046875 0.2158605 0.386931834375 0.20593165624999998 0.37979031875 0.1945792109375 0.375015709375
6 0.32088191718750003 0.36508100468750004 0.33138064843750004 0.355793484375 0.3309102546875 0.36422569375 0.3328354296875 0.373510140625 0.331874046875 0.382034125 0.34155376249999997 0.3906072859375 0.3420558546875 0.3733991 0.345544275 0.3595198 0.3764190796875 0.311092928125 0.39373199375 0.3055641328125 0.3740256171875 0.295927465625 0.35973748125 0.3182148828125 0.3410064921875 0.3486788515625 0.3327523046875 0.3443710484375 0.31628663437500004 0.34946626875 0.308815475 0.35935006875000003 0.303883646875 0.3644896296875 0.315963590625 0.373465 0.32088191718750003 0.36508100468750004
1 0.17286409687499998 0.363215390625 0.1834571515625 0.3646168875 0.1965568421875 0.37312392656250004 0.2166116125 0.387790959375 0.24837251249999998 0.34816189531249997 0.258285621875 0.3354275296875 0.22390739375000002 0.3137168609375 0.2202330125 0.297021609375 0.2148885328125 0.2845715984375 0.21417902187500001 0.281039115625 0.2063074765625 0.2940037296875 0.1985311015625 0.30429130781249997 0.1881375421875 0.3194524890625 0.171333775 0.3419540484375 0.1602648203125 0.35393778125 0.150562028125 0.3629743125 0.1543724046875 0.36520694531250003 0.16042441093749998 0.367187934375 0.17286409687499998 0.363215390625
2 0.1647161359375 0.36699184375 0.1553311375 0.3656352875 0.151345671875 0.3626522578125 0.1453364640625 0.36704156875 0.1272003921875 0.38645657031249997 0.10878145312500001 0.40313603750000004 0.09889257968750001 0.41545460468749995 0.118430425 0.4285374734375 0.127374046875 0.41753904375 0.14443348125 0.3988324015625 0.16276429375 0.3803335421875 0.1806657859375 0.3643197984375 0.173946253125 0.3631148328125 0.1647161359375 0.36699184375
3 0.13140106093749998 0.43921644375 0.14971829375 0.41748329687499997 0.1790611875 0.38767238437499996 0.197104509375 0.3736430546875 0.1807324921875 0.36406181718749997 0.17445398437499998 0.3704934109375 0.15947773437499999 0.3854636640625 0.14027263125 0.40451843906249996 0.12950154375 0.4142629875 0.11857613593750001 0.429836965625 0.13140106093749998 0.43921644375
3 0.2565913078125 0.2593417390625 0.2353641890625 0.29310531093750003 0.22410972031249998 0.30802616718750003 0.22504753281249998 0.314375340625 0.2366788921875 0.3212296109375 0.2531659765625 0.2990719515625 0.2762839640625 0.26024314843749996 0.28488218125000003 0.24484957187499998 0.309814671875 0.1946127453125 0.29601807343750003 0.183555396875 0.289949565625 0.1929000796875 0.280444090625 0.21399767500000003 0.2565913078125 0.2593417390625
2 0.3096422515625 0.19380150937500001 0.297607078125 0.22094798437500002 0.27564517187500004 0.2612268015625 0.261789659375 0.28579264375 0.248694428125 0.30595753281250004 0.23717071875 0.3215490078125 0.2568437671875 0.334324834375 0.270750209375 0.3139875296875 0.28935701406250003 0.282862053125 0.3040379375 0.2551917328125 0.314699484375 0.235544165625 0.32152830312499997 0.2217984828125 0.328012240625 0.206430384375 0.3096422515625 0.19380150937500001
2 0.2703403578125 0.2332511390625 0.294920828125 0.181467225 0.27469894687499996 0.173918159375 0.26793217343750003 0.18720385625 0.25312354375 0.215738709375 0.23468511093750002 0.248430075 0.214087628125 0.2815803953125 0.2237173421875 0.30830565781249997 0.2422235921875 0.2812415109375 0.2703403578125 0.2332511390625
5 0.196830334375 0.4719598234375 0.2162322390625 0.46360005624999995 0.2142222578125 0.45414383750000004 0.196778225 0.445144384375 0.1853641359375 0.46451358593750003 0.196830334375 0.4719598234375