4 0.4522655609375 0.5274783796875 0.4623153578125 0.5412923546874999 0.6071789562500001 0.6049051000000001 0.637782159375 0.5553023609375 0.6934918703124999 0.4240585046875 0.6777769234375 0.4035962203125 0.6187190765625 0.382771246875 0.6061173453124999 0.3860090453125 0.5738495046875001 0.371241709375 0.5678263421875 0.3879531328125 0.519506115625 0.37065376250000004 0.46368698437500006 0.4930732296875 0.4522655609375 0.5274783796875
5 0.546398784375 0.753092853125 0.5104415640625 0.7378299187499999 0.498451228125 0.756080096875 0.4862408796875 0.7848458734375 0.5263111796875 0.8029156046875 0.546398784375 0.753092853125
0 0.72031890625 0.320868834375 0.7288350765625 0.299282453125 0.7171002093750001 0.29285498125 0.6554722796875 0.26597231875 0.6330899734375001 0.31142571874999997 0.6184329234375 0.32256582031250003 0.6152144749999999 0.3335431859375 0.60478014375 0.3428042390625 0.599375478125 0.3470185140625 0.5847619890625 0.3422617703125 0.5776467656250001 0.3573204828125 0.5743756375 0.371841440625 0.6041404203125 0.3851989984375 0.616712984375 0.3811346859375 0.67176816875 0.403057909375 0.6806243750000001 0.41115609218750004 0.7006695 0.36904370000000003 0.7119462734375 0.3441809390625 0.72031890625 0.320868834375
5 0.387226115625 0.6923731281250001 0.49037883437499996 0.7393702109375 0.5385309546875 0.6334963921875 0.558870459375 0.6410596171875 0.5776500328124999 0.5944926140625 0.46438478749999995 0.5464143703125 0.45717977187500003 0.5679218765625 0.4465105484375 0.5880133484375001 0.43576322031250003 0.5855923421875 0.387226115625 0.6923731281250001
1 0.7272246640625 0.29054155625 0.7349424546875001 0.2868477296875 0.7409754234375 0.287201053125 0.7440624453125 0.27308935624999997 0.7339782140625 0.266195634375 0.65616113125 0.23290753125000002 0.6557486359375 0.24257220156249998 0.6605895984375 0.2524168828125 0.660264190625 0.261497946875 0.7272246640625 0.29054155625
2 0.7279862421875001 0.290429796875 0.741331703125 0.29540756875 0.7580904765625001 0.3028647671875 0.762176096875 0.2956674921875 0.7669946953125 0.28431558749999997 0.742580059375 0.27223458906250003 0.7444667546875 0.27750120312500004 0.7415893984374999 0.2858983953125 0.7337031046875 0.286673103125 0.7279862421875001 0.290429796875
6 0.7477709578125 0.308048303125 0.7369654531250001 0.3030074203125 0.7289122015625 0.3000432375 0.7267648515625 0.306172128125 0.7453494984375 0.314287953125 0.7477709578125 0.308048303125
2 0.6595028515625 0.2608439890625 0.6610411171874999 0.253836178125 0.6561379281249999 0.24170021249999998 0.6559070421875 0.2351781859375 0.645883021875 0.22880144375000003 0.5128413046875 0.1723285859375 0.4900868703125 0.1693005453125 0.4750498375 0.172014834375 0.47554004843750003 0.179883615625 0.5211498953125 0.19876503750000002 0.6595028515625 0.2608439890625
6 0.5056854125 0.2010787046875 0.483133290625 0.19150589843750002 0.479078975 0.1897849421875 0.473611840625 0.18716521875 0.4601139609375 0.2140326359375 0.45036418593749994 0.23770615624999997 0.4576235515625 0.2255358125 0.4654734953125 0.21690574843750002 0.47579540624999994 0.212315484375 0.48507265781250003 0.2087771046875 0.4949715671875 0.2072969015625 0.5055329609375 0.2095405328125 0.526346984375 0.2179234875 0.65262545 0.2727755953125 0.655286340625 0.26650693125 0.595354065625 0.240636065625 0.5056854125 0.2010787046875
2 0.4457659109375 0.18518976874999998 0.4341874328125 0.19516963437499998 0.42398619374999996 0.20638280937500003 0.4165835015625 0.2216459703125 0.2712882765625 0.551443465625 0.21453066875000001 0.681185415625 0.23340286093749998 0.6895977359375001 0.24916141249999998 0.652663371875 0.365313646875 0.38906474062499996 0.40320718437499997 0.3040955359375 0.42408403437500003 0.258144159375 0.4386494140625 0.2246470015625 0.44615143437500004 0.2115300328125 0.4564466359375 0.2050679734375 0.4602982046875 0.1960704625 0.45549968593749995 0.1891756609375 0.45362941093750003 0.182440015625 0.4457659109375 0.18518976874999998
3 0.428427325 0.2447864890625 0.40197198749999996 0.307111359375 0.3431561171875 0.438044134375 0.3044361859375 0.5270829046875 0.2375858203125 0.6791234046875 0.23349429531250002 0.6893823296875 0.24109930937500001 0.6926425796875 0.2869738296875 0.586748625 0.3038972203125 0.54905925 0.3181584375 0.5176415984375 0.343401103125 0.460353246875 0.350947659375 0.44366449062499996 0.3732546046875 0.3943820734375 0.42756681093750004 0.2707898078125 0.4564699984375 0.20487784062499997 0.4447556140625 0.21285839375 0.44025198593750003 0.22019882656249998 0.428427325 0.2447864890625
3 0.45687880468750003 0.1914155359375 0.4604842140625 0.1968238578125 0.462727984375 0.19153786875 0.465032371875 0.18610907031249999 0.466890709375 0.181333915625 0.46881377031250004 0.17759787031250002 0.4637179734375 0.1772894765625 0.46023682343749994 0.178340875 0.4570845421875 0.180206334375 0.45405764218750005 0.18296802031249998 0.45484488437500004 0.186674246875 0.45687880468750003 0.1914155359375