4 0.54296875 0.3232421875 0.5361328125 0.3125 0.5263671875 0.310546875 0.5205078125 0.3203125 0.4755859375 0.328125 0.4306640625 0.322265625 0.3671875 0.3330078125 0.37109375 0.4833984375 0.3828125 0.4912109375 0.541015625 0.4873046875 0.546875 0.4755859375 0.546875 0.4072265625 0.54296875 0.3232421875
0 0.3747505203125 0.23694172343750003 0.3787102828125 0.3285106 0.41038851718749997 0.3235609171875 0.434147159375 0.3225710046875 0.44602651406250005 0.32504581250000003 0.4410767765625 0.23496184687500002 0.3747505203125 0.23694172343750003
4 0.548828125 0.4111328125 0.541015625 0.3193359375 0.5093829140625 0.322076021875 0.4796846296875 0.3265307234375 0.45543100000000003 0.3265307234375 0.430682384375 0.322076021875 0.41187341093749996 0.32504581250000003 0.3787102828125 0.32900554843749996 0.36435609375 0.3324703203125 0.373046875 0.4873046875 0.3779296875 0.4921875 0.4482421875 0.490234375 0.4501953125 0.53125 0.49609375 0.5302734375 0.498046875 0.4931640625 0.5361328125 0.490234375 0.546875 0.4755859375 0.548828125 0.4111328125
5 0.5397714812500001 0.3180560125 0.545964571875 0.310314753125 0.545964571875 0.2997866515625 0.536055653125 0.2935936375 0.531410834375 0.29730944843749996 0.519953640625 0.3000963015625 0.516547475 0.3047410484375 0.4990234375 0.30078125 0.4873046875 0.2890625 0.4775390625 0.2890625 0.47164769375000004 0.30040595 0.468551146875 0.30071560937499997 0.458951890625 0.2994769921875 0.445946425 0.3000963015625 0.4462560875 0.32548762343750004 0.4645256546875 0.32548762343750004 0.4772214578125 0.32641657031250004 0.4908462078125 0.3230104296875 0.5066385546875 0.321152525 0.519643978125 0.3214621640625 0.5252177437500001 0.31217265781250003 0.5397714812500001 0.3180560125
1 0.4549136890625 0.1724091953125 0.40252648437499994 0.1718577546875 0.35592946875 0.17406351250000002 0.356957421875 0.1831320703125 0.375 0.2021484375 0.374692128125 0.22933067343750002 0.431640625 0.2275390625 0.441056959375 0.2272437515625 0.44140625 0.1962890625 0.4535350734375 0.1817836421875 0.4549136890625 0.1724091953125
2 0.3566796 0.1752142125 0.3525390625 0.17578125 0.345631665625 0.1757372421875 0.345703125 0.1884765625 0.345631665625 0.19353065625000002 0.345631665625 0.199719671875 0.37425616875 0.1999130703125 0.37212866093749997 0.19759219374999998 0.3665198078125 0.1923702140625 0.3566796 0.182298609375 0.3566796 0.1752142125
3 0.365939590625 0.2002998890625 0.345631665625 0.2004932953125 0.345631665625 0.20997021875000002 0.34582509375 0.2171262703125 0.360524140625 0.2167394515625 0.374642984375 0.2163526390625 0.37502979999999997 0.2047482390625 0.37425616875 0.2002998890625 0.365939590625 0.2002998890625
2 0.3459497671875 0.21712596093749997 0.3459497671875 0.2254605484375 0.3458108515625 0.2301834828125 0.35470118125 0.2301834828125 0.374843315625 0.22976675468750002 0.37498223125 0.22434926875 0.37498223125 0.2169870515625 0.3459497671875 0.21712596093749997
3 0.5048188421875001 0.1719887765625 0.47928888125 0.17237558749999998 0.47909546562500005 0.19751844999999998 0.44080053750000003 0.198098675 0.44118735468750003 0.21473165 0.484375 0.2138671875 0.64371601875 0.2104767 0.6435226296875001 0.1944239484375 0.504625428125 0.19732505 0.5048188421875001 0.1719887765625
2 0.45472596718749997 0.1803052609375 0.4460225734375 0.1907492203125 0.4402203078125 0.19867889218749998 0.45491938125000003 0.1982920796875 0.47967568437499997 0.19790526875 0.47928888125 0.17295580625 0.4556930125 0.1737294359375 0.45472596718749997 0.1803052609375
2 0.6025390625 0.169921875 0.5927734375 0.169921875 0.5224609375 0.171875 0.5127783234375001 0.1717953671875 0.5048485765625 0.1719887765625 0.5042683328125 0.1967448328125 0.5868538703125 0.195197571875 0.643329215625 0.1942305359375 0.6431358015625 0.16889426875 0.61934651875 0.1694744859375 0.6025390625 0.169921875
2 0.480224190625 0.21415143125 0.44154245937500003 0.2145382375 0.4417973125 0.228270109375 0.5452709859375 0.22594923281249998 0.6442962624999999 0.22420857187499998 0.644102846875 0.21086351093750003 0.556620646875 0.212410771875 0.480224190625 0.21415143125
5 0.5546875 0.4208984375 0.556640625 0.4091796875 0.5478515625 0.40625 0.546875 0.4208984375 0.5546875 0.4208984375