0 0.41227498906250004 0.6535394078125 0.39216064687499996 0.702086359375 0.452851415625 0.72766878125 0.475879546875 0.67289165625 0.44946135624999994 0.6655169015625 0.41608948593750006 0.6455838234375 0.41227498906250004 0.6535394078125
4 0.5111075328125 0.6499321765625 0.5197451875 0.6116368953125 0.5559301109375 0.541303725 0.5768788859375 0.482874340625 0.568341825 0.456244815625 0.5753765453125 0.43423759687499996 0.563069653125 0.42706448124999996 0.4424355828125 0.3758483171875 0.43194191093749995 0.3713486125 0.4230842734375 0.389214615625 0.333439115625 0.60647151875 0.3507843828125 0.6174563171874999 0.37955385 0.622894528125 0.386371690625 0.6085641046875 0.4002756109375 0.6106757578125 0.4025062515625 0.6056915625 0.41228050781250003 0.610127428125 0.400508515625 0.6367925375000001 0.45056076718750004 0.6641838250000001 0.4962210015625 0.6762616765625 0.5111075328125 0.6499321765625
1 0.4328876265625 0.774137878125 0.43677107187499997 0.7645504437499999 0.4490984046875 0.735061896875 0.40275930468750004 0.7135991296875 0.388078103125 0.7090770265625 0.3691185921875 0.7485978921875 0.3466540265625 0.7583805390625 0.4410622109375 0.7960794812499999 0.4328876265625 0.774137878125
3 0.5021457671875 0.7905260703125 0.5091610921874999 0.7821411656249999 0.513091503125 0.772289728125 0.498692896875 0.77432906875 0.47060975000000005 0.7681614156250001 0.45223893437499996 0.7607715796875001 0.43930041875 0.757246434375 0.43490947343749997 0.77084863125 0.4559018078125 0.7815846359374999 0.5021457671875 0.7905260703125
2 0.4350702953125 0.7828341156249999 0.44190073906249994 0.79689026875 0.4577834921875 0.8037599078125 0.48468540000000004 0.8090308390625 0.493804940625 0.8052749703125001 0.506434371875 0.7910526453125 0.476141134375 0.785157503125 0.44617684999999996 0.7765832734375 0.4409476375 0.7748534171875 0.4343075890625 0.7713186249999999 0.4350702953125 0.7828341156249999
2 0.323734165625 0.74732693125 0.347789484375 0.757996740625 0.3703056078125 0.7482684890625 0.3715632875 0.744013665625 0.362547284375 0.7395997000000001 0.28064757500000004 0.7060276578125 0.27055336093750004 0.7253647640625001 0.28808329062500004 0.7322938515625 0.299863234375 0.7381494953125001 0.323734165625 0.74732693125
2 0.30354594375 0.673641634375 0.29768370625 0.6690746859375001 0.2943107546875 0.6785813562499999 0.2880537265625 0.6936129125 0.3044527875 0.700770596875 0.3217094421875 0.706931246875 0.33742861562500004 0.7136380156250001 0.376707653125 0.7320560671874999 0.3894636890625 0.70900399375 0.349493659375 0.69207395625 0.3324769421875 0.68510475625 0.3163511546875 0.6787155109375 0.3094191796875 0.6752923171874999 0.30354594375 0.673641634375
3 0.3441958203125 0.7168520625 0.33136683906250003 0.7114939812500001 0.326258078125 0.7096005703125 0.3182729234375 0.705950665625 0.31262228125 0.7047133031249999 0.29851303906250004 0.6986049750000001 0.28752528437499997 0.694058259375 0.281871315625 0.7064455640625 0.29434834374999996 0.7114200609375 0.3116352546875 0.718362134375 0.3183072828125 0.721697225 0.323941596875 0.722856665625 0.3258235234375 0.7245878968749999 0.34295482499999996 0.7306992109375 0.37116722343749997 0.7440317796875 0.37719032656249996 0.7323782984375 0.3656735875 0.7270627109375 0.35197699375 0.71992796875 0.3441958203125 0.7168520625
6 0.3942018234375 0.6105211296874999 0.3907784453125 0.62143671875 0.3877509984375 0.6310128453125 0.38515574531249996 0.6427241390625 0.3892362609375 0.6453072718749999 0.39707700625000003 0.647426725 0.40543389531249996 0.6509976187500001 0.41216671250000003 0.654600453125 0.416050265625 0.64559213125 0.4003884484375 0.637422778125 0.41019529062500004 0.6141042999999999 0.41158308593750004 0.6103418281249999 0.4031940578125 0.6051475703125 0.4013823484375 0.6104774109375 0.3942018234375 0.6105211296874999
5 0.5375996234375 0.5784088765625001 0.53542303125 0.5801094171875001 0.534946978125 0.5839865515625 0.53943635625 0.587489465625 0.5471906234375 0.5884415703125 0.5504555125 0.585890759375 0.5518836687500001 0.574259359375 0.5463059953125 0.5716067140625001 0.5435171578125 0.5702803921874999 0.54025226875 0.572831203125 0.5375996234375 0.5784088765625001
2 0.45724087343750003 0.7644175109375 0.47333002031250004 0.7692308156250001 0.5085935609375001 0.7745783312500001 0.5117889390625 0.7739529765625 0.5140392281249999 0.7642969328125 0.5164675203125 0.7560816640625 0.48333250312500003 0.7484659312499999 0.46102947812500006 0.7393423828125 0.44987801406249994 0.73478061875 0.43974680624999996 0.756593871875 0.45724087343750003 0.7644175109375
5 0.5866048375 0.4437287875 0.6047991328125 0.3997196390625 0.569156496875 0.3855043109375 0.552695859375 0.39135436874999996 0.547662953125 0.4163177109375 0.5866048375 0.4437287875