4 0.3391773171875 0.4712709734375 0.3500980828125 0.46762365624999996 0.38961241874999997 0.45779641875 0.3964563734375 0.47647429218750004 0.3870373078125 0.47899812343750003 0.4044030890625 0.5370801968750001 0.5037912953125 0.5141493046875001 0.5176878453125 0.509414721875 0.5191184921875001 0.495888228125 0.4800539890625 0.35384222187500003 0.3261411015625 0.39436195625 0.29537301718750003 0.4033273390625 0.31461399375 0.4724444859375 0.33791539843749996 0.4665614296875 0.3391773171875 0.4712709734375
0 0.234588959375 0.49822603125000003 0.2795373109375 0.48618215625000005 0.31516752187499997 0.47532119375 0.3111378765625 0.4553788984375 0.306290990625 0.4356555828125 0.2960869609375 0.4024770875 0.22030236718750001 0.4236594328125 0.2251435015625 0.46134061718749997 0.234588959375 0.49822603125000003
6 0.3324964125 0.5125300703125 0.33387747968750003 0.510137990625 0.33815613437500003 0.511013553125 0.3395372015625 0.5086214734375 0.34519692343749997 0.5071049546874999 0.347589003125 0.5084860234375 0.35434629375000004 0.5207674812499999 0.36050053437499996 0.5249811734375001 0.3787388421875 0.5242818890625001 0.3799951375 0.52897045 0.399893471875 0.5219636453125001 0.391057959375 0.4970304828125 0.38700683593749996 0.4819114796875 0.3940256890625 0.4721475203125 0.3910401265625 0.45937076718750003 0.3844435109375 0.45763465312499996 0.36758054375000004 0.4617151125 0.36755907187500003 0.4665384296875 0.3701360078125 0.4794246578125 0.355804925 0.48151283749999996 0.353505640625 0.47293178906250005 0.34293229531249997 0.47269918125 0.338005534375 0.46689782500000004 0.32185856562500004 0.4712243921875 0.32146265625 0.47782032812499997 0.311214678125 0.481287359375 0.3074530828125 0.468594478125 0.3028795984375 0.4699152765625 0.2972198765625 0.47143179531249996 0.29514827499999996 0.4750199140625 0.3074654453125 0.5172150734375001 0.3244446109375 0.5126655203125 0.326836690625 0.5140465890625 0.3324964125 0.5125300703125
1 0.18990127343750002 0.50941870625 0.19765788906249998 0.5003072109375 0.2258591640625 0.494474515625 0.2186380140625 0.4611463734375 0.213636290625 0.42697826718750004 0.18998263437500001 0.4334391421875 0.17677661718749998 0.43697768437500006 0.1706113890625 0.436607628125 0.1562589109375 0.42832122031250003 0.1484973375 0.42768159375000003 0.16243631875 0.4922054078125 0.1754838390625 0.5291063796875 0.18990127343750002 0.50941870625
2 0.14889764375 0.4272606296875 0.1568350609375 0.4275413203125 0.1706113890625 0.436607628125 0.173188496875 0.43490608281250004 0.1705661359375 0.4272122140625 0.14889764375 0.4272606296875
3 0.180549765625 0.435966671875 0.1843229125 0.4349556609375 0.1866334953125 0.4337530625 0.18828108906250002 0.43086203437500004 0.1867645703125 0.4252023125 0.1711664734375 0.4273597859375 0.17302584375000002 0.43622944375 0.1761131375 0.437273846875 0.180549765625 0.435966671875
2 0.1858864796875 0.4255703546875 0.1873624625 0.43303423125 0.2133374890625 0.42633621406250005 0.21241586093749998 0.418985778125 0.1858864796875 0.4255703546875
5 0.4871361671875 0.368982271875 0.49370774375000004 0.39350773125 0.49420316093750005 0.3962648609375 0.4991824375 0.395073828125 0.50056350625 0.3926817484375 0.5232023921875 0.3866156765625 0.5255944718750001 0.3879967453125 0.5331407671874999 0.3859747203125 0.5338313015625 0.38477868125 0.5352123703125 0.38238660156250004 0.5245967453125 0.34276855 0.5234007046875 0.342078015625 0.483782653125 0.35269364062499997 0.4817110515625 0.3562817609375 0.48474408750000003 0.367601203125 0.4871361671875 0.368982271875
3 0.3177787578125 0.7040011890625 0.29617036875 0.695694659375 0.2845729671875 0.685293046875 0.270167375 0.6797553609375 0.2561180421875 0.661394103125 0.24146089218750003 0.6339980859375001 0.227776128125 0.589501953125 0.20489815 0.497544071875 0.1906499046875 0.501361878125 0.21103162812499998 0.584003603125 0.2211634734375 0.6218161640625001 0.23132168125 0.651862078125 0.256524390625 0.6855495078125 0.258546415625 0.6930958031250001 0.2502600078125 0.7074482828125 0.2562838125 0.7134304703125001 0.26805685625 0.7179114859375 0.275561046875 0.697692790625 0.30264951562500003 0.7045309359374999 0.3177787578125 0.7040011890625
2 0.1913552921875 0.510570515625 0.1756991265625 0.5288620500000001 0.1924098953125 0.59780358125 0.2024342453125 0.6374070046875 0.21360240468749997 0.6687420875 0.227214771875 0.68935895 0.24918854218750003 0.7088707546874999 0.256008396875 0.6970583734375 0.261556625 0.69146025625 0.241101859375 0.6699228421875 0.23132168125 0.651862078125 0.21992062343750002 0.6215618484375 0.21268622812500002 0.5923705546875 0.20266184375 0.552767140625 0.1913552921875 0.510570515625
2 0.225850546875 0.49561020781250004 0.2040237078125 0.49871609687499996 0.2093484828125 0.51543809375 0.21607323906250003 0.5389600578125 0.22425455 0.5726433609375 0.23346269375 0.608583884375 0.24376742031249998 0.6391658203125 0.2562935359375 0.6607112765625 0.26621001093749996 0.6740925828125001 0.2718361890625 0.6793381078125 0.2827926796875 0.6839994828125 0.2754782453125 0.6724532953125 0.272003790625 0.6657871156249999 0.26428041874999997 0.6416885999999999 0.251829521875 0.5952212203125 0.22929805625 0.5079823125 0.225850546875 0.49561020781250004
6 0.6323838109375 0.6110596546875 0.6995441671875 0.591205596875 0.7855459875 0.5653737765625 0.7813104828124999 0.5530348140625 0.606589825 0.60496183125 0.5225232234375 0.62934590625 0.4613156140625 0.6471402859375 0.38039960625 0.671144721875 0.3319645 0.6845875140625 0.3152594328125 0.6881343609374999 0.2981747859375 0.6885306265625 0.3102359125 0.6936619609375 0.3253314921875 0.6979802171875 0.3417503375 0.6968331203125 0.4130133265625 0.67495055625 0.4608988 0.661190478125 0.5383468453125 0.6381152250000001 0.6081081765625 0.6175642921875 0.621662621875 0.614396978125 0.6323838109375 0.6110596546875
2 0.380534675 0.7115302 0.46610298281249996 0.6858145671875 0.611462196875 0.6422194859375 0.644291553125 0.6329582984375001 0.752602665625 0.600219459375 0.796269359375 0.5880544140625 0.79142205 0.571697778125 0.7089732093750001 0.5951837296875 0.5576612125 0.6408384703125 0.496887096875 0.658516696875 0.44891662656250003 0.673693428125 0.3812065875 0.6932301296875 0.345257746875 0.7047210328125 0.32895506406249997 0.70630165 0.31267515 0.702765325 0.291657940625 0.7023568499999999 0.277679915625 0.6986255109374999 0.27441227343749997 0.701523096875 0.2687029734375 0.7141740296875 0.26707330625000003 0.7163781515625 0.2799728390625 0.722275409375 0.2978141203125 0.7253320296875 0.3113044828125 0.7260122640625 0.323166259375 0.7245789359375 0.34120292343749997 0.7225337281249999 0.380534675 0.7115302