4 0.4990234375 0.548828125 0.51171875 0.5380859375 0.5049116296875 0.502909434375 0.4892578125 0.48828125 0.4651023125 0.4631275875 0.44920793281250004 0.477483571875 0.4345703125 0.484375 0.4189575203125 0.4995302953125 0.40203773906249995 0.47440729687500005 0.3779296875 0.443359375 0.3388671875 0.439453125 0.3310546875 0.427734375 0.3076171875 0.4375 0.259765625 0.4736328125 0.306640625 0.5439453125 0.30859375 0.5615234375 0.3324609375 0.594256078125 0.351242684375 0.6207210171875001 0.3734393421875 0.6480396609375 0.41796875 0.6162109375 0.466796875 0.5791015625 0.46484375 0.5712890625 0.4775390625 0.5546875 0.4990234375 0.548828125
0 0.3683170046875 0.6454785203125 0.3273386578125 0.594256078125 0.314083715625 0.6204395484375 0.30862152656249997 0.634343090625 0.2991869078125 0.6492397390625 0.2748554796875 0.6666191343750001 0.283203125 0.6767578125 0.28677290625 0.6830054234375 0.302734375 0.6689453125 0.31904929531250004 0.659170809375 0.3334495625 0.6492397390625 0.3683170046875 0.6454785203125
3 0.15408348593750001 0.5324873203125 0.1422971796875 0.539222275 0.16796875 0.5751953125 0.1843910953125 0.5987143781250001 0.20235113125 0.618357971875 0.21469870625 0.636317834375 0.22760747343749999 0.6525939828125 0.24332254843749998 0.6778500546874999 0.257915084375 0.672798840625 0.23658751093750002 0.639685315625 0.1709210203125 0.555498415625 0.15408348593750001 0.5324873203125
2 0.268017621875 0.6699926015625 0.1984224015625 0.5700908234375001 0.16586975312500002 0.5229461453125 0.155205984375 0.5308035890625 0.17578125 0.5615234375 0.20459617031250002 0.599275603125 0.2416387796875 0.6475427687499999 0.25959885312500003 0.6739213281249999 0.268017621875 0.6699926015625
2 0.279803928125 0.6868299765625 0.272507659375 0.692442434375 0.2921514640625 0.7193822375 0.31179530781250003 0.745760834375 0.317969075 0.7401483578125 0.30449903906250003 0.7205047640625 0.290467734375 0.7036673703125 0.279803928125 0.6868299765625
3 0.2722743484375 0.6924027421875001 0.2616117375 0.6996532578125 0.269715325 0.7077567734375 0.2799514453125 0.7214047921875 0.2914670921875 0.7350528265625 0.3017032421875 0.7529658515625 0.31108638437499997 0.7461418640625 0.2931731375 0.72055179375 0.28037796406250004 0.703918265625 0.2722743484375 0.6924027421875001
1 0.2641707609375 0.6719307062500001 0.258199678125 0.67278371875 0.2451171875 0.677734375 0.240234375 0.6826171875 0.2334624 0.6864317234375 0.221093715625 0.6924027421875001 0.233888859375 0.706903775 0.25265514375000003 0.7341998281250001 0.25947920468749996 0.713301278125 0.26502376875 0.7009327562500001 0.27056833281250003 0.6936822406250001 0.27909843749999996 0.6864317234375 0.2684357984375 0.670224709375 0.2641707609375 0.6719307062500001
2 0.1447492265625 0.540141940625 0.12512999375 0.5550694640625 0.13451310625 0.5648789828125 0.1455078125 0.58203125 0.1665010234375 0.611367596875 0.1912383609375 0.645914165625 0.2215202046875 0.6936822406250001 0.2330358515625 0.6842992421874999 0.24583102499999998 0.6783282093749999 0.224505775 0.6471936640625 0.1984889109375 0.613500078125 0.17417812187499998 0.58151251875 0.1640625 0.5673828125 0.1549853765625 0.55293696875 0.1447492265625 0.540141940625
2 0.2816635578125 0.7218541296875001 0.2657552296875 0.7020894296875 0.25900623125 0.7155872671875 0.25177517968749996 0.735834021875 0.26864764375 0.7599373046875 0.2758786953125 0.7729530859375 0.301910521875 0.7531883859375 0.29178705625 0.7353519578125 0.2816635578125 0.7218541296875001
5 0.44183886875 0.46504332656249997 0.42578125 0.4443359375 0.40599634843750004 0.4216554375 0.3783283921875 0.44177736406249996 0.40285225625 0.475733096875 0.4173150484375 0.497741446875 0.43052016875000004 0.48830931250000004 0.44624054687500003 0.48013475000000005 0.44183886875 0.46504332656249997
5 0.7275390625 0.384765625 0.716796875 0.3974609375 0.7241776093750001 0.406564003125 0.735496309375 0.41348091875000004 0.7505879375 0.399647109375 0.74241324375 0.39147255937500003 0.7353515625 0.384765625 0.7275390625 0.384765625
0 0 0.1435546875 0.021484375 0.1455078125 0.0537109375 0.12109375 0.0810546875 0.126953125 0.091796875 0.1201171875 0.064453125 0.0634765625 0.068359375 0.0361328125 0.056640625 0.0205078125 0.0595703125 0 0 0.0009765625 0 0.1435546875