4 0.4113533828125 0.44118587031249995 0.4064705703125 0.45778743281249995 0.4628244546875 0.6090868609375 0.4875252578125 0.6013421203125 0.516420134375 0.66814755 0.5314705703125 0.6628655578125 0.6132452546875 0.63575231875 0.5373299453125 0.42849055781249995 0.5195252609375001 0.400060640625 0.4113533828125 0.44118587031249995
0 0.6019880015625 0.659381040625 0.6183411249999999 0.6541730203125 0.6121295140624999 0.6346714078125 0.516071715625 0.6690431984375 0.485161928125 0.600792909375 0.4584497578125 0.6107063546875 0.4702794234375 0.63587126875 0.48325393125 0.6347274140625 0.501953125 0.6826171875 0.5076764500000001 0.697639684375 0.54202066875 0.6865823640625 0.568359375 0.7646484375 0.6102279687500001 0.74863593125 0.63241244375 0.7384986609374999 0.615234375 0.6943359375 0.6019880015625 0.659381040625
5 0.4775390625 0.375 0.3935546875 0.40625 0.388671875 0.4111328125 0.390625 0.4228515625 0.3984375 0.4404296875 0.40625 0.4423828125 0.5009765625 0.408203125 0.52109008125 0.3984963328125 0.511270296875 0.373510825 0.4775390625 0.375
2 0.6897231875000001 0.7482869640625001 0.6821524640625001 0.7300762265625 0.6398124828125 0.74436464375 0.649626375 0.76257538125 0.6897231875000001 0.7482869640625001
2 0.530302271875 0.8072036171875 0.572265625 0.7900390625 0.5722231812499999 0.77251 0.5231037734374999 0.791549165625 0.530302271875 0.8072036171875
1 0.570952846875 0.793241546875 0.6505601953125 0.7644712328125001 0.639550659375 0.7492398890625 0.5722231812499999 0.7742023828125 0.570952846875 0.793241546875
5 0.66015625 0.6962890625 0.66032223125 0.69338048125 0.653491078125 0.6937983703125 0.653491078125 0.6979772468750001 0.64498699375 0.6979772468750001 0.64453125 0.7041015625 0.6491693265625 0.7038276796875 0.64902990625 0.7112103671875001 0.6494140625 0.71484375 0.6583704734375 0.7151106578124999 0.6585098921875 0.7114889578125 0.6625528171874999 0.71162825625 0.662413409375 0.705638525 0.660043415625 0.7060564140625 0.66015625 0.6962890625
5 0.501953125 0.3251953125 0.505859375 0.3154296875 0.4970703125 0.310546875 0.4921875 0.3193359375 0.501953125 0.3251953125
5 0.5068359375 0.34375 0.50390625 0.3466796875 0.50390625 0.3505859375 0.5087890625 0.35546875 0.51171875 0.3544921875 0.515625 0.3525390625 0.515625 0.3466796875 0.5126953125 0.34375 0.5068359375 0.34375
6 0.6735290421875 0.72857913125 0.6696851359375 0.7167077921875 0.630896540625 0.730324934375 0.6350898859375 0.7411488125 0.6735290421875 0.72857913125
6 0.53360839375 0.78092359375 0.5685779656250001 0.765651534375 0.5647567859375 0.75570155625 0.5220290640624999 0.7724776828125 0.5238817578125 0.78092359375 0.53360839375 0.78092359375