4 0.570900809375 0.5251241906249999 0.535003459375 0.52598905 0.5367912390625 0.4722812328125 0.45138569687499996 0.46041791718749997 0.4582023390625 0.37725929687500004 0.4301514125 0.3685836359375 0.34460766249999997 0.3598053875 0.33830822656250004 0.37621598125 0.33972591093750004 0.3997730609375 0.3154375484375 0.5693224765625 0.32820134375 0.5742220390624999 0.3524583609375 0.5709809546875 0.37980935 0.581480015625 0.42777055624999993 0.5873381171875 0.41449846093750004 0.6627885203125 0.41815416406250006 0.677790334375 0.531187109375 0.6939825749999999 0.5522208515625 0.6936883515625001 0.5593673375 0.68597123125 0.57931786875 0.5304472765625 0.570900809375 0.5251241906249999
0 0.4354178703125 0.687188640625 0.41227825312500005 0.6985476640625 0.3885740625 0.6894484765625 0.3341306859375 0.6350763421875001 0.3033915015625 0.58980339375 0.2757462890625 0.5582705906250001 0.24500710468750003 0.5129976421875 0.224576378125 0.492115525 0.20557815625 0.4726920828125 0.20115775 0.498564978125 0.1878789359375 0.5403362390625001 0.216929734375 0.5680296031250001 0.33081373125 0.709117965625 0.438282796875 0.7943051546875 0.44548515312500003 0.8002292093750001 0.46362701093750003 0.80609043125 0.5158419171874999 0.8157089921875 0.5388849828125 0.8167832171875 0.5428563125 0.7791586421875001 0.55467639375 0.7009867921875 0.4354178703125 0.687188640625
6 0.5951187515624999 0.53532970625 0.590437284375 0.556139803125 0.5886343546874999 0.5708867843750001 0.591339046875 0.58681266875 0.5804136515625 0.6813184296875 0.5788646984375 0.6867891765625 0.5718091921874999 0.6879405875 0.56242500625 0.6865439046875 0.559034853125 0.7039899625 0.558685209375 0.7149985078125 0.5732643921875 0.7171717015625 0.58637995625 0.7188979015625 0.593459096875 0.7116103125000001 0.6098115546875 0.5889410500000001 0.613420946875 0.5666165999999999 0.6145590296875 0.55216581875 0.616546428125 0.536938275 0.5951187515624999 0.53532970625
1 0.1543721578125 0.43845662343749997 0.1486556078125 0.43543903281249996 0.14323711249999999 0.43552814375000004 0.1313546859375 0.440410834375 0.13468514843749999 0.47359995 0.1238045359375 0.5091236359375 0.1391756796875 0.515024065625 0.14948225625 0.5140178390625 0.16466894062499998 0.520398871875 0.18089295625 0.5326920234375 0.18572766406250002 0.522968596875 0.1898209375 0.50799805 0.19417176875 0.49092076249999994 0.1980074828125 0.47805691718750004 0.1987035390625 0.46619343750000003 0.1783408828125 0.4517602015625 0.1543721578125 0.43845662343749997
2 0.15741611875 0.5171473828125001 0.14864171406249999 0.5142733390625 0.1435105984375 0.5147742640625 0.1399655796875 0.527869175 0.1369993765625 0.5362397 0.1319134484375 0.5462724999999999 0.12748108125 0.5539593765624999 0.12366956093749999 0.5600289093749999 0.1397804375 0.5701662609375 0.155064740625 0.5824569125 0.155328296875 0.579840421875 0.1578751046875 0.5751356609375 0.1621421515625 0.5678794593750001 0.16927104843750002 0.557027684375 0.173868725 0.5489101609375 0.1790449984375 0.5392853171875001 0.181497725 0.5327194953125 0.17245085625 0.5268716421875 0.1649989765625 0.520552303125 0.15741611875 0.5171473828125001
3 0.1144687328125 0.5526332546875 0.1240263421875 0.5595615484375001 0.12813119687500002 0.5525811375 0.1335451875 0.5432512171874999 0.13798952343749998 0.5327342296875 0.14236264999999998 0.5216245953125 0.143120565625 0.5145037203125 0.1398266609375 0.51472168125 0.1345458078125 0.5136827890625 0.12477792968750001 0.5101803031250001 0.1228783890625 0.5183453046875 0.1159507109375 0.5344626078125 0.1120882625 0.541329909375 0.1080785671875 0.5475319703125 0.1144687328125 0.5526332546875
3 0.12024504843749999 0.3929471453125 0.12929270625 0.4125541484375 0.1330244453125 0.42967238906249994 0.1324586890625 0.43931481562499997 0.1461176234375 0.43290570937500006 0.1520644578125 0.4360848078125 0.148689109375 0.4110364546875 0.1440888671875 0.3985146609375 0.1388577328125 0.3853024828125 0.12024504843749999 0.3929471453125
2 0.1634926015625 0.3768003140625 0.154312415625 0.3811875375 0.1388513046875 0.38632563124999997 0.14751264687500001 0.4142187609375 0.14972339375 0.4309848875 0.1525487578125 0.43775668593750006 0.1737296109375 0.447979334375 0.186484721875 0.45616717500000004 0.19656067500000002 0.46379329843750006 0.1967084 0.449105765625 0.195965496875 0.4352327984375 0.19285735937499998 0.41698264375000005 0.18833482968749998 0.397900446875 0.1846098859375 0.3857738140625 0.17892666875000002 0.3697152859375 0.1634926015625 0.3768003140625
6 0.2894330046875 0.4735649859375 0.28354698125 0.49245368437500003 0.2688667296875 0.505880246875 0.2469687109375 0.5106125109375 0.2723759046875 0.5507005796875 0.2813535078125 0.5268026375 0.2902978640625 0.509462334375 0.29278472031249997 0.4989322859375 0.3018649765625 0.4848223734375 0.313060296875 0.47665647031249997 0.327990540625 0.47212362187499995 0.33038772656250004 0.45251575 0.31997451250000003 0.45291739062499997 0.303373503125 0.4560757265625 0.2894330046875 0.4735649859375
6 0.50278481875 0.45373985 0.5133461625 0.45486140312499995 0.5249395953125 0.45711225468750005 0.542822675 0.46397692656249995 0.5453217546875 0.451739634375 0.52935471875 0.4456104640625 0.5022759546875 0.442295415625 0.48892817656250004 0.4440219328125 0.47935269218750004 0.44987706406249994 0.46171961406250006 0.45190610937500003 0.46134083593749997 0.45900913593750003 0.489085709375 0.4646104203125 0.492764990625 0.4550255640625 0.50278481875 0.45373985
5 0.5005551406250001 0.3841026546875 0.5190519609375001 0.371273759375 0.509792534375 0.357313396875 0.5005284265625 0.3432968390625 0.47136294218749997 0.3456997796875 0.4654959359375 0.380059046875 0.5005551406250001 0.3841026546875
5 0.5964283984375001 0.5349233140625 0.6320493359375 0.5402285906250001 0.6271143234375 0.5509533796875 0.6218301984375 0.585790196875 0.66659165 0.588586125 0.6718700125 0.5420580625 0.6870099171875 0.5278527000000001 0.7135184875 0.322544140625 0.6454998875 0.30898672656250004 0.5672497359374999 0.303008228125 0.5423757734375 0.474366778125 0.537803209375 0.518695453125 0.554913740625 0.523171490625 0.5762565625 0.524237721875 0.5964283984375001 0.5349233140625
5 0.746170121875 0.5045364140624999 0.764118796875 0.504103984375 0.768456628125 0.49007852031250004 0.7290417812500001 0.4728564984375 0.7192337515625 0.48478215 0.7199425953125 0.49656068906249995 0.746170121875 0.5045364140624999
5 0.612673715625 0.9313322390625001 0.639610084375 0.9510865031250001 0.6491417 0.9453309875 0.65417946875 0.929482125 0.6282283546875 0.9153362656249999 0.612673715625 0.9313322390625001
2 1 0.2561570296875 0.9560269921875 0.25191185781250003 0.681313140625 0.9951535125 0.68602850625 1 0.747415078125 1 0.7622142734375 0.9499245828125 0.7967384578125001 0.8572272609375 0.8848733140625 0.6303868593749999 0.9193752421875001 0.5438265890625 1 0.3233000890625 1 0.2561570296875