5 0.4681563203125 0.6669599828125 0.4603472734375 0.6558230359375 0.441640078125 0.64941621875 0.42490535312500005 0.6535882484375 0.41386941562499996 0.667496465625 0.41163066718749997 0.6786534328125 0.41949009375 0.70570118125 0.4390458125 0.7125398749999999 0.46150051562499994 0.7048519718749999 0.47169755 0.68519976875 0.4681563203125 0.6669599828125
5 0.5264423781249999 0.6343113812500001 0.5188670375 0.6281484578125001 0.504412375 0.6387976203125 0.5141012468749999 0.67362088125 0.5313960265625 0.6662894328125 0.5264423781249999 0.6343113812500001
5 0.5653303140625 0.5642280125 0.5132148437499999 0.577221859375 0.5247398359375001 0.629904871875 0.5743947453125 0.6126935109375 0.5653303140625 0.5642280125
4 0.36384954375 0.43833255156249995 0.37186173125 0.502761159375 0.3940795921875 0.575725396875 0.4045259609375 0.6024265296875 0.44989620468749997 0.592535340625 0.4584520515625 0.6344494953125001 0.520388728125 0.618912221875 0.5115097328125 0.5768418234375 0.553582190625 0.5647416484375001 0.58352590625 0.5556655078125 0.53949875 0.36293548593749997 0.526615575 0.360511453125 0.45128372499999997 0.3813067109375 0.4509844546875 0.40513374999999996 0.4454830125 0.41536225 0.36384954375 0.43833255156249995
0 0.3579093109375 0.298738503125 0.3695909046875 0.34833271093749996 0.38393928593750004 0.4067948859375 0.390217103125 0.4295365765625 0.439892696875 0.41635348906249997 0.4467852703125 0.41391336562500003 0.44307579375 0.4002540859375 0.44722320312499997 0.3998276953125 0.451586096875 0.39782839375 0.44820481093750003 0.38106791093750003 0.44488343906249994 0.3685082234375 0.4408879 0.35492026875 0.42103839374999996 0.268072684375 0.4162835921875 0.253800503125 0.403978640625 0.26416055 0.382803721875 0.28037816718749997 0.3579093109375 0.298738503125
6 0.4522389203125 0.36899105 0.45602913906250003 0.3680460421875 0.45958055781249996 0.37017995 0.46099806875000005 0.3758652765625 0.462181875 0.37657657968749997 0.46407698281250004 0.3761040765625 0.4664445953125 0.37752668125 0.47402503124999995 0.375636665625 0.47615893906249995 0.372085246875 0.47426892499999995 0.3645048125 0.47308511875 0.363793509375 0.46953370000000005 0.3616596015625 0.46858869218750004 0.357869384375 0.46456476875 0.3538403671875 0.4626696609375 0.354312871875 0.46030204843750006 0.35289026562500003 0.45651182968750004 0.3538352734375 0.45414421718750003 0.35241266875 0.45035400000000003 0.353357675 0.4479863875 0.35193507031250004 0.4423010609375 0.35335258125 0.4415897578125 0.3545363875 0.44253476562499994 0.35832660625 0.4411121609375 0.36069421875 0.4415846640625 0.3625893265625 0.4439522765625 0.3640119328125 0.44536978749999995 0.369697259375 0.44655359375000003 0.37040856093749996 0.4479762 0.3680409484375 0.4498713078125 0.3675684453125 0.4522389203125 0.36899105
6 0.3609154515625 0.3122609703125 0.35815253125 0.300495215625 0.336260428125 0.3167020453125 0.3270216140625 0.3234414359375 0.330507571875 0.33468569531250003 0.3427586609375 0.326342203125 0.3514755375 0.3195623359375 0.3609154515625 0.3122609703125
2 0.3357137703125 0.27970711875 0.3239505484375 0.288350025 0.311850425 0.2985044328125 0.31486801249999996 0.30774457499999996 0.3183873046875 0.32042838125 0.334015753125 0.3086805140625 0.3440981265625 0.301884190625 0.35510561093750004 0.2930728359375 0.3393213609375 0.285588278125 0.3357137703125 0.27970711875
1 0.3397875125 0.285311428125 0.352336878125 0.291240646875 0.3580222046875 0.2898231359375 0.3731881703125 0.27799016718749997 0.41417573125 0.246583090625 0.41987496406249997 0.23514962499999997 0.42177516718749997 0.22662418281250002 0.42393567499999996 0.218454634375 0.4236897796875 0.20888030781250003 0.40612915312500003 0.22146677499999998 0.3920131234375 0.232123828125 0.3711745796875 0.248739471875 0.3534446171875 0.26350941250000004 0.3357984296875 0.2786153640625 0.3397875125 0.285311428125
2 0.41639494531250004 0.2458061109375 0.441839678125 0.22595449687500002 0.5110521109375 0.171891428125 0.5488364984375 0.141368346875 0.54641995 0.1258722203125 0.5444201984375 0.11785165312500001 0.520988909375 0.1356979796875 0.472484284375 0.174123515625 0.4408476765625 0.197888025 0.42480164218749994 0.20963341875000002 0.42306183906249994 0.22284594218749998 0.42022833750000005 0.2363311546875 0.41639494531250004 0.2458061109375
6 0.5501097781250001 0.16505288125 0.5466690421875 0.15247728124999999 0.426335759375 0.24659403750000003 0.416415678125 0.2545629015625 0.4207911765625 0.265989503125 0.42474518906250003 0.2622559 0.43241414218749996 0.25718472187499997 0.4413503296875 0.2492619140625 0.44961666874999995 0.243231903125 0.48368925625000003 0.2170288953125 0.5501097781250001 0.16505288125
5 0.536899209375 0.20395928593749998 0.5387892234375 0.211539721875 0.5447082546875001 0.21509623437499997 0.5466033640625 0.21462373124999998 0.5489709765625 0.2160463359375 0.5508660843750001 0.2155738328125 0.552288690625 0.21320622031249997 0.5579740171875 0.211788709375 0.560107925 0.208237290625 0.5572729015625 0.1968666375 0.5560890953125 0.196155334375 0.5494587625 0.193782628125 0.5437734359374999 0.1952001390625 0.5423508296875 0.1975677515625 0.540455721875 0.1980402546875 0.536899209375 0.20395928593749998
2 0.184327459375 0.420692 0.1875337375 0.4255424671875 0.212520875 0.40670723906250006 0.294568140625 0.3427421578125 0.3200346 0.32256755937500003 0.3115335140625 0.2982567578125 0.2509307265625 0.3447048828125 0.17347915 0.40668254062500003 0.184327459375 0.420692
3 0.3589045125 0.8246183281249999 0.34420690781249996 0.787438859375 0.3212743828125 0.7048325296875 0.283721340625 0.5529178671875 0.2704759546875 0.5240136375 0.256509078125 0.512399090625 0.2271425328125 0.507643490625 0.1831940640625 0.5162156640625 0.15794026249999998 0.5253354875 0.1662334421875 0.5444428484375 0.1736982078125 0.5602275750000001 0.2190641234375 0.5479030921875 0.233669471875 0.548804240625 0.24250654374999997 0.55715511875 0.254738259375 0.5908422171875001 0.283070390625 0.7044761921875 0.300141303125 0.76445101875 0.32483908125 0.8465226796875 0.3486473 0.8819453156250001 0.3862818515625 0.87214176875 0.37250675625 0.8536953671875 0.3589045125 0.8246183281249999
2 0.22332684375 0.5488531921875001 0.20534744374999997 0.549347921875 0.18197601875 0.5562907375 0.172257984375 0.5620607093750001 0.181224240625 0.5809726000000001 0.20161327031249998 0.641763484375 0.2672524640625 0.8754971656249999 0.27133721718750003 0.895054084375 0.27375308593750003 0.9031567171875 0.2966261796875 0.8975481890625 0.34674165156250003 0.8834119203125 0.3369499859375 0.862391871875 0.3240996828125 0.8443138984375 0.30667526562499997 0.7834761359375 0.2567746015625 0.601234259375 0.249964140625 0.5761563375 0.24643008593750002 0.5597446703125 0.2393464453125 0.5514698359375 0.22332684375 0.5488531921875001
2 0.322518371875 0.7066014359375 0.339828471875 0.7685897578125 0.346469984375 0.791508134375 0.3571455890625 0.8194483531250001 0.36226571406249997 0.8325454046875 0.3694584671875 0.8465166609375 0.3790503828125 0.8626717890625001 0.388428134375 0.8723889640625 0.4086843328125 0.8671461921875 0.4479353125 0.8559345234375 0.410634475 0.7006124703125 0.3989281671875 0.6479444640625001 0.3830361390625 0.5842050234375 0.35610153125 0.47903449218749994 0.34439341875 0.4292175359375 0.3359178953125 0.3958501 0.3305883078125 0.36889530000000004 0.32438448593749997 0.34401313125 0.307355125 0.3556776828125 0.20291934843749998 0.435692909375 0.17187645625 0.461324515625 0.159427746875 0.47648358281250003 0.1535164078125 0.49095122187499995 0.152315653125 0.5074677750000001 0.15504203125 0.521203753125 0.1580643765625 0.5256468515625 0.1710050046875 0.5205058328125001 0.18594004375 0.516782109375 0.2043509984375 0.512738759375 0.226109465625 0.5078607796875 0.2395616296875 0.508062384375 0.2509536609375 0.5106945078125 0.2609903265625 0.5137560765625 0.27156765312500003 0.5245652187500001 0.274182121875 0.5313319562500001 0.2809426953125 0.545296709375 0.322518371875 0.7066014359375
2 0.111855215625 0.4841344875 0.1108499671875 0.5054382656249999 0.11316104687499999 0.529168559375 0.119046546875 0.541403534375 0.13984445 0.533855553125 0.1345311859375 0.511611378125 0.137391678125 0.4827173359375 0.151458196875 0.45536049843750004 0.16714460312499999 0.44247200781249996 0.1513676125 0.42278083437499997 0.1421332328125 0.43122567656250005 0.13400917031249998 0.44222866562499996 0.12788870624999998 0.44989712031250007 0.118928375 0.46517866406249997 0.111855215625 0.4841344875
2 0.15217121875 0.55865943125 0.13226179843750002 0.567875875 0.1412528296875 0.592566453125 0.156128171875 0.6313822874999999 0.1704261859375 0.6797984671874999 0.1737337109375 0.6930642296875 0.1932908015625 0.7690629765625 0.2342303984375 0.9124169140625 0.24488881718750002 0.9098281281249999 0.2573622453125 0.906649496875 0.236396325 0.828245028125 0.21032605937499999 0.733158353125 0.184476434375 0.6408516453125 0.1733121484375 0.6106397296875 0.1609440125 0.576789471875 0.15217121875 0.55865943125
3 0.15187675 0.45656988125 0.1413190921875 0.4733289734375 0.13480193437500002 0.490583278125 0.1356617078125 0.5175750609375 0.1408879171875 0.53407380625 0.1179722140625 0.5425688265625 0.1305238625 0.56836728125 0.1543967171875 0.55899419375 0.15906033125000002 0.57349106875 0.166641309375 0.5927405359375 0.174483425 0.613037509375 0.18755178125 0.649833215625 0.21863942656250002 0.761131628125 0.25899998125 0.9073904953125 0.273534328125 0.903210403125 0.25877823125 0.844026928125 0.19672931093749998 0.6286306046875 0.17385865625000002 0.5659072921875 0.171337934375 0.557089503125 0.157600609375 0.524457109375 0.1534892296875 0.5121794546875 0.15300415625 0.49759735000000005 0.1585346515625 0.4804651765625 0.168347975 0.46506575625 0.18722441875 0.4481067890625 0.2257981671875 0.41888521093750003 0.29857889375 0.3611807375 0.32429445 0.3421665171875 0.3189521984375 0.3221440625 0.289526403125 0.3459341484375 0.241391171875 0.383140834375 0.1881451796875 0.4251225015625 0.173163709375 0.40575301250000007 0.1514031828125 0.42378113281249996 0.16720993281250002 0.4408444203125 0.15187675 0.45656988125