4 0.4209267859375 0.43885204375000003 0.4178999765625 0.45348072031250003 0.38273168125 0.443857159375 0.37711808593749996 0.4520833171875 0.3537063265625 0.5047386453125 0.35476681875 0.5147368859375 0.38533045625 0.52771038125 0.3820578578125 0.5454174234375 0.5061102703125 0.5980745484375001 0.5125127890625001 0.5954877625 0.547345971875 0.5084272859375 0.5398829609375 0.5010158296875 0.572426703125 0.41934893593749994 0.43783291406249997 0.35903456718750004 0.4049918265625 0.42890535781250005 0.40861332656249993 0.437868884375 0.4209267859375 0.43885204375000003
0 0.509637959375 0.6018991125 0.49939282656249995 0.5987107203125 0.48594968906249997 0.62491584375 0.4800325671875 0.6374894953125 0.478955284375 0.6509572078125 0.49530931718750004 0.6635091359375 0.5491027078124999 0.6865351093750001 0.5584286859375001 0.672266440625 0.6130731 0.5918454703125 0.5631898109375 0.5660757390625 0.5585627359374999 0.5576832453125 0.561740221875 0.543366421875 0.5705048859375 0.522718165625 0.5610944625000001 0.517563228125 0.5556891984375001 0.5152688296875 0.5463527828125 0.51130575625 0.509637959375 0.6018991125
1 0.6301433734375 0.624040271875 0.63983019375 0.60668445 0.6167348953125 0.596881078125 0.5754432265625 0.660002553125 0.55786030625 0.6850306265625 0.571040409375 0.6854033875 0.5865561921875 0.6925696703125 0.5947822328125 0.6786551968750001 0.6301433734375 0.624040271875
3 0.5208226265625 0.7627223546875 0.5354902906250001 0.767788 0.5854223796875 0.691150875 0.5716058453125 0.68680376875 0.5672974984375 0.698319790625 0.540714453125 0.736353496875 0.5208226265625 0.7627223546875
2 0.6270585390625001 0.64304865 0.6247782515625 0.6339472703125 0.6155340046875 0.6477048640625 0.5387685859375 0.7627972828125 0.535355625 0.769471471875 0.555293909375 0.778514996875 0.6278990203125 0.6635624906250001 0.631714753125 0.654573184375 0.6270585390625001 0.64304865
2 0.554392940625 0.6917713437499999 0.526051321875 0.7381083078125 0.5138430515625 0.7573090437500001 0.5220658796875 0.7625258984375 0.565451675 0.70070909375 0.572974771875 0.6863112109375 0.561486496875 0.6846852171875 0.554392940625 0.6917713437499999
2 0.761003678125 0.3786501890625 0.7306780390625 0.4239296140625 0.6839941390625001 0.4944945328125 0.68657865625 0.5129978140625 0.7276750468750001 0.4544350875 0.7672098468749999 0.389987640625 0.7659175796875 0.3807360171875 0.761003678125 0.3786501890625
2 0.785929896875 0.390971334375 0.705597309375 0.5130079640625 0.700501071875 0.5225146265625 0.705648865625 0.52788243125 0.7263827171874999 0.5165263515625 0.7690020343749999 0.4561106671875 0.7883522703125 0.41552300937500003 0.785929896875 0.390971334375
2 0.4179635015625 0.1943793 0.411255346875 0.2101827234375 0.7753410078125 0.3611987109375 0.774280515625 0.3512004703125 0.76038920625 0.338938565625 0.7072165218750001 0.314246303125 0.433178496875 0.2000458609375 0.4179635015625 0.1943793
6 0.41716872499999996 0.21877591875000002 0.4135470671875 0.22594174531250003 0.6808948531250001 0.341265775 0.7545252437500001 0.3724189890625 0.7584295859375 0.36595341875 0.7043767187500001 0.3430093375 0.6239975515625 0.30831018125 0.41716872499999996 0.21877591875000002
3 0.672139321875 0.5367635984375 0.6912124359375 0.533897078125 0.7158116718749999 0.49602229375 0.778912421875 0.399949875 0.785442284375 0.39042486875 0.7862185234375 0.373877978125 0.780755353125 0.3602337515625 0.774782315625 0.3637886328125 0.7710422 0.3601709328125 0.7621671984375 0.3762987875 0.7677914359375 0.38599451875 0.6875103359375 0.5120245546875 0.672139321875 0.5367635984375
5 0.5840027937500001 0.4295671890625 0.5737587625 0.433706046875 0.5684425125 0.4537283078125 0.5790354453125001 0.47626002031250003 0.6031450078125 0.4769458328125 0.61535535625 0.44818005625 0.6127685703125 0.4417775375 0.5840027937500001 0.4295671890625