4 0.40150528281250003 0.4951854359375 0.45416740781250003 0.5423012390624999 0.43548268593749995 0.5525054453125 0.5318629359375 0.6320429640625 0.5923582640625 0.5573374531249999 0.6786007203125 0.422209609375 0.61925969375 0.37289959375000004 0.6259127375 0.356924903125 0.56396906875 0.3092771109375 0.5366392359375001 0.339923096875 0.5271690812500001 0.342307125 0.40150528281250003 0.4951854359375
1 0.722581825 0.232893203125 0.7157143140625 0.23361500781250003 0.714769746875 0.264265140625 0.7575586390625 0.3014281046875 0.7921849171875001 0.3005660859375 0.789656528125 0.28972242812500004 0.7409405453125 0.2490164015625 0.722581825 0.232893203125
0 0.667983971875 0.3608350890625 0.7008078140625 0.329611659375 0.712228915625 0.3325772796875 0.7249492640625 0.3479044203125 0.7302989125 0.3459534734375 0.75307515625 0.3116200640625 0.7119484875000001 0.27705974375000003 0.7020452500000001 0.275323265625 0.650132590625 0.33632651562500004 0.6329287578125 0.3311913359375 0.6181089546874999 0.335526309375 0.61073410625 0.3446334890625 0.61543205625 0.34969441562500003 0.6316253625 0.3452150796875 0.6363233125 0.35027600625 0.61925969375 0.37289959375000004 0.6707226828125 0.41331689843749997 0.6764353062499999 0.401607075 0.6681942921874999 0.402473240625 0.6498355734375 0.3863500421875 0.667983971875 0.3608350890625
3 0.15074574999999998 0.6145549515625001 0.5157629359375 0.1637865828125 0.5640449265624999 0.16115661718750002 0.6252354140625 0.20325625 0.8287381234375 0.3784815359375 0.8344464328125 0.362239953125 0.5703117125 0.14238682656249999 0.507936184375 0.1440360421875 0.4259094765625 0.23768989375 0.1316454359375 0.6050490078124999 0.15074574999999998 0.6145549515625001
2 0.1108203453125 0.5957571015625 0.1270418921875 0.6051893703125 0.2897635046875 0.4089197140625 0.44622743593749997 0.206392209375 0.4313375265625 0.1968478 0.124052178125 0.5763136015625 0.1108203453125 0.5957571015625
2 0.3356706703125 0.3832645484375 0.3049421359375 0.42121112812500006 0.15119656406249998 0.61580773125 0.1726060328125 0.631654515625 0.26504856875 0.50830508125 0.2933683796875 0.46964253749999996 0.532399253125 0.18067108437499999 0.5770549296875 0.1708100703125 0.519678903125 0.16534394375 0.49885775312499997 0.1786417375 0.37225619062500004 0.334981646875 0.3356706703125 0.3832645484375
2 0.5478790484375 0.11655370625000001 0.5162884953125 0.11987400781249999 0.47681575781249996 0.1406868625 0.45266601250000005 0.1751646328125 0.47015856562499997 0.18304681875 0.495030115625 0.155436559375 0.526839284375 0.140983878125 0.5629834265625 0.1413510015625 0.6091710203125 0.1712133703125 0.624065078125 0.15437251406250002 0.60267063125 0.1357910328125 0.5719503921875 0.12096708281249999 0.5478790484375 0.11655370625000001
2 0.6367812796875 0.1960849203125 0.7122413578125 0.2534214828125 0.7140520890625 0.2310123640625 0.7032826859375 0.221034871875 0.6484952500000001 0.1754122796875 0.6345416125 0.1879882671875 0.6367812796875 0.1960849203125
2 0.83846486875 0.364612246875 0.8508554546875 0.34931115 0.796305425 0.300133003125 0.7735333296875 0.3080811484375 0.83846486875 0.364612246875
3 0.45323930937499995 0.2070439078125 0.46798900468750004 0.1888295484375 0.4470276421875 0.174368575 0.43545803281250006 0.1964147171875 0.45323930937499995 0.2070439078125
3 0.6468330265625 0.1728096359375 0.62847430625 0.1566864359375 0.6108332437499999 0.1738160140625 0.6130729125000001 0.18191266718750002 0.6291919640625 0.1899392140625 0.6468330265625 0.1728096359375