4 0.5390625 0.6259765625 0.5458984375 0.625 0.54296875 0.6376953125 0.5478515625 0.642578125 0.55078125 0.6298828125 0.5634765625 0.626953125 0.5751953125 0.64453125 0.5830078125 0.63671875 0.5908203125 0.6484375 0.6064453125 0.640625 0.6162109375 0.650390625 0.630859375 0.6298828125 0.630859375 0.5966796875 0.6171875 0.5751953125 0.61328125 0.5361328125 0.5849609375 0.49609375 0.4970703125 0.4609375 0.4228515625 0.4453125 0.390625 0.5185546875 0.390625 0.5341796875 0.3515625 0.6591796875 0.3681640625 0.669921875 0.4775390625 0.705078125 0.4921875 0.7041015625 0.5224609375 0.619140625 0.5322265625 0.623046875 0.5380859375 0.634765625 0.5390625 0.6259765625
5 0.326171875 0.2939453125 0.3173828125 0.287109375 0.2802734375 0.291015625 0.279296875 0.3056640625 0.2890625 0.3330078125 0.3037109375 0.3359375 0.30859375 0.3466796875 0.314453125 0.3466796875 0.326171875 0.3408203125 0.32421875 0.3310546875 0.333984375 0.3232421875 0.326171875 0.2939453125
0 0.7756133734375 0.5745658140625001 0.7459883703125 0.5638504296875 0.6879986125 0.5462016249999999 0.6489186609375001 0.5342256140625 0.6073174328125 0.5247708765625 0.619293571875 0.5682626421875 0.63253030625 0.5928449328125 0.6287483453125 0.6331851328125 0.6457670421875 0.6382276359375 0.6577431812500001 0.6186878703125 0.6741315359375 0.625621334375 0.6865234375 0.62890625 0.7743528640624999 0.659028028125 0.786959171875 0.624991 0.8058688921874999 0.58591146875 0.795783690625 0.58086894375 0.7756133734375 0.5745658140625001
5 0.38671875 0.5146484375 0.3984375 0.4931640625 0.3740234375 0.478515625 0.361328125 0.5029296875 0.38671875 0.5146484375
5 0.3728375984375 0.5878024078124999 0.3911169765625 0.5184677265625 0.3633827375 0.5046007984374999 0.3359375 0.5771484375 0.3728375984375 0.5878024078124999
6 0.8105977859375001 0.5593511140625 0.8036817875000001 0.57369524375 0.799071121875 0.5826603328125 0.8062432765624999 0.58599021875 0.8154646078125 0.56934078125 0.8236613515625001 0.5521790375 0.817769940625 0.5478245734375 0.8105977859375001 0.5593511140625
1 0.8398421781250001 0.5893309312499999 0.8252179046875 0.5893309312499999 0.81374783125 0.5887574437499999 0.8082995937499999 0.60022735 0.8002705578124999 0.6159984828125 0.7942488 0.632056371875 0.7908077625 0.6389383140625 0.7836390062499999 0.658437175 0.8042850749999999 0.6799432734375 0.8105935921875 0.6558564437500001 0.824070865625 0.62115994375 0.8312396625 0.603955078125 0.8398421781250001 0.5893309312499999
2 0.842075609375 0.5540946359375 0.8365010640625 0.5512174734374999 0.8321852765625 0.549059609375 0.8314659828125001 0.5558928515625 0.82421875 0.5693359375 0.8192379375 0.5785504578125 0.8138432203124999 0.5882608578124999 0.8188783031250001 0.58898014375 0.8326849031249999 0.588817096875 0.83986360625 0.5889578484375 0.8467510328125 0.5753136578125 0.8543036546874999 0.5618269875 0.8492685734375 0.5582305375 0.842075609375 0.5540946359375
2 0.7859456828125 0.727323859375 0.7943052875000001 0.699807003125 0.8009233437500001 0.676818253125 0.7981368078125 0.67438005 0.7852490249999999 0.66323398125 0.7793276265625 0.677166578125 0.77061964375 0.7032901578125 0.76295665 0.7332451953125 0.7577319078125 0.7628519296875 0.7518104859375 0.789323846875 0.7472823546875 0.8196271968750001 0.7462606546874999 0.8358090921875 0.7664398421875 0.839481128125 0.77061964375 0.8091777546875001 0.774451165625 0.7771328046875 0.7800242359375 0.7551890046875 0.7859456828125 0.727323859375
3 0.75658135 0.767766121875 0.759557228125 0.7515642890625001 0.7633597203125 0.7358674062499999 0.7724538140625 0.6994502296875 0.7776759578125 0.6857733078125 0.784852196875 0.6619672078125001 0.78270293125 0.6594873359375 0.7704687765625 0.6932136015625 0.7631944109375 0.7178469953125 0.75988786875 0.7309076578125 0.7559200234375 0.7441246718750001 0.75294414375 0.7555320812499999 0.7502989296875 0.764790275 0.747624165625 0.778808715625 0.744140625 0.8037109375 0.7434568328125 0.8071463124999999 0.7426233578125 0.8117303421875001 0.741234240625 0.8195092921875 0.7406638875 0.8257376171875 0.7394283953125 0.8314555390624999 0.736963284375 0.8361017765625001 0.745546515625 0.8364594171874999 0.7476537140625 0.8236459125 0.7484803265625 0.8133957796875 0.7504642609375 0.8051295250000001 0.7511255640625001 0.7976899078125 0.7534401390625 0.7849599 0.75658135 0.767766121875
3 0.76438796875 0.6693017609374999 0.75706420625 0.6915600000000001 0.7505753796875 0.7133961281250001 0.74543565625 0.73531938125 0.739740290625 0.7586562296875 0.7361286 0.7815763546875 0.7323779953125 0.8057221609375 0.730433234375 0.8268364500000001 0.733072553125 0.8264197265625001 0.7376566328124999 0.7982210296875001 0.7387679203124999 0.79155335625 0.7409904921875 0.7769923234375 0.745574571875 0.754072203125 0.7527979515625 0.7283983843749999 0.758354421875 0.7068673624999999 0.7636699499999999 0.6881135625 0.7655367875 0.6829439078124999 0.7679780546874999 0.676338234375 0.7692704828125 0.6728918 0.7708501046875 0.6691581609374999 0.773722175 0.6593932609375 0.768839659375 0.6575264390625 0.767690840625 0.661834484375 0.76438796875 0.6693017609374999