4 0.6078741265625001 0.38717283281250003 0.5977384640625 0.3544518859375 0.5711338031250001 0.3658758578125 0.4493297734375 0.4038355625 0.3644417484375 0.43926184843750005 0.388696375 0.518701090625 0.36907928437500004 0.5337184578125 0.3818272453125 0.5737407890624999 0.40075122968750004 0.613702209375 0.40944029843749996 0.6179401515625 0.448857209375 0.6064334875 0.496900084375 0.5914339187500001 0.5157634640625 0.5716522671875001 0.5050765078125 0.5354728 0.4762040609375 0.5338994890625 0.4636745140625 0.5103781625 0.4618986828125 0.48833135156249996 0.48087989843749995 0.47146726718750004 0.5000438421875 0.47313125312500004 0.5150003 0.48657232031250003 0.5223871640625 0.48402882031249994 0.5179055828125 0.46801379687500005 0.505431715625 0.4557835703125 0.5153648921875 0.4371317859375 0.5372282375 0.42507728437500003 0.5582592390625 0.42623243437499997 0.5823046875 0.43445120781249996 0.5991122453125 0.42413755468750003 0.6239654375 0.44047490156249997 0.6078741265625001 0.38717283281250003
0 0.36773932187499997 0.539326821875 0.35717445625 0.54393725 0.34915764375 0.517855709375 0.377463803125 0.507076284375 0.38049090625000004 0.50086980625 0.3609362640625 0.44051281875 0.3492028328125 0.4445529625 0.36502039218750004 0.49793406874999996 0.33965451875 0.5071728765625 0.33305125625 0.51307325625 0.343891590625 0.5475554390624999 0.310650703125 0.5590011953125 0.265841675 0.568090690625 0.24107573124999998 0.5726636468749999 0.244168928125 0.58189270625 0.24640234374999997 0.5864561109374999 0.30281069375 0.5782260499999999 0.3754684921875 0.5552736296874999 0.36773932187499997 0.539326821875
1 0.23175557812499997 0.5737536140625 0.2083047421875 0.5791032234375 0.21277475781250002 0.5927025859375 0.23723333124999998 0.586271865625 0.23175557812499997 0.5737536140625
2 0.22579245625 0.58868744375 0.21314796875000003 0.593711525 0.2338176453125 0.653142475 0.26312328281249997 0.7409069374999999 0.288597403125 0.732592775 0.2366111375 0.5856325078125 0.22579245625 0.58868744375
2 0.20783198593750002 0.5791695375 0.23214175781250002 0.5726524859375 0.2158900890625 0.5263509234375 0.1870676453125 0.44174775781250003 0.162586171875 0.44955957968750004 0.16820589375 0.46677718281249997 0.20043321249999999 0.55947536875 0.20783198593750002 0.5791695375
2 0.1879682625 0.3946776078125 0.17502315156249998 0.4012492 0.16741865312499998 0.4160001734375 0.1648340484375 0.42808343281249994 0.162282559375 0.44888616406250004 0.1841440609375 0.441844615625 0.199776615625 0.4364618953125 0.26843929375000003 0.4124138484375 0.3244028171875 0.393549653125 0.3354655796875 0.38210501875 0.332922078125 0.37471815468749997 0.32535248437500003 0.3587335859375 0.3031232421875 0.3571408015625 0.1879682625 0.3946776078125
5 0.6775284515625 0.2839775328125 0.6020396828125001 0.3111020265625 0.6552898046875 0.432069775 0.6781471812500001 0.43246201093750003 0.720475675 0.41855970937500003 0.694428940625 0.3297694765625 0.6775284515625 0.2839775328125
6 0.6923533015625 0.5577073703125001 0.687900403125 0.5780852671875001 0.6926578515624999 0.5885874859375 0.7973456953125 0.5566719015625 0.8010086734374999 0.5523121390625 0.79083466875 0.522764684375 0.77972748125 0.5248896296875001 0.735229075 0.543294184375 0.6923533015625 0.5577073703125001
6 0.6874047875 0.2817321296875 0.722384753125 0.3745774609375 0.7340094203125 0.40947865468750005 0.757851834375 0.4798627640625 0.7722117500000001 0.518144815625 0.7734684453125 0.526357403125 0.7822447109375 0.523252353125 0.7909400843750001 0.5234851734375 0.7741398859374999 0.47287110625000006 0.715900396875 0.30972119062500003 0.7113406203125 0.30228700000000003 0.701230128125 0.2767323765625 0.6955303609375 0.2789342703125 0.6874047875 0.2817321296875
3 0.6699731296875 0.240831871875 0.67356115625 0.2491683375 0.6814288187499999 0.270628396875 0.6836980671874999 0.27582948906250004 0.6997353765625001 0.2703074 0.6929440359375 0.2491946328125 0.6853638671875 0.22787487031250003 0.6826956015625 0.22568275624999998 0.6793336515624999 0.2256438734375 0.674622215625 0.22654826875 0.6416779453125 0.23645608906249999 0.6332648859375001 0.23911365 0.6354819453125 0.2462470890625 0.6405473734375 0.2449815328125 0.655161540625 0.24018876093750002 0.661155959375 0.2388426 0.665800896875 0.2384397296875 0.6699731296875 0.240831871875
2 0.6462040734375 0.2445026140625 0.6330227578125001 0.24801294375 0.6119067140625 0.2981318515625 0.6820502375 0.2739795 0.6758450796875 0.2579485171875 0.6695446703125 0.242635921875 0.6655974453125 0.24027290625000003 0.6592798671875 0.2406858234375 0.6462040734375 0.2445026140625