4 0.49609375 0.5166015625 0.4956609421875 0.4371699109375 0.5500399515625001 0.4383280625 0.5488829156249999 0.3653634265625 0.49609375 0.3544921875 0.4580078125 0.34765625 0.3447265625 0.3515625 0.2978137765625 0.35725626250000003 0.29665674062499997 0.4475934296875 0.34640781718749997 0.41400651718750003 0.333984375 0.5166015625 0.4443359375 0.517578125 0.42578125 0.5244140625 0.439453125 0.5263671875 0.4716796875 0.5234375 0.4755859375 0.517578125 0.4931640625 0.521484375 0.49609375 0.5166015625
5 0.4990234375 0.4375 0.49609375 0.4814453125 0.5048828125 0.48828125 0.529296875 0.4873046875 0.546875 0.4794921875 0.541015625 0.4404296875 0.5341796875 0.435546875 0.4990234375 0.4375
6 0.4697265625 0.537109375 0.4736328125 0.529296875 0.4912109375 0.52734375 0.494140625 0.5205078125 0.4580078125 0.515625 0.3369140625 0.51953125 0.3134765625 0.5078125 0.30859375 0.5126953125 0.3173828125 0.53515625 0.3955078125 0.529296875 0.408203125 0.5419921875 0.4111328125 0.529296875 0.4560546875 0.52734375 0.4541015625 0.537109375 0.4697265625 0.537109375
0 0.2207259875 0.45551928906250005 0.2328744703125 0.5197976718749999 0.2890625 0.5205078125 0.294921875 0.5166015625 0.287109375 0.4541015625 0.2822265625 0.44921875 0.2207259875 0.45551928906250005
1 0.2119140625 0.453125 0.1787109375 0.455078125 0.1494140625 0.44140625 0.140625 0.4443359375 0.15234375 0.5009765625 0.150390625 0.5341796875 0.162109375 0.5361328125 0.1826171875 0.51953125 0.224609375 0.5185546875 0.220703125 0.4755859375 0.2119140625 0.453125
6 0.30323726875 0.5154185484375 0.3125 0.4951171875 0.31104702500000003 0.449402940625 0.292824259375 0.43116178125 0.2815434734375 0.44853428749999996 0.30323726875 0.5154185484375
3 0.1408928671875 0.307852753125 0.142578125 0.3662109375 0.169921875 0.4482421875 0.1875 0.4541015625 0.189453125 0.4462890625 0.162109375 0.3603515625 0.1625866625 0.31045863281249997 0.1408928671875 0.307852753125
2 0.185546875 0.3115234375 0.162109375 0.3154296875 0.162109375 0.3564453125 0.171875 0.3759765625 0.1920902140625 0.45465067656249997 0.21465170625000002 0.45465067656249997 0.190354659375 0.3825546546875 0.185546875 0.3115234375
2 0.119140625 0.3583984375 0.138671875 0.4345703125 0.16796875 0.4462890625 0.142578125 0.3642578125 0.142578125 0.3056640625 0.119140625 0.3037109375 0.119140625 0.3583984375
2 0.197265625 0.5595703125 0.220703125 0.5634765625 0.224609375 0.5263671875 0.2041015625 0.521484375 0.19921875 0.5263671875 0.197265625 0.5595703125
3 0.177734375 0.5556640625 0.19140625 0.5615234375 0.197265625 0.5244140625 0.1865234375 0.51953125 0.1796875 0.5244140625 0.177734375 0.5556640625
2 0.173828125 0.5537109375 0.1767578125 0.52734375 0.1552734375 0.5390625 0.150390625 0.5517578125 0.173828125 0.5537109375