4 0.39006010625 0.49865586874999995 0.3920718734375 0.528146065625 0.4029459234375 0.5739093640624999 0.4083724578125 0.5806490890625 0.4239090140625 0.557591646875 0.467993571875 0.5371969921875 0.5291119859375 0.5656866140625 0.60903843125 0.5417768140625 0.61456093125 0.52537694375 0.5793762734375 0.4053673671875 0.570256475 0.40136594062500003 0.5444148328125 0.40592251875 0.4330454140625 0.44238842968750003 0.382482396875 0.44990168124999996 0.3768810640625 0.45790121250000004 0.39006010625 0.49865586874999995
0 0.3907151078125 0.5045449578125 0.378871534375 0.46992064375 0.35837296093750004 0.4763186265625 0.340415559375 0.4801272671875 0.3024737984375 0.489252071875 0.2742778640625 0.49971141093749993 0.2797475546875 0.5210160609375001 0.29339923125 0.560791771875 0.365082821875 0.541086278125 0.391396628125 0.5300228109375 0.3907151078125 0.5045449578125
0 0.3972748265625 0.6022173640624999 0.41327793125 0.59704030625 0.41120270468750003 0.586485809375 0.4035555515625 0.588048290625 0.39783860937500004 0.588413921875 0.384040959375 0.5441673265625 0.380377615625 0.5343210843749999 0.3656451125 0.5382034875 0.38032307187500003 0.5765134765625 0.3861103265625 0.59840453125 0.3897255109375 0.6031202437500001 0.3972748265625 0.6022173640624999
5 0.59761586875 0.41337021875 0.611456553125 0.41233210624999994 0.6160197734375 0.390491890625 0.5991402625 0.3822492171875 0.579938065625 0.39264694843750003 0.5861767046875 0.4041682671875 0.59761586875 0.41337021875
5 0.6656069078125 0.4967429375 0.6449691125 0.47513922031250005 0.6386483203125 0.47905849375000004 0.6421667859375 0.4910594515625 0.6354451875 0.5006588890625 0.640563559375 0.5137801125 0.65440424375 0.512742 0.6601632421875 0.5215431453125 0.666484034375 0.5176238734374999 0.6656069078125 0.4967429375
5 0.591610409375 0.45089084375 0.6143211109375 0.5240168578125 0.6300015203125 0.5254590968749999 0.6333623203125 0.520659378125 0.6219264765625 0.48761649843750005 0.620329890625 0.46265530312500003 0.609932159375 0.44345310624999995 0.591610409375 0.45089084375
5 0.6704921015624999 0.4608222171875 0.6581691703125 0.47842118749999996 0.6600877296875 0.48930187812500003 0.672407340625 0.4955438375 0.6913730375 0.45994509062500005 0.6704921015624999 0.4608222171875
5 0.6380798859375 0.5394607687499999 0.6258391078125001 0.541619146875 0.6179972421875 0.5528184921875 0.623115615625 0.565939715625 0.6313549671875001 0.572901134375 0.6479158234375 0.5713833828125 0.6584778609375 0.5597043984375001 0.6579193890624999 0.5485838859375 0.6380798859375 0.5394607687499999
6 0.324321634375 0.6159370984375 0.3170445875 0.5904544703125 0.3125274484375 0.5709089828125 0.30854707812500004 0.5568361453125 0.2939856265625 0.5604742609375 0.30043200312499996 0.586103346875 0.31049258750000003 0.6237286046875 0.3180620703125 0.654512809375 0.325782484375 0.6533656828125001 0.3313529546875 0.6521693421875 0.324321634375 0.6159370984375
6 0.28141380625 0.484320890625 0.276114159375 0.470052384375 0.271620134375 0.46035261875 0.2611875203125 0.4643333765625 0.2690760171875 0.4847832859375 0.271371478125 0.49294360625 0.2744489140625 0.4994671265625 0.2800717890625 0.4974092703125 0.2843929625 0.49514428437499997 0.28141380625 0.484320890625
1 0.24614846250000003 0.51180510625 0.2483052953125 0.5198659984375 0.2522290625 0.5302038015625 0.255763425 0.5398224515625001 0.2631317625 0.5592695421875 0.2707098484375 0.57841699375 0.2764607984375 0.59315963125 0.28314428281250004 0.5804263062499999 0.2882996265625 0.5679624328124999 0.28286415468750004 0.5530118265625 0.272126440625 0.5164536421875 0.26767002500000003 0.5066079015625 0.2677240109375 0.5004228015625001 0.2611628625 0.49448916875000004 0.24384555312499998 0.4841494 0.23695409843749998 0.48378886093749995 0.241686253125 0.498711125 0.24614846250000003 0.51180510625
2 0.2375762140625 0.48344693593750004 0.24347991875 0.48424985937500004 0.24863213593750003 0.48612445156249995 0.255865115625 0.49174645312500004 0.26735617500000003 0.49940070312499996 0.2575942671875 0.4733252015625 0.2530292421875 0.45997858281250004 0.2458102296875 0.46217338124999996 0.2405374515625 0.4629878515625 0.23231925156250002 0.4640911484375 0.23337055312500002 0.468745978125 0.2360387015625 0.47668824218749994 0.2375762140625 0.48344693593750004
2 0.2893404609375 0.6429402328125 0.2919706703125 0.6523769671874999 0.29344465 0.657952534375 0.2949564296875 0.6656996671875001 0.3134030796875 0.663433546875 0.312042934375 0.6572182328125 0.308890096875 0.6472154890625 0.3066304640625 0.6377060765625 0.3024265953125 0.6221285296875 0.2947998453125 0.5937497984375 0.287588478125 0.5669005578124999 0.2823501515625 0.5793347515625 0.276076853125 0.59041671875 0.28129447500000004 0.60843818125 0.286482796875 0.63003936875 0.287762121875 0.635641959375 0.2893404609375 0.6429402328125