4 0.5336989875 0.518891228125 0.544464753125 0.522605796875 0.552599259375 0.52470381875 0.6227993781250001 0.4670737375 0.6481140796875 0.44710699218750005 0.6579337390625 0.4299436375 0.5667677578125 0.31521920625 0.5598886953125 0.314617365625 0.4449235296875 0.408534971875 0.5336989875 0.518891228125
0 0.6772549484375 0.416938290625 0.7188623562500001 0.38373034375000004 0.6738616109375 0.328576734375 0.616985540625 0.375066428125 0.6518972515625 0.419711109375 0.6772549484375 0.416938290625
5 0.5082816921875 0.48994279687500003 0.4988351515625 0.47608918125 0.487471403125 0.46384422656249996 0.472559684375 0.44477529843749997 0.4299484359375 0.478352390625 0.46544159687500003 0.522623884375 0.4801626671875 0.5128210640625 0.5082816921875 0.48994279687500003
5 0.6214740812499999 0.37130009531249997 0.62943645625 0.359519621875 0.6165209078125 0.348685253125 0.6056865390625 0.361600803125 0.6129784703125 0.3733295125 0.6214740812499999 0.37130009531249997
1 0.7593129125 0.3487008453125 0.7923552828125 0.349587825 0.78366466875 0.3397406 0.72615495625 0.2681646703125 0.7202906015625 0.2718106359375 0.7168685328125 0.29507908125000004 0.6797435265625 0.3249198515625 0.7243647921874999 0.379113278125 0.7593129125 0.3487008453125
3 0.7619215406250001 0.34717318750000004 0.754329096875 0.3518391640625 0.7498533203125 0.35625858906249996 0.7920302359375 0.40868846718749996 0.8039438828125001 0.3992852453125 0.775692296875 0.3646004125 0.7619215406250001 0.34717318750000004
2 0.7668235546875 0.3770712078125 0.750401125 0.35669362968749996 0.7239419859375 0.3795718609375 0.7289378359375001 0.3855256828125 0.735932021875 0.3938610296875 0.7524890531249999 0.4148020625 0.76664395625 0.43167122031250005 0.7929046296875 0.408959509375 0.7882737703125 0.403037621875 0.779217378125 0.39305072343749997 0.7668235546875 0.3770712078125
2 0.8132822000000001 0.39253708593750003 0.8204267843749999 0.3865420671875 0.7896509984375 0.3494618453125 0.7781059484374999 0.349003459375 0.770607709375 0.3485313390625 0.7634425265625 0.348456140625 0.8046457406249999 0.398769353125 0.8132822000000001 0.39253708593750003
5 0.583778315625 0.5010911078125 0.5924460593750001 0.512940184375 0.6042951359375001 0.504272440625 0.5983790171875001 0.4926641 0.583778315625 0.5010911078125
3 0.6615518328125 0.221715953125 0.648275153125 0.232856409375 0.70593645 0.3026749984375 0.7181293171875 0.292443965625 0.7115795734375 0.28408805312499996 0.6894824359375 0.2583039421875 0.6615518328125 0.221715953125
2 0.71887045625 0.2839727140625 0.719026084375 0.27645450781249997 0.72077323125 0.27083293125 0.7241118484375 0.26710803125 0.6762704734375 0.20844210625 0.6612808796875 0.221943309375 0.7176746046875 0.2919020609375 0.71887045625 0.2839727140625
2 0.6333727578125 0.24536100468750002 0.6248263 0.2537541875 0.6810524046875 0.3230934640625 0.6918905093750001 0.3139992140625 0.70570909375 0.3024040453125 0.7013893234374999 0.29725594375000003 0.6598703218749999 0.24667499375 0.648458896875 0.23362568437500003 0.6414577484375 0.23903863281249998 0.6333727578125 0.24536100468750002