5 0.36011623125000003 0.35947329375 0.3737624421875 0.3143529875 0.32428266250000004 0.3004451078125 0.310279003125 0.3442314046875 0.36011623125000003 0.35947329375
4 0.6316299546875 0.5083383546875 0.604758215625 0.504100321875 0.6029709828125001 0.49743027656249994 0.6243783671875 0.3958984734375 0.5496225265625 0.3730356390625 0.46572017499999996 0.36406189843750003 0.43126003125 0.4862486171875 0.41561624531249997 0.5719382015625001 0.61698839375 0.6137764078125 0.63849155625 0.5179380890624999 0.6316299546875 0.5083383546875
5 0.3912773296875 0.37971943750000003 0.38110980781250003 0.432486353125 0.44242325468750004 0.4446360453125 0.45686099843749994 0.39503144218749997 0.459503353125 0.3728766234375 0.4110959125 0.36297077031249997 0.3990898296875 0.366187790625 0.3912773296875 0.37971943750000003
0 0.7429829703124999 0.5546313390625001 0.6370804203125 0.534268078125 0.6209721359375 0.6038531296875 0.6730653921875 0.6132051140625 0.7312528484375 0.6247385484375 0.7429829703124999 0.5546313390625001
6 0.6238754796875 0.451770159375 0.6342301984375001 0.4002558625 0.6246830328125 0.399423421875 0.6195652515625001 0.419866825 0.60328105625 0.496704009375 0.6048987875 0.5043231890625 0.6387660609375 0.510506121875 0.636077675 0.5336891421875001 0.6543035859375 0.5368581734375 0.6601762296875 0.5081598609375 0.663027059375 0.5027851 0.6620889937500001 0.4978994046875 0.649244021875 0.4958314828125 0.6239576828125 0.4903771203125 0.61632270625 0.48685212812499995 0.6238754796875 0.451770159375
6 0.2709804984375 0.43768903750000004 0.28615915 0.483664465625 0.2836125734375 0.5115127671875 0.2546988078125 0.5850303765625 0.2775685203125 0.59034075 0.284500234375 0.5841940421875 0.30931619375 0.5060552890625 0.315054128125 0.468773146875 0.3020902703125 0.41505533281250007 0.28649600468749997 0.3953361046875 0.2656632484375 0.38049253437499997 0.253657165625 0.3837095546875 0.24302841718749998 0.4119151125 0.2507406046875 0.409144090625 0.254136053125 0.412176971875 0.25908826406249996 0.42452127187500005 0.2709804984375 0.43768903750000004
5 0.23830758749999997 0.566545803125 0.2362390921875 0.5836864953124999 0.244458096875 0.5853683890625 0.254320903125 0.587386665625 0.27528421875000003 0.535159509375 0.2828976796875 0.5088447484375 0.288682240625 0.48224054687500006 0.2776762078125 0.45734172968750003 0.2708429328125 0.43885686562500004 0.256972840625 0.420433559375 0.2528754125 0.40949053125 0.243381978125 0.413199540625 0.2413449640625 0.42847241562500005 0.2381160328125 0.5551588375 0.23830758749999997 0.566545803125
1 0.781224428125 0.6513459984375001 0.7865531015625 0.657787934375 0.7872176921875 0.6512135078125 0.789388759375 0.6420297828125 0.805256625 0.5530815 0.8057518140625 0.54258230625 0.7964952890625 0.5483710578125 0.783321909375 0.5609439640625 0.7501888328125 0.557470359375 0.746011334375 0.5781142765625 0.7391074843750001 0.624742140625 0.7729136234375 0.6345376984375 0.7761699234375 0.636894034375 0.776409040625 0.642846759375 0.781224428125 0.6513459984375001
2 0.7689765390625001 0.6474002171875 0.768257278125 0.6560065578125001 0.7818890703125 0.65823818125 0.7874925515625 0.6582771796875 0.7855336515625 0.6558318328125 0.7826329796875 0.65423873125 0.781435846875 0.6512106890625 0.7787409859375 0.6460332890625 0.7759082546875 0.641253509375 0.776057925 0.638936753125 0.77531766875 0.636660209375 0.7708075703125 0.633439915625 0.769499878125 0.63868126875 0.7689765390625001 0.6474002171875
3 0.7679999765625001 0.6490916734375001 0.76865425625 0.6440690234375 0.769499878125 0.63868126875 0.7710955562499999 0.633964346875 0.759652115625 0.6313194140625 0.755064978125 0.629090590625 0.7526105750000001 0.6387920874999999 0.7525152046875 0.6446620843749999 0.75067511875 0.6534084453125 0.76810573125 0.6559197921875 0.7679999765625001 0.6490916734375001
2 0.7377085640625001 0.65125694375 0.744606928125 0.6525002484375 0.7502060578124999 0.6527239796875001 0.7515386421875 0.6463535406250001 0.752776875 0.6403026109375001 0.75401510625 0.6342516796875 0.754721134375 0.629257690625 0.7478683984375001 0.627319965625 0.739321940625 0.6257047515624999 0.7363155406249999 0.6375644781250001 0.7350773078125 0.6436154078125 0.7338390765625 0.6496663375 0.7377085640625001 0.65125694375
2 0.8143282125000001 0.4229904390625 0.8125763156250001 0.4312581890625 0.8000961312499999 0.4856428484375 0.7925730546875001 0.5166861046875 0.791447128125 0.523846615625 0.790727584375 0.5304161796875 0.796299190625 0.5260891562500001 0.800265590625 0.5250263625 0.8054855859375 0.52752406875 0.80888953125 0.52944660625 0.8113763828125 0.5169123984375 0.821014590625 0.4755378765625 0.8257761796875001 0.4591766046875 0.8279353 0.4484966015625 0.8313832937500001 0.436088525 0.833811221875 0.428665240625 0.82354718125 0.42552615468750005 0.8143282125000001 0.4229904390625
3 0.8145294406250001 0.427875278125 0.8127422078125001 0.42120523125 0.805976384375 0.41729898125 0.7993063390625 0.419086215625 0.7944235265625 0.42754349375 0.76477608125 0.557019375 0.7772353875 0.5608298484375001 0.7812374156249999 0.5597575078125 0.7851436656249999 0.552991684375 0.8145294406250001 0.427875278125
2 0.7592253203125 0.55727183125 0.764013815625 0.5577611453125 0.773012778125 0.516900034375 0.7946849140625 0.4240749328125 0.7895406656249999 0.424296940625 0.78466095625 0.42011161875 0.7799787015625 0.415584296875 0.777580865625 0.42605608437500003 0.7746518890625 0.4387553546875 0.7509014328125 0.543350609375 0.74854233125 0.556124784375 0.7592253203125 0.55727183125
5 0.8014134437499999 0.5443428499999999 0.8122514093750001 0.53143031875 0.797385753125 0.5239752656250001 0.790288146875 0.5401749312499999 0.8014134437499999 0.5443428499999999
2 0.7832567453125 0.559656490625 0.7911945953124999 0.554229915625 0.7931477203124999 0.5508470046875 0.79946031875 0.5477257625 0.8010559984375 0.543008840625 0.7909072625 0.537149465625 0.789573253125 0.5375069124999999 0.787620128125 0.540889825 0.788335021875 0.5435578421875 0.785405334375 0.5486322109375 0.7861202281249999 0.551300228125 0.7841671031249999 0.554683140625 0.7832567453125 0.559656490625
5 0.716177084375 0.53572655625 0.7229172453125 0.51819288125 0.7034304453125 0.5148356328125 0.69900085625 0.5303204046875 0.716177084375 0.53572655625
5 0.5305138031250001 0.61121104375 0.53165625625 0.5994666296875 0.514837475 0.5953944890625 0.51138445 0.6091878046875 0.5305138031250001 0.61121104375