4 0.60785948125 0.41743533906249997 0.4829033765625 0.41859354375 0.49100241875000006 0.438282378125 0.42042532499999996 0.441756884375 0.421875 0.6396484375 0.427734375 0.6474609375 0.4296875 0.6884765625 0.5078125 0.6904296875 0.5126953125 0.673828125 0.58984375 0.6728515625 0.60785948125 0.5135633687500001 0.60785948125 0.41743533906249997
1 0.5185546875 0.818359375 0.5 0.8427734375 0.5048828125 0.84765625 0.529296875 0.8466796875 0.5927734375 0.845703125 0.6015625 0.8388671875 0.5751953125 0.81640625 0.5185546875 0.818359375
0 0.548828125 0.7587890625 0.54296875 0.7138671875 0.544921875 0.6826171875 0.5693359375 0.681640625 0.5751953125 0.6875 0.578125 0.6748046875 0.5126953125 0.673828125 0.51171875 0.7021484375 0.5048828125 0.703125 0.4951171875 0.689453125 0.48828125 0.6904296875 0.48828125 0.7021484375 0.4970703125 0.71484375 0.513671875 0.7216796875 0.515625 0.8017578125 0.5244140625 0.806640625 0.578125 0.8056640625 0.58203125 0.7646484375 0.5791015625 0.759765625 0.5595703125 0.763671875 0.548828125 0.7587890625
3 0.3006641421875 0.7712068359375001 0.3006702375 0.1911812609375 0.2798442203125 0.18654854999999998 0.27734375 0.6572265625 0.282152196875 0.7816303546875 0.3295892015625 0.822166228125 0.6732184875 0.8175336234374999 0.6790034578124999 0.8013191890625 0.410579303125 0.8094264062500001 0.33653120625 0.8036355453124999 0.3006641421875 0.7712068359375001
2 0.255859375 0.2041015625 0.255859375 0.6923828125 0.2734375 0.6943359375 0.279296875 0.4384765625 0.276354928125 0.1835423625 0.2578125 0.1806640625 0.255859375 0.2041015625
2 0.328419971875 0.19164952500000002 0.301808984375 0.190491375 0.298828125 0.4384765625 0.298828125 0.4873046875 0.296875 0.5478515625 0.296875 0.7490234375 0.3046875 0.7724609375 0.3527169921875 0.8043208625 0.32421875 0.7685546875 0.3203125 0.3935546875 0.3226350015625 0.3456860125 0.328419971875 0.19164952500000002
2 0.279296875 0.7646484375 0.27734375 0.7275390625 0.2587890625 0.72265625 0.255859375 0.7646484375 0.2734375 0.8056640625 0.2958984375 0.828125 0.3173828125 0.83984375 0.3505859375 0.84765625 0.37890625 0.8466796875 0.3779296875 0.82421875 0.3232421875 0.818359375 0.294921875 0.7958984375 0.279296875 0.7646484375
2 0.408203125 0.8271484375 0.4111328125 0.845703125 0.482421875 0.8447265625 0.4970703125 0.84375 0.509765625 0.8251953125 0.4150390625 0.822265625 0.408203125 0.8271484375
2 0.6778343328124999 0.8379077234375 0.6778343328124999 0.8182188890625 0.591796875 0.8212890625 0.6044921875 0.841796875 0.6778343328124999 0.8379077234375
3 0.279296875 0.7216796875 0.279296875 0.6982421875 0.2587890625 0.6953125 0.25390625 0.7197265625 0.279296875 0.7216796875
3 0.3837890625 0.84765625 0.408203125 0.8466796875 0.4052734375 0.822265625 0.3876953125 0.818359375 0.380859375 0.8232421875 0.3837890625 0.84765625