4 0.3465028921875 0.4242353546875 0.3365046515625 0.4252958484375 0.33655620625 0.440170315625 0.3057329921875 0.5002886546875 0.46704890624999995 0.575128590625 0.48165180625000004 0.570718165625 0.49499998125 0.57426233125 0.5848930328125 0.61241966875 0.593339203125 0.6075176640625 0.6133230296875001 0.6155696859375 0.6331148046874999 0.56787796875 0.6056932578125 0.5557858375 0.6103434484375 0.5405699937499999 0.6158175640625 0.5266086046875 0.6239734734375 0.51378556875 0.631678121875 0.49669973125 0.650157865625 0.44890346562500005 0.6253604187499999 0.437020478125 0.6097324015625001 0.4300726703125 0.6039423484374999 0.445251271875 0.5153459203125 0.4063379734375 0.491557984375 0.3962405953125 0.47729473437500003 0.42352556249999995 0.47042641406249996 0.4397063109375 0.441789528125 0.46468213281250004 0.3465028921875 0.4242353546875
0 0.1357886640625 0.5257542578125001 0.246816025 0.5941005515625 0.40276874375 0.6604602703125 0.408329240625 0.6460437421874999 0.41312506562499995 0.629684890625 0.41923023906249995 0.6153020031249999 0.40482157343749997 0.6017595953125 0.376055796875 0.589549246875 0.382678328125 0.5764468625 0.395705396875 0.546735134375 0.3044976625 0.5074605421875 0.2881865625 0.519550571875 0.27851300156250003 0.5160036328125 0.27219347968749996 0.5256241375 0.2591719890625 0.5312813765625 0.2366888625 0.5306854890625 0.2174715203125 0.52196900625 0.2012257203125 0.5128361359375 0.14963726093750002 0.48087205 0.1416441359375 0.474683065625 0.12212094062500001 0.5167263796875 0.1357886640625 0.5257542578125001
1 0.11346061874999999 0.4515353390625 0.11126787499999999 0.44221618281249997 0.080824778125 0.5126186703125 0.0886365515625 0.5047499984375 0.099990534375 0.5056548859375 0.1156913828125 0.5134379515624999 0.13487075312500002 0.4695709984375 0.1209930359375 0.4614433578125 0.11346061874999999 0.4515353390625
3 0.1090501125 0.5108592562500001 0.10274872187499999 0.506787315625 0.09634160625 0.5218815359375 0.090562646875 0.5354959078125 0.10481078125000001 0.5412491937499999 0.11661586093750001 0.514420028125 0.1090501125 0.5108592562500001
3 0.2253183625 0.21802175625000003 0.169068840625 0.349757134375 0.122405634375 0.4620292734375 0.1356939921875 0.46929455000000003 0.19586732499999998 0.3260178125 0.2581215765625 0.180530675 0.2805585140625 0.17448253593750002 0.3200490875 0.19149920468749998 0.3698348484375 0.212300675 0.41251232812499994 0.2301736203125 0.42540323124999996 0.22566245000000001 0.43954471875 0.23466007812499998 0.45515159374999997 0.23080260468749997 0.439573853125 0.225188575 0.400100290625 0.20825028437499998 0.361278721875 0.1911088453125 0.3191883921875 0.173242559375 0.28106699218750003 0.15768129375 0.2785448203125 0.1464595171875 0.2666633046875 0.1487051546875 0.2489543265625 0.15609755625 0.2352506671875 0.16419616718750002 0.24323545000000002 0.1758117453125 0.2253183625 0.21802175625000003
3 0.5230967984375 0.2586453703125 0.5089668109375001 0.25314671093749996 0.5050923625 0.2669757546875 0.518799609375 0.2722949703125 0.5352865 0.2792932390625 0.5515301984375001 0.285689115625 0.5589660953125 0.272872653125 0.5406087015625001 0.265579565625 0.5230967984375 0.2586453703125
3 0.679588571875 0.3343458984375 0.6839216625 0.326637096875 0.6661888421875 0.3159272640625 0.6572510921875 0.3269859984375 0.6629162421875 0.33363430781250003 0.679588571875 0.3343458984375
2 0.1013577359375 0.5068956 0.09232631718749999 0.504202690625 0.085202765625 0.5074645140625 0.07552764687499999 0.5277583421875 0.0911910390625 0.533346159375 0.1013577359375 0.5068956
2 0.168278071875 0.3486492015625 0.1530951515625 0.3408506109375 0.11139223125 0.442284409375 0.11535011718749999 0.45208731718750006 0.12011955 0.45997834375 0.12324320312499999 0.4578359953125 0.168278071875 0.3486492015625
2 0.173585109375 0.3317399328125 0.1774266203125 0.3301878609375 0.24229409375 0.177369671875 0.23687473125 0.1676429984375 0.231235359375 0.1684319234375 0.22229760937499998 0.1794906578125 0.16100008125 0.32639790468749996 0.173585109375 0.3317399328125
2 0.3992253609375 0.2450439421875 0.4130393359375 0.2349941453125 0.4114872640625 0.23115263281249998 0.28204127031250004 0.17620606875 0.2707625234375 0.1777839171875 0.2592379890625 0.1824401328125 0.257754034375 0.18686756875 0.3992253609375 0.2450439421875
2 0.4319753265625 0.22287491875 0.5145653296875 0.2540245546875 0.5658032015625001 0.275773740625 0.6419640156249999 0.3067482640625 0.6915213812500001 0.3269006578125 0.829478125 0.3882271 0.8952622874999999 0.41891806249999997 0.8924821953125001 0.407222375 0.8812725374999999 0.39250198125 0.8239307312499999 0.3687152609375 0.6835018796875 0.307999846875 0.6048393921875 0.275195278125 0.545193303125 0.249877015625 0.4683725703125 0.21710665625 0.304767215625 0.147660303125 0.29455664062500003 0.1448418890625 0.2862970265625 0.146185565625 0.2778761953125 0.1458843453125 0.28172935468750004 0.156996625 0.29057732187499996 0.161654903125 0.4319753265625 0.22287491875
5 0.40297395312499995 0.438657809375 0.399352453125 0.4296942828125 0.37854126718750003 0.4187386609375 0.3670425109375 0.43083210781250003 0.3924841328125 0.44587503125000005 0.40297395312499995 0.438657809375
5 0.6096671890625001 0.54079180625 0.6166048156249999 0.5428188031250001 0.6096721921875 0.5591510390625001 0.636307421875 0.5737725499999999 0.6398515875 0.5604243765625 0.6331517234375 0.551215059375 0.6500440625 0.5414110515624999 0.6610639609375 0.5061602875 0.63230195 0.4939515390625 0.616445353125 0.528065415625 0.6096671890625001 0.54079180625
3 0.1758182765625 0.33350694999999997 0.158392428125 0.3270076703125 0.1533991796875 0.3419411515625 0.16936200625 0.34871696874999997 0.1758182765625 0.33350694999999997