4 0.616602278125 0.4785942296875 0.5645576703125 0.43861733750000004 0.5027830109375 0.396517184375 0.483322909375 0.3922706625 0.42837598593750004 0.46261148125 0.4001501453125 0.5129077828125 0.458671740625 0.57350866875 0.5285415328124999 0.6201065484375 0.5455875328124999 0.59048241875 0.5737731015625 0.5539658937499999 0.5860878953124999 0.56992919375 0.6368411734375 0.5030974671874999 0.616602278125 0.4785942296875
0 0.7384165281249999 0.57833550625 0.7225079765625 0.5663934109375 0.6376743406250001 0.5024031140624999 0.6203637734375 0.52568424375 0.612130271875 0.540652028125 0.6164027 0.5459838234375 0.6318208000000001 0.5579734828125 0.6316162796875 0.5696904468749999 0.6524156484375 0.6091219515625 0.6755768843750001 0.6251536125 0.693426771875 0.637037328125 0.6971443515625 0.64653724375 0.7493311593749999 0.577314753125 0.7384165281249999 0.57833550625
5 0.39727203437499997 0.5099274125 0.4673935078125 0.409573415625 0.4482742734375 0.38579861875 0.4365913953125 0.3836412703125 0.387843821875 0.434556075 0.35759698125 0.48872394531249996 0.387507896875 0.509756978125 0.39727203437499997 0.5099274125
5 0.3824576125 0.35144160156250004 0.37142732343749996 0.3678531578125 0.3897917078125 0.37891753437500003 0.399794453125 0.36541817499999996 0.3824576125 0.35144160156250004
5 0.4125197 0.5316812078125001 0.3997411046875 0.5363417140625 0.40827317812499997 0.5511413109375 0.42201114375 0.5474742625 0.4125197 0.5316812078125001
6 0.607688096875 0.7210188546875 0.618872246875 0.7299130578125 0.6925770390625 0.6357436437499999 0.6855931875 0.63223296875 0.6781895609374999 0.627799046875 0.607688096875 0.7210188546875
6 0.749983909375 0.559059315625 0.7556719000000001 0.5522293984375 0.7430326453125 0.5420357671875 0.739430834375 0.5481312875000001 0.731449090625 0.5577590781249999 0.7274752624999999 0.5615965593750001 0.725420175 0.56742095625 0.7282982859375 0.5704013265625 0.732830065625 0.5742508890625 0.7376337984375 0.5778338109375001 0.7380283375000001 0.5725245875 0.740791096875 0.57119505 0.7449825359375 0.5658089953125 0.749983909375 0.559059315625
2 0.773183346875 0.5577627671875 0.7639803203125 0.569730490625 0.760468809375 0.573893 0.759156040625 0.5772753984375 0.7624379765625 0.5796801265625 0.776849396875 0.560565421875 0.773183346875 0.5577627671875
1 0.7583857078125 0.5866708109375 0.7624205749999999 0.5799255859375 0.7587016625 0.57832715 0.749767790625 0.5886530296875 0.716727575 0.633264221875 0.7067222046875 0.646391646875 0.7039742 0.6499586093749999 0.704085203125 0.65866355625 0.710920853125 0.6489186515625 0.7221303265625 0.6352210796875 0.729930471875 0.6259098234375 0.7390024921875 0.6141062625 0.7439243062500001 0.6053318203125 0.751059475 0.596596025 0.7583857078125 0.5866708109375
2 0.69194105625 0.6707710953125 0.7033995390625 0.6563466375 0.7015362140625 0.651439275 0.6297053781249999 0.7469507390625 0.63233764375 0.7496778203125001 0.6538060531250001 0.720072375 0.6804655671875001 0.686170215625 0.69194105625 0.6707710953125
5 0.5664679328125 0.4289339640625 0.56772666875 0.421098509375 0.5583104718749999 0.4141992109375 0.5502143421875 0.42808903125000003 0.58842026875 0.45681827343750003 0.5975512171874999 0.450913778125 0.5664679328125 0.4289339640625