4 0.441269721875 0.34945177968749996 0.4381248734375 0.3371225625 0.33769940468750004 0.3683300640625 0.34861241875000004 0.40414987656249995 0.3865821234375 0.5203547656249999 0.557333903125 0.46993704843749995 0.5542952046875 0.4632449671875 0.5622762828125001 0.459491090625 0.5377603265625 0.39086112968750003 0.5271876953125 0.3375441296875 0.518851196875 0.32653333125 0.441269721875 0.34945177968749996
5 0.4454098765625 0.5525909328124999 0.40878503750000006 0.5650765171875001 0.4216512953125 0.6003737890624999 0.459223028125 0.589596446875 0.4533657015625 0.5649292984375001 0.4605793421875 0.5598141562500001 0.5340145671875 0.539206365625 0.516552646875 0.483495903125 0.504660859375 0.4862508765625 0.43482766406250006 0.5093282546875 0.4454098765625 0.5525909328124999
0 0.407518534375 0.252307284375 0.34342671406249997 0.2719209984375 0.35836272187499996 0.325052453125 0.3677509578125 0.3581243890625 0.42929961250000004 0.3382096578125 0.41890294531250005 0.29931035625 0.407518534375 0.252307284375
6 0.46156607968749996 0.29842091875 0.42297931718750004 0.3092279875 0.4258090296875 0.32309145 0.453597375 0.3143018203125 0.46203031718750004 0.34225494843750004 0.474667484375 0.33877734843749996 0.46156607968749996 0.29842091875
6 0.3306501828125 0.3415303203125 0.334190359375 0.3544762875 0.3647522875 0.345912903125 0.36060840625 0.3336597515625 0.3306501828125 0.3415303203125
6 0.43482766406250006 0.5093282546875 0.3824524265625 0.5246503578125 0.38639869843749997 0.5341899234375 0.436755596875 0.5173335531250001 0.43482766406250006 0.5093282546875
6 0.5374117953125 0.2318003265625 0.5311606015625 0.22052287656249997 0.524071740625 0.22314943281250002 0.5309976734374999 0.2353557328125 0.5374117953125 0.2318003265625
2 0.5274273359375 0.15387645781249998 0.40100100625 0.19152896875 0.397385203125 0.21759445781250003 0.5374672703125001 0.1762888765625 0.5274273359375 0.15387645781249998
3 0.5381754953125 0.1764915890625 0.39763237500000004 0.2174891703125 0.40221733750000005 0.232210534375 0.544478303125 0.1932370125 0.5381754953125 0.1764915890625
2 0.5425080203125 0.19075753906249998 0.40105328125 0.23226049531249998 0.405996053125 0.244402425 0.5474507921875 0.202899471875 0.5425080203125 0.19075753906249998
1 0.3968191640625 0.21316400156249998 0.39933128125 0.1897465234375 0.37954282500000003 0.196073675 0.3150838375 0.2162065203125 0.335490053125 0.2394739890625 0.34174112968750003 0.2621476265625 0.405785653125 0.2433146765625 0.3968191640625 0.21316400156249998
2 0.338011415625 0.2511190953125 0.300901671875 0.2615697984375 0.30513619687500004 0.2735090296875 0.3424493546875 0.26235028437499996 0.338011415625 0.2511190953125
3 0.333426475 0.23639777343750001 0.2972283296875 0.246343115625 0.302272115625 0.2601201078125 0.337604584375 0.2525351265625 0.333426475 0.23639777343750001
2 0.316161921875 0.216691046875 0.2888572609375 0.22479143750000002 0.298799215625 0.2448771265625 0.3329216421875 0.23548703125 0.316161921875 0.216691046875