5 0.645999884375 0.5870269484375 0.632863725 0.590555990625 0.6204450484375 0.6059437437499999 0.6186418609375 0.623096159375 0.6279367984374999 0.6382234390625 0.6376552203125 0.6441430828125 0.6657598734375 0.6460085125 0.6788745921875 0.62997111875 0.6793302875 0.6062411828125 0.6643508484375 0.5899376546874999 0.645999884375 0.5870269484375
5 0.635255240625 0.521089490625 0.6268730671875 0.5261001390625 0.6319362203125001 0.5433253062500001 0.667973171875 0.546131 0.6669990265625 0.527371721875 0.635255240625 0.521089490625
5 0.5826988734375 0.460576859375 0.5770845546875 0.5139935390625 0.630532171875 0.521182240625 0.6313417625 0.4686352578125 0.5826988734375 0.460576859375
4 0.39548535625 0.6068480703125 0.458768771875 0.6213549578124999 0.5349316828124999 0.6254322359375 0.5635954109375 0.6247481859375 0.5698182703125 0.5787311171875 0.6121309640625 0.5850267359375 0.6187142921875 0.5215112390625001 0.57614425625 0.515465840625 0.5791634375 0.4717921578125 0.5808760093750001 0.440550046875 0.3847108546875 0.4160044921875 0.3780267046875 0.42728164843750005 0.3718028453125 0.5051828281249999 0.39409058125 0.513613378125 0.40182062343749997 0.5222813953125 0.39548535625 0.6068480703125
0 0.2622781796875 0.5646860859375 0.31287683125 0.570671196875 0.372720740625 0.5771833703125 0.396238078125 0.57906226875 0.40084008281249994 0.5278735984375 0.400904515625 0.520562125 0.3868002765625 0.5193761453125 0.387818096875 0.5153330203125 0.387431565625 0.510549440625 0.3705253953125 0.5079943874999999 0.35758717500000003 0.5068197890625 0.34345211875000003 0.5059270140625001 0.255053153125 0.49487582343750003 0.2400154515625 0.494462503125 0.24554217031249997 0.5095687203125 0.253539496875 0.5350133859375 0.2622781796875 0.5646860859375
6 0.3605566046875 0.500073034375 0.3609649203125 0.4961881828125 0.36418479375 0.4935807796875 0.3700120703125 0.4941932515625 0.3710853625 0.4933241171875 0.37128951875 0.4913816921875 0.37343610156249996 0.48964342343749995 0.3742527296875 0.4818737203125 0.371645328125 0.478653846875 0.36387562500000004 0.47783721874999996 0.362802334375 0.47870635312500004 0.359582459375 0.4813137546875 0.355697609375 0.48090544062499996 0.350535309375 0.48330868593750004 0.3503311515625 0.4852511125 0.34818456875 0.4869893796875 0.3477762546875 0.49087423125 0.345629671875 0.4926125 0.34522135781249996 0.4964973515625 0.343074775 0.49823561875 0.342462303125 0.504062896875 0.3433314375 0.5051361875 0.3472162890625 0.5055445015625 0.3489545578125 0.507691084375 0.35089698281250004 0.5078952421875 0.353043565625 0.5061569734375 0.3588708421875 0.5067694453125 0.359944134375 0.5059003109375 0.358205865625 0.503753728125 0.35841002187500004 0.5018113015625 0.3605566046875 0.500073034375
6 0.276013303125 0.5664861937500001 0.26401213437500004 0.5650583640625 0.2717540328125 0.5911732749999999 0.2749271265625 0.6021599281250001 0.28668554375 0.6027299609375001 0.28303534531249996 0.5883640625 0.2796457 0.5778540265625 0.276013303125 0.5664861937500001
2 0.23680320625 0.5790339546875 0.24090162187500003 0.593043815625 0.2463051578125 0.607887225 0.2560201265625 0.608211934375 0.269142675 0.6092429984375001 0.26344853437500004 0.5905390546875 0.2605104546875 0.5787402421875 0.2559952703125 0.5653829296875 0.24356355624999998 0.577655403125 0.23680320625 0.5790339546875
1 0.2434628359375 0.577122675 0.2533266140625 0.5673580421875 0.25393908593750003 0.5615307656249999 0.2480067984375 0.54323230625 0.232512371875 0.49397474375000006 0.22371768125 0.4847087421875 0.21635629218750002 0.48000726250000003 0.209418365625 0.47518289999999996 0.20033734062500003 0.47213935156250003 0.2061586640625 0.49294576875 0.21134504999999998 0.509855425 0.219831446875 0.535120134375 0.22764664687499997 0.5568324671875 0.2358062453125 0.5785809984375 0.2434628359375 0.577122675
2 0.23254126562500002 0.49162362187499997 0.2225894609375 0.46092374375 0.19545884062500002 0.377394671875 0.1796995484375 0.33144945312499996 0.1643114453125 0.32842027812499996 0.156090621875 0.327556234375 0.16484670937499998 0.355678246875 0.18436534375 0.41439999375000003 0.1958763203125 0.452256621875 0.20142531406250003 0.47135212187500003 0.21324597656250002 0.47750595156250003 0.224948815625 0.4847807859375 0.23254126562500002 0.49162362187499997
6 0.20239121875000002 0.33835355 0.18939721874999998 0.33728567656249997 0.23668163281250001 0.4825518 0.24077704843749997 0.4945991375 0.2530110484375 0.49439564375 0.2508549625 0.48940312031250005 0.24871254999999998 0.4804622171875 0.2443239015625 0.4693551859375 0.2414848 0.4595249828125 0.2285155375 0.41854526718749996 0.20239121875000002 0.33835355
5 0.23443299843749998 0.3640741984375 0.24220270156249998 0.3648908265625 0.24756915781250002 0.36054515625 0.247773315625 0.35860273125000003 0.2499198984375 0.35686446250000003 0.2501240546875 0.3549220359375 0.2483857859375 0.3527754546875 0.24899825781249998 0.3469481765625 0.2463908546875 0.34372830312499997 0.2347363015625 0.3425033609375 0.23366301093750003 0.34337249375 0.22916568750000002 0.34879145624999996 0.2285532171875 0.3546187328125 0.230291484375 0.356765315625 0.230087328125 0.3587077421875 0.23443299843749998 0.3640741984375
2 0.317508490625 0.7695102234375 0.32316305 0.768156265625 0.3140098296875 0.7382340093749999 0.2819641328125 0.639257453125 0.27171625312500003 0.6084266890625 0.2459640296875 0.6081003140625 0.26888361562499996 0.6809345 0.3006335640625 0.7749127828125 0.317508490625 0.7695102234375
3 0.7567839484375 0.7436123953125 0.7168198 0.7447074984375 0.6313518546875 0.7380039953125 0.475754871875 0.7213344375 0.444063590625 0.7238952000000001 0.42837253437499995 0.7330473609375 0.41385978124999995 0.7590163765625 0.40688372812500007 0.803246284375 0.40681625 0.8300962593750001 0.4276077296875 0.8288383203125 0.44499362187499997 0.8272224296875 0.448928453125 0.7803771921875 0.45477057812500005 0.766960865625 0.4656402953125 0.7615129031250001 0.5014793046875 0.7615405171875 0.6179504734375 0.7737821296875 0.6801469703125 0.77825331875 0.7657162421875 0.783115159375 0.807145521875 0.77285800625 0.8108049765625 0.7341400859375 0.78875966875 0.7407754 0.7567839484375 0.7436123953125
2 0.4512791921875 0.7766964984375 0.4455947671875 0.7937608171874999 0.4441253828125 0.8180973546875 0.4462236203125 0.8292027671875 0.4670616234375 0.8272454890625 0.5311598281250001 0.8288777749999999 0.7732475703125 0.8471387359375001 0.7930221296875 0.8499891843749999 0.801462390625 0.850490275 0.80401515625 0.827078365625 0.807871909375 0.7751503390625001 0.7847705781250001 0.777162215625 0.763387778125 0.78305451875 0.7002594796875 0.778620375 0.5119411015625001 0.7631812671875 0.4860462484375 0.761003853125 0.4694156078125 0.7587116578125 0.4592170578125 0.7625379437500001 0.4512791921875 0.7766964984375
2 0.633439553125 0.7374400296875 0.697609925 0.7423751109375 0.7214176859375 0.7439726765625 0.7513241749999999 0.7434970062499999 0.7653825624999999 0.74316511875 0.780971315625 0.74118459375 0.7994327984375 0.7376965203125 0.8117713375 0.7322077859375 0.8137727703125 0.7113800515625 0.8166618734375 0.6706615796875 0.6579492484375 0.6525896296875 0.60445371875 0.64557644375 0.5391228421875 0.638709890625 0.4310826921875 0.6280497046875 0.38026565625000003 0.622013328125 0.34601172343750003 0.6185653796875 0.31885966875 0.61435446875 0.29335624843749997 0.6116739515625 0.29849295625 0.6316658281249999 0.337963534375 0.7571701765625 0.35143207187500003 0.795107478125 0.361419225 0.8119901453124999 0.3729925625 0.8224932109375 0.3881023625 0.8292705453125 0.4019424359375 0.83140656875 0.4071512859375 0.8300861218750001 0.406746265625 0.8161675781250001 0.40835519375 0.80085964375 0.4108526046875 0.782176096875 0.41371063750000003 0.7600614593749999 0.4185009953125 0.7474895125 0.4248706859375 0.7376847453125001 0.43118036093749995 0.72930048125 0.444955290625 0.723057990625 0.45220814374999996 0.722915553125 0.46764297343749994 0.7213389203125 0.633439553125 0.7374400296875
2 0.3523379609375 0.859310465625 0.3720131484375 0.8675414109374999 0.395102765625 0.8734859453125001 0.40861284062500003 0.8721399921874999 0.408633359375 0.85001479375 0.38591342968750003 0.8473996734375 0.3597402578125 0.8348293453125001 0.338844271875 0.812254553125 0.3320981203125 0.793106028125 0.3081984203125 0.801196771875 0.3129756328125 0.81276255625 0.3205364671875 0.824159921875 0.3256491359375 0.8325340421874999 0.3369444765625 0.8461805953124999 0.3523379609375 0.859310465625
2 0.43615738437499996 0.846914846875 0.4380085859375 0.8687757906250001 0.464285253125 0.8687716609375 0.5058478734375 0.8680692078125001 0.556234409375 0.8711927796875001 0.5698313890625 0.8726218796874999 0.6479357703125 0.880237328125 0.7966465734375 0.8907966265624999 0.7978593046875 0.8798955703125 0.79913853125 0.8670872265625 0.7182916640625 0.8599728390625 0.6200228609375 0.8519493171875 0.5244418375000001 0.8446692656250001 0.4922335109375 0.8448271796875 0.4561945234375 0.8448719546874999 0.43615738437499996 0.846914846875
3 0.3401238734375 0.8122748734374999 0.3522613375 0.8279277734375 0.36624608125 0.8399532187500001 0.3919041203125 0.8483770296875001 0.40919533750000003 0.8491089015625001 0.4093404140625 0.8735480875 0.4378759484375 0.8705769875 0.43723312343750004 0.84493805625 0.45245077968749997 0.845513915625 0.4731322109375 0.8449738343750001 0.4948872875 0.8445466296875 0.5339335828125 0.8448512625 0.6491524796875 0.85370473125 0.80039498125 0.8658016937499999 0.8014380187500001 0.8507142 0.7407768609375001 0.84433845625 0.5171485453125 0.8289754874999999 0.45038568593750006 0.8290142359375 0.44123753906249996 0.8283670781250001 0.4058746765625 0.8301150046875 0.3929312796875 0.8297792328125 0.37906267968749996 0.8252476796874999 0.36485524375 0.814191165625 0.353740875 0.7997027453125 0.34426078437499996 0.7761643828125 0.32999448125 0.7299225468749999 0.3006624875 0.64179494375 0.291590203125 0.6111269781249999 0.27094809375 0.6092989703125 0.2832392453125 0.6450868609375 0.30173887499999996 0.70304461875 0.3229775359375 0.767438059375 0.29965220625 0.7748912812500001 0.309150559375 0.80150546875 0.3305910328125 0.7924879703125 0.3401238734375 0.8122748734374999