4 0.44540979687500004 0.5631689421875 0.4818478328125 0.6366890765625 0.55510294375 0.6053179703125 0.6524305546875 0.562771390625 0.62784318125 0.5061143125 0.5899718203125001 0.41664551406249994 0.4729653015625 0.4733351078125 0.4799913046875 0.4899253375 0.42586590625 0.51090730625 0.44540979687500004 0.5631689421875
5 0.47877441093749995 0.488378146875 0.47107955468749996 0.472791021875 0.5117621765625 0.4521159375 0.4902658671875 0.404187784375 0.46563029531250005 0.4147402109375 0.45193591250000004 0.4335665203125 0.4122126203125 0.45081145468750006 0.43608551718750005 0.506579859375 0.47877441093749995 0.488378146875
2 0.6934339359374999 0.66752670625 0.701383621875 0.686403959375 0.743746096875 0.6675022359375 0.7359596296875 0.6489750078125 0.6934339359374999 0.66752670625
2 0.7074940296875 0.701943128125 0.7251566046875 0.71970014375 0.756309475 0.7060255468750001 0.748805609375 0.6835314718750001 0.7074940296875 0.701943128125
3 0.702529934375 0.6876393265625 0.7081385578125 0.7014157437499999 0.7496933296875 0.6826913968749999 0.7440524875000001 0.6678509328125 0.702529934375 0.6876393265625
0 0.5843292234375 0.5932317234375 0.6264568578125 0.6873808453125 0.6894393234375 0.6605683453125 0.65100370625 0.5635281265625001 0.5843292234375 0.5932317234375
1 0.6316119484375 0.6947777078125 0.6462129390625 0.729803165625 0.6480807468750001 0.7557031703125 0.7292549921875 0.7212599390625 0.7082161296875 0.700890603125 0.691815915625 0.668408609375 0.6316119484375 0.6947777078125
2 0.4919189421875 0.7894600859375001 0.46019267499999994 0.7863573421875001 0.4420290921875 0.824229290625 0.48311797968750003 0.8263751156250001 0.6477792328125 0.7551318578124999 0.6457169421875 0.7296742125 0.5232788453125 0.7808023609375 0.4919189421875 0.7894600859375001
3 0.4365100375 0.7777652015625 0.41906069375 0.8161925968749999 0.4418869109375 0.8226355734374999 0.4576147171875 0.7880664390625001 0.4365100375 0.7777652015625
2 0.43562952031249996 0.7759161203125 0.4160172953125 0.7637813140625 0.40205353125 0.742858890625 0.24219045781249998 0.37017298906249996 0.20418659843750003 0.3878944796875 0.37325429374999997 0.7735284765625 0.3967757515625 0.8028395312500001 0.41755336718749997 0.8158984953124999 0.43562952031249996 0.7759161203125
3 0.24036531874999997 0.3700635546875 0.40160359999999995 0.73980408125 0.41537198125 0.7620149265625 0.4387245046875 0.777711525 0.457412234375 0.7870621843750001 0.48419162499999996 0.7887700765625001 0.49924444531249995 0.7881197578125 0.514870565625 0.7837281625 0.627879884375 0.7365314953125 0.6456181125 0.727970534375 0.6394086125 0.71465421875 0.524273609375 0.7622631171875 0.5062189484374999 0.769524159375 0.4945601953125 0.770618265625 0.4826796765625 0.7712367921875 0.47155912187500004 0.770580815625 0.45619248749999997 0.7661576 0.44228416406250004 0.7590092703125 0.42796820625 0.7465974906249999 0.419441015625 0.7348948140625 0.4121109921875 0.719907125 0.40118283125 0.6950084796875 0.256925040625 0.36271149375 0.24036531874999997 0.3700635546875
2 0.6403602390625001 0.7136934203124999 0.6302516312499999 0.6955236296875 0.48637982031250004 0.7550328125 0.45859623281250006 0.75214068125 0.4367874125 0.7367013906250001 0.42594066562500005 0.7209494796875 0.4138673203125 0.693888646875 0.266696846875 0.357640109375 0.2577082484375 0.362921225 0.40605975625 0.7047180546875 0.42251554999999996 0.741177075 0.4374034703125 0.75439401875 0.455635359375 0.7665964749999999 0.4835735234375 0.7715485953125001 0.5068594859375 0.7688628578125 0.6403602390625001 0.7136934203124999