4 0.48410214687500003 0.5438964937499999 0.457558453125 0.5179064375 0.42368779375 0.4800207078125 0.41130828125 0.4770420671875 0.2750753140625 0.60588555 0.277571896875 0.6211231890625 0.3333434546875 0.6704414265625 0.3430094578125 0.670610146875 0.382348353125 0.6326210171875 0.397369065625 0.642552153125 0.41829885625 0.6304859796875 0.4968441765625 0.5551168375 0.48410214687500003 0.5438964937499999
0 0.390440675 0.6438124968750001 0.38230014687499997 0.6353827328125 0.341604496875 0.6719669015624999 0.334700209375 0.6718463875 0.314300684375 0.65353369375 0.310023425 0.64908683125 0.3032262984375 0.6494890984375 0.27579037500000003 0.6200154203125 0.2609355703125 0.63333360625 0.27912846406249997 0.690214275 0.28395067812499997 0.7071270593750001 0.31740551250000004 0.6753335609375 0.3363923359375 0.6949949921874999 0.390440675 0.6438124968750001
1 0.2443021875 0.647578553125 0.21793669375000002 0.672103559375 0.205116996875 0.684015434375 0.18184076093749998 0.6812243437500001 0.1983601390625 0.730783253125 0.21391140156250002 0.7812770953125 0.22779771875 0.7627198578125001 0.24094154687499997 0.7458155546875 0.24719345937499998 0.7421178953124999 0.255656475 0.7344131484374999 0.27864989375000004 0.7122086624999999 0.2547097265625 0.6375281109375 0.2443021875 0.647578553125
2 0.18869681562500001 0.6813858046875 0.19474031249999998 0.6815826875 0.2001084234375 0.6849330546875 0.20392099843749997 0.684096065625 0.20157680937500003 0.6732027734375 0.19669508125 0.6626264078124999 0.187511184375 0.67078399375 0.18017904375 0.6764421859375 0.1842887921875 0.6852869687500001 0.18869681562500001 0.6813858046875
3 0.20366336562499998 0.68400135625 0.20382858124999997 0.6849085968749999 0.20989194218749999 0.6794088640625 0.213392809375 0.675672528125 0.21797227656249998 0.672316975 0.20981425312500002 0.6524586390625 0.1966089078125 0.6630773203125 0.20063961406250003 0.6705639515625 0.203940865625 0.6783994453125 0.20366336562499998 0.68400135625
2 0.21346462968750002 0.6610237484375 0.21463790781249997 0.6656068578125 0.2179785078125 0.67195534375 0.254377421875 0.63787210625 0.252503928125 0.631147028125 0.24920894218749998 0.6229499234375 0.24764716406249998 0.6191241828125 0.23588827656250003 0.6297684078125 0.21053125156250002 0.6528330296875 0.21346462968750002 0.6610237484375
2 0.225337840625 0.76653028125 0.2200310921875 0.77503661875 0.21389428281249998 0.7818083 0.22281751249999998 0.8129261187499999 0.230155440625 0.834584309375 0.2280986765625 0.8416430390625 0.25032328125 0.8501934984374999 0.2558374171875 0.8545908984375 0.2483204625 0.8301466218750001 0.24225060625 0.80810926875 0.2345280109375 0.78217268125 0.2292882234375 0.76187000625 0.225337840625 0.76653028125
3 0.24134140624999997 0.7476941171875 0.22811603125 0.763912878125 0.2387988265625 0.7953795765625 0.24120151875 0.8055796359375 0.24512716406249999 0.8180796625 0.25260610625 0.8424937625 0.256100559375 0.85180051875 0.2646350171875 0.8431361859375001 0.269219090625 0.8391320999999999 0.2643053828125 0.824855234375 0.2571942125 0.8008644687500001 0.2434500828125 0.755892865625 0.24134140624999997 0.7476941171875
2 0.2710805578125 0.72024205 0.2594999359375 0.7310026265625 0.2503169609375 0.739870521875 0.24095242031250003 0.746800184375 0.24473452812500002 0.7614403984375 0.26473162499999997 0.8265557171875001 0.269471915625 0.8384652499999999 0.3080048640625 0.7982954421875 0.3035570359375 0.79423655 0.299631390625 0.7817365234375 0.2942308515625 0.76171693125 0.2867113515625 0.7364282125 0.2789665171875 0.711781265625 0.2710805578125 0.72024205
5 0.45790440156249995 0.44647202343750003 0.423711896875 0.47863985 0.4351175484375 0.49263805937500005 0.4656069578125 0.524868921875 0.4932927421875 0.550905821875 0.5248752046875 0.51977114375 0.45790440156249995 0.44647202343750003
5 0.6844630765625 0.3381570578125 0.686911453125 0.35615641249999996 0.7004307937500001 0.3729677328125 0.73330624375 0.3887356375 0.7418083156249999 0.3764525359375 0.7296216265625 0.362427034375 0.6844630765625 0.3381570578125