0 0.3851736265625 0.301800284375 0.40696998124999995 0.3496156828125 0.41105980000000003 0.357433296875 0.44371568593750005 0.3363477 0.46986040781250005 0.32805545625 0.4449346109375 0.2741153703125 0.3851736265625 0.301800284375
4 0.5776257031250001 0.5630917390625 0.5698272265625001 0.541343434375 0.57742973125 0.51443219375 0.5544545609375 0.45676950312500003 0.5158370875 0.3877420140625 0.505868209375 0.34977151093750003 0.490071859375 0.3239775828125 0.4448609515625 0.337641596875 0.3957951328125 0.3667629953125 0.40849055156249997 0.393001025 0.39887706093749997 0.3977753046875 0.39647383281250004 0.39287199375 0.382652078125 0.39546760000000003 0.375338265625 0.38138384531249997 0.3467761140625 0.387822784375 0.329824778125 0.39940623125 0.4269974828125 0.6134022171875 0.4364732390625 0.630948209375 0.44680348125 0.626085021875 0.5655766453125 0.5706899890625 0.5776257031250001 0.5630917390625
1 0.36052238124999997 0.2561212421875 0.3808495984375 0.2949563546875 0.3953640390625 0.289924640625 0.4409258703125 0.2668577359375 0.4275769125 0.237817371875 0.42336123593749997 0.22837130625 0.4307650890625 0.20615778125 0.337730090625 0.24712855625 0.36052238124999997 0.2561212421875
3 0.4993089265625 0.21771098906250003 0.4920052453125 0.209576025 0.44610150937500004 0.22012590312500002 0.42549664375 0.23158798906250003 0.430359625 0.2450286578125 0.4431672328125 0.2410541125 0.46126895625 0.23302764531250003 0.489119746875 0.22588366249999997 0.503580753125 0.22741925625 0.4993089265625 0.21771098906250003
2 0.49627286249999997 0.2089001 0.48315477187500006 0.1951272 0.47390970781249997 0.1916918859375 0.44720814062500003 0.19789847031250002 0.4315748109375 0.2053182234375 0.42523908125 0.21960419375 0.42487872343750005 0.23113928593750002 0.43139136562499997 0.22737491406250002 0.43655702031250004 0.2254636140625 0.466203815625 0.21584886874999998 0.49627286249999997 0.2089001
2 0.33887825 0.24747249531249998 0.31520995625000003 0.258975321875 0.29167385625 0.2689802515625 0.2801054453125 0.27524344218749996 0.262828015625 0.28278009375 0.27359093749999996 0.3017531375 0.3542691078125 0.2653432875 0.36312557343749996 0.2606173578125 0.36172016875 0.25640901875 0.33887825 0.24747249531249998
2 0.297565115625 0.30617620625 0.2814258453125 0.31390185000000004 0.28820365468750003 0.32870588125 0.29190633125 0.338089046875 0.2976056125 0.333320290625 0.3034176625 0.331465640625 0.310225946875 0.32780261093749996 0.3261189296875 0.32085447500000003 0.342882059375 0.3132956453125 0.382236890625 0.2949809875 0.36868412031250003 0.2723881359375 0.330071790625 0.29216578593750003 0.31459625625 0.2994170609375 0.297565115625 0.30617620625
3 0.3240885328125 0.2945200671875 0.3367227046875 0.288717525 0.34439179062499997 0.28537193437499997 0.3578310421875 0.2777635328125 0.369155253125 0.27204925625 0.3627291171875 0.2606130765625 0.33499920625 0.274922121875 0.318091621875 0.2816275875 0.3162712609375 0.28342344218750004 0.3106808421875 0.2847788109375 0.30412927343749996 0.28834472031249997 0.2870951671875 0.2958858703125 0.27479934687499996 0.301292778125 0.28088218125000003 0.31347521562499997 0.291704565625 0.308547803125 0.3055920359375 0.3019507921875 0.311196053125 0.300516978125 0.31904896250000003 0.29659061875 0.3240885328125 0.2945200671875
6 0.406824740625 0.3485590625 0.4002217625 0.352394675 0.3919945859375 0.35625504375 0.3842325859375 0.35864684375 0.3802447046875 0.3613708109375 0.3832470953125 0.372984396875 0.3866069 0.3824490359375 0.390409140625 0.3932385 0.3975868171875 0.3930315953125 0.3995834328125 0.39829496249999996 0.4077860734375 0.39281109375 0.40626781406249995 0.3890993484375 0.3956531421875 0.3661373296875 0.4110203125 0.3574263625 0.406824740625 0.3485590625
5 0.54742723125 0.412400690625 0.5440753093749999 0.4099653765625 0.53635899375 0.41118752187499996 0.5319946015625 0.4148449796875 0.5326056734375 0.4187031375 0.5348402890624999 0.4203266796875 0.537685975 0.42580837968749996 0.5410378984374999 0.42824369375 0.5437787484375 0.42682085000000003 0.5492604484375 0.4239751640625 0.54742723125 0.412400690625
2 0.5075203671875 0.24349962500000003 0.5048068453125001 0.2353741078125 0.5022209375 0.2258024796875 0.49900568125 0.2252890234375 0.46395024687499997 0.2318639625 0.44803888281250004 0.23723583750000002 0.4308285140625 0.24566524531249997 0.4417148203125 0.2671116359375 0.4527002890625 0.26216346874999996 0.47467132031250003 0.2522671140625 0.5075203671875 0.24349962500000003
5 0.5885159171875001 0.55321446875 0.5505543875 0.5819679 0.5564554359375 0.6067403875 0.5731102109374999 0.6120124140625001 0.6082350265625001 0.5965618359375 0.5885159171875001 0.55321446875