4 0.5352069953124999 0.42889587812499996 0.4836722078125 0.4022888171875 0.4587564015625 0.3875103390625 0.41739254531250003 0.364415540625 0.37320225625000003 0.340082228125 0.35270332187500003 0.378853809375 0.334492284375 0.37025244062499996 0.318525940625 0.396353540625 0.3193366125 0.4047150421875 0.3325108125 0.4111935328125 0.310787984375 0.45126459375000005 0.327901515625 0.4586998109375 0.3337849140625 0.46545883281249995 0.3480047765625 0.47366867343749997 0.425464353125 0.5174730249999999 0.46905045312500004 0.540497853125 0.4744406703125 0.53963636875 0.4782890125 0.5336982828125 0.50784755625 0.4785951328125 0.5352069953124999 0.42889587812499996
5 0.732000515625 0.60011644375 0.678850490625 0.5671749875 0.6569573421875 0.5601731578125 0.6147034859375 0.6372652343749999 0.622184203125 0.6438395031249999 0.68912754375 0.6802339843749999 0.7328111875000001 0.6084779453125 0.732000515625 0.60011644375
0 0.27364365 0.3353662328125 0.29186454375 0.344876184375 0.29316200625 0.337622515625 0.28890919375 0.3285106265625 0.282528803125 0.320434759375 0.27364365 0.3353662328125
0 0.293850209375 0.44299941093750006 0.30871586562500003 0.4504544640625 0.312003 0.44671410624999996 0.3271748046875 0.41426573437499997 0.31328127656250004 0.40654995781250003 0.31637887187499997 0.396417759375 0.312515234375 0.39357576562499996 0.31735782343749996 0.3866580296875 0.3027538359375 0.3748435015625 0.29349618906249997 0.3862629984375 0.30567819375 0.3948245578125 0.28185463125 0.436088178125 0.293850209375 0.44299941093750006
0 0.6380009531249999 0.5523263843749999 0.6158842203125 0.5604795609375001 0.5685967125 0.532580328125 0.5687935453125 0.5467417828125 0.6257394671875 0.580815090625 0.6262305718750001 0.5861797453125 0.6384708578125 0.5929477890625 0.6595756734375 0.5543214171875 0.6542622140625001 0.5500581343750001 0.6442380984375 0.5508462781250001 0.6380009531249999 0.5523263843749999
2 0.254354278125 0.3046579625 0.27617525 0.3154474734375 0.2952735 0.28080104375000003 0.27343136874999996 0.26956112656250003 0.254354278125 0.3046579625
3 0.25400773593750003 0.30497735000000004 0.2736993578125 0.26909695624999996 0.2567852296875 0.25871270625 0.235882721875 0.2949169125 0.25400773593750003 0.30497735000000004
2 0.227678265625 0.29287420937499997 0.2349085578125 0.295239803125 0.2560561421875 0.2586111125 0.244715146875 0.251611165625 0.22298013125 0.289257315625 0.227678265625 0.29287420937499997
1 0.2347952640625 0.2955907703125 0.22942785 0.2937744828125 0.222640125 0.289695271875 0.21620100937500003 0.3013183390625 0.22758922187500003 0.307766809375 0.23572094375 0.312889184375 0.2433048484375 0.3169667484375 0.2521832046875 0.32088862812499996 0.2681848234375 0.33072918125 0.27203433125 0.3230184171875 0.27678729999999996 0.3158292546875 0.2654904796875 0.310479278125 0.2569370671875 0.305873765625 0.2497543859375 0.3024638703125 0.2347952640625 0.2955907703125
5 0.532338609375 0.500628509375 0.5086582281250001 0.486956634375 0.5046562 0.48802897500000003 0.48388671875 0.527909021875 0.47269130625000005 0.53948754375 0.46292568125000005 0.556402103125 0.4764573296875 0.564214603125 0.4980888078125 0.57557590625 0.5217691906249999 0.58924778125 0.5309433968749999 0.5945059406250001 0.53895741875 0.5983461890624999 0.5422325531250001 0.5909135734375 0.5695763031250001 0.5435528093750001 0.5680507390625 0.5325232890625 0.5395576578125 0.5115622515625 0.532338609375 0.500628509375
0 0.7226117578125 0.5930445359375 0.7360278765625 0.580067328125 0.7501780124999999 0.574026859375 0.7732804671875 0.5873650671874999 0.789176053125 0.5598331062499999 0.736170009375 0.53159840625 0.714073821875 0.5360116265625 0.68409826875 0.553046190625 0.6680867421875 0.5479465125 0.6582424328125 0.5588412843749999 0.6939900859375 0.575927703125 0.7097277015625 0.5856059234375001 0.7226117578125 0.5930445359375
6 0.702382484375 0.7122160015625 0.7713016234375 0.58799885 0.75778539375 0.5796031703125 0.6880970671875 0.7051525187500001 0.702382484375 0.7122160015625
3 0.23072041250000003 0.310023465625 0.19478518125 0.37417658593750003 0.18393904375 0.39631865 0.16787559531250001 0.42190397187500006 0.1840654484375 0.43189675312500003 0.23440003125 0.340240078125 0.2466993703125 0.3189369984375 0.23072041250000003 0.310023465625
2 0.1956553328125 0.43923369843750004 0.2036105375 0.44447220625000006 0.2675674125 0.330339646875 0.2579542015625 0.32349834375 0.2479867671875 0.3183891875 0.1847938203125 0.4323172796875 0.1956553328125 0.43923369843750004
2 0.16841025625 0.4222092125 0.17908944375 0.4002281890625 0.230294678125 0.3091628859375 0.2253178921875 0.306596921875 0.216783803125 0.3016697640625 0.15420741093749998 0.414316571875 0.16841025625 0.4222092125