4 0.375897453125 0.6413383609375 0.3757227703125 0.6586171375000001 0.3855786625 0.6587829328125 0.3861222296875 0.66783888125 0.480210765625 0.6732491609375 0.484017259375 0.6615233890625001 0.5436475125 0.6653691234375 0.56214319375 0.6642589546875 0.5655462859375 0.6591047390625 0.56530793125 0.599522628125 0.5697850859375 0.5338640359375 0.5599325828125 0.5140368640624999 0.41736158906250004 0.5069137421875001 0.38258970312499996 0.5055169078125 0.37629752031249997 0.6296269359375 0.375897453125 0.6413383609375
0 0.5154291359375 0.661895196875 0.5081726640625 0.6619297375000001 0.49941217499999996 0.66255363125 0.500170440625 0.672928703125 0.49765296093750006 0.6912882328125 0.47273696718749997 0.690057196875 0.4724269171875 0.6745939562500001 0.44123072187499995 0.6702790078125 0.4053390421875 0.6700179109375 0.4035984015625 0.6824377203124999 0.3753248515625 0.6822713171875 0.374202171875 0.6938508640625 0.3985325625 0.6954200375 0.40452354062499996 0.6978507890625 0.404947621875 0.7139694828125001 0.40168881875 0.7537078937499999 0.40319490468749997 0.763001540625 0.47021508437500004 0.764128946875 0.4711945828125 0.705605121875 0.506484403125 0.70596189375 0.5117740687500001 0.7013131828125 0.5154291359375 0.661895196875
6 0.3812604625 0.5006109640624999 0.38107330781250004 0.5049474546875 0.38929154375 0.50519990625 0.394598465625 0.5054033812500001 0.404757559375 0.50568848125 0.4124601171875 0.506046459375 0.42204260156249995 0.5066644625000001 0.427410453125 0.5066405609375 0.4345068515625 0.5067154484375 0.434195915625 0.50041655 0.434162628125 0.497888071875 0.42281735156250005 0.4975171859375 0.4128789765625 0.4968762296875 0.404827175 0.4967407796875 0.3967753734375 0.4966053296875 0.38173591562500003 0.4961080203125 0.3812604625 0.5006109640624999
5 0.5235193109375 0.4537293625 0.44727995 0.45149929999999994 0.4390431203125 0.4482812375 0.43875893593750004 0.42292979218750004 0.40944931562500003 0.41912035156250005 0.39969596875 0.421562009375 0.395651921875 0.43665459999999995 0.395751078125 0.45892343125 0.4077610546875 0.46315250625 0.4343085390625 0.46217778750000005 0.436750196875 0.4719311359375 0.43294075625 0.50124075625 0.436393425 0.5072209546875001 0.475479603125 0.5120409 0.5078486265625 0.5122131515625 0.5182925078125 0.510967534375 0.5216955999999999 0.50581331875 0.524222346875 0.4885159234375 0.52596096875 0.463482709375 0.5235193109375 0.4537293625
1 0.4466461125 0.7708092234375 0.42724498125 0.77033735625 0.41255233281250003 0.7697619171875 0.40326892968749994 0.7687910953125 0.4020225796875 0.790193753125 0.4011076296875 0.79866229375 0.396084134375 0.8075700093749999 0.3913339703125 0.8165509640625 0.3910553734375 0.82087078125 0.422553571875 0.8229923359375 0.4410492546875 0.82188216875 0.455745396875 0.8232632328125 0.46469915312500004 0.8241750921875 0.47709076718750004 0.82341638125 0.47555411249999996 0.8127508796875 0.4682773328125 0.800547296875 0.46831798593749996 0.78180848125 0.46938787031249996 0.77125546875 0.4466461125 0.7708092234375
3 0.3760982109375 0.7791876359375001 0.365463371875 0.7786934015625 0.363853028125 0.7947492890625 0.40149251875 0.7974322640625 0.401931234375 0.7807259609375 0.3760982109375 0.7791876359375001
2 0.39965372499999996 0.801154084375 0.40087900468750004 0.7974635218749999 0.3975113796875 0.7967975734375 0.3899803859375 0.7966708859375 0.38320642031249996 0.7962731078124999 0.37515461875 0.7961376578125 0.36419708281249996 0.7949631671875 0.3634465796875 0.8198209328124999 0.37474826875 0.8202930625 0.38468664375 0.82093401875 0.39090790000000003 0.8205598484375001 0.395080946875 0.8085539859375 0.39965372499999996 0.801154084375
2 0.4025465640625 0.780652825 0.40215717968750003 0.774165571875 0.40313446875 0.76875373125 0.3936616296875 0.768815925 0.3850868984375 0.7681731765625 0.3765719796875 0.7682091062499999 0.370907184375 0.7681562046875 0.3646130640625 0.766942509375 0.365246209375 0.7786959734375001 0.3744393828125 0.7787952328125 0.3855585703125 0.779646971875 0.39679596093749997 0.780057571875 0.4025465640625 0.780652825
2 0.478158659375 0.8238087796875 0.5100151078125 0.8252274984374999 0.617540125 0.830175296875 0.617478534375 0.8163431171875001 0.6177514609375 0.8059498515625 0.5146558796875 0.80009560625 0.47932253124999996 0.79978508125 0.46847200000000006 0.7990244078125001 0.47533475000000003 0.810911040625 0.478158659375 0.8238087796875
3 0.5517887453125 0.8010041296875 0.618065453125 0.8047780140624999 0.6191271234375 0.7883162125000001 0.499437034375 0.783458021875 0.4691430515625 0.7824579671875 0.4694625515625 0.7984525375 0.5517887453125 0.8010041296875
2 0.4750302859375 0.7823608171875 0.5241310921875 0.7834831656250001 0.53522763125 0.7842562890625 0.5657711671875 0.7865524953125 0.5818747703125 0.7868233953125 0.6186598921875001 0.786935046875 0.6183328828125 0.7772183187499999 0.564699340625 0.775825590625 0.5347104234375 0.774185746875 0.525888490625 0.77379941875 0.5167202468750001 0.773409340625 0.5035394609375 0.772834896875 0.4691300375 0.7715693734375 0.46825716406250006 0.7826392234374999 0.4750302859375 0.7823608171875