4 0.54725508125 0.43683606875000003 0.5448134234374999 0.427082721875 0.44293843437499997 0.39978539999999996 0.437463740625 0.401351496875 0.4287346890625 0.441475053125 0.3913732671875 0.4375301625 0.36481605781250004 0.5517356062500001 0.45606213906250004 0.5771959328125 0.44195755 0.641154415625 0.44766684999999995 0.6538053500000001 0.5306761 0.6760476109375 0.53716180625 0.6707083671875 0.5556804984375 0.5978225203124999 0.5549403859375001 0.5854920640625 0.532116471875 0.5763433796874999 0.5560107015625 0.47962260624999997 0.5353938390625 0.4660102390625 0.54725508125 0.43683606875000003
0 0.43198288125 0.6708340921875 0.4496525796875 0.6765796859375001 0.45259974375 0.6844464593749999 0.4415003609375 0.7370305140625 0.507223475 0.752430509375 0.52857600625 0.6776914171875 0.454202134375 0.6596005203125 0.44163707187499995 0.6461236031250001 0.4371337609375 0.63948474375 0.43198288125 0.6708340921875
1 0.503512046875 0.760052025 0.4489390375 0.7471593249999999 0.4391856890625 0.7496009828125 0.43197315625000005 0.78406481875 0.41566593125000006 0.8014083375000001 0.5094396859375 0.826534940625 0.495660740625 0.814273009375 0.503512046875 0.760052025
2 0.30347830625 0.7753432703125 0.40018558437499996 0.8008226625000001 0.4130599859375 0.8017397781250001 0.4184464390625 0.7982400140625 0.4313774515625 0.7868757234375 0.434491084375 0.7807897828125 0.422355259375 0.778454675 0.3393908390625 0.7611855484375 0.3085780375 0.7544660390625 0.30347830625 0.7753432703125
3 0.40702806249999995 0.7601935984375 0.31173367500000004 0.738999553125 0.3085780375 0.7544660390625 0.3544827484375 0.7657775640625 0.42184975312499995 0.7803412484375001 0.43286036875 0.7813414046875 0.43598288125 0.7678432875000001 0.40702806249999995 0.7601935984375
2 0.3151033484375 0.724578990625 0.311058446875 0.737830021875 0.4350605109375 0.7675961390625 0.44053098124999995 0.7453353218750001 0.3176079859375 0.7133868109375 0.3151033484375 0.724578990625
5 0.4297687109375 0.36592622656249996 0.4457368640625 0.374248928125 0.45254304687499997 0.363940496875 0.44779518124999995 0.336382 0.43100104375 0.3349150609375 0.426081434375 0.3457289984375 0.4297687109375 0.36592622656249996
5 0.561606378125 0.386161853125 0.557414778125 0.41023900625 0.5940059046874999 0.41909252343750003 0.6042118140625 0.3696912875 0.5660124453125001 0.360668296875 0.561606378125 0.386161853125
2 0.53544508125 0.807837028125 0.49842787499999996 0.797617125 0.498216753125 0.8017771109374999 0.49589735 0.813805271875 0.5024854234375 0.8206906296875 0.5102176984375 0.8266778703125001 0.518105978125 0.8275867828125 0.53749525 0.8327821234374999 0.5521827390625 0.8364164531249999 0.557739840625 0.8123049953124999 0.53544508125 0.807837028125
2 0.529731021875 0.790945665625 0.5490449765625 0.7964220171874999 0.5619160390625 0.7989672328124999 0.567061721875 0.77414319375 0.5605233515625 0.7726924359375 0.5391670515625 0.7669700328125 0.5174343015625 0.7626526328125001 0.5085174734375 0.7599622265625 0.5035696453125 0.760443525 0.5019481328125 0.7643961046875 0.49816854531250004 0.7794766953125001 0.500260559375 0.7851573578125 0.529731021875 0.790945665625
3 0.49672609218749997 0.7982909125 0.513915453125 0.8027054171874999 0.5263316125 0.8056495578125 0.535614946875 0.8075643906250001 0.5425102953125001 0.8088363375000001 0.5581495671875001 0.812020596875 0.561894 0.7993466078125 0.549026609375 0.7962199703125 0.5275987265625 0.7916356203125 0.5239956421875 0.7915349671875 0.5089030515624999 0.7874909203125 0.5014208203125 0.7857695437500001 0.4985194953125 0.782312834375 0.49763318593749994 0.7955923 0.49672609218749997 0.7982909125