4 0.5223947171875001 0.44877825312499997 0.504258978125 0.443883928125 0.3910847921875 0.566680296875 0.4526998703125 0.629478409375 0.43966878125 0.6520440203125 0.5053281421875 0.7119370843749999 0.6052302453125 0.6048051953125 0.6394291875 0.5552441 0.5223947171875001 0.44877825312499997
5 0.752844365625 0.43934886406249996 0.788857321875 0.40216161093749997 0.7588121937500001 0.3728087953125 0.7320752359375 0.39861684531249997 0.7215154078125 0.41280469999999997 0.752844365625 0.43934886406249996
0 0.438095759375 0.6465713125 0.44984301875000005 0.626814353125 0.4298450671875 0.6081659609375001 0.40524197968750003 0.6159346671875 0.3945375578125 0.6259818421875 0.3946032875 0.667436840625 0.3805293625 0.6997122375 0.35233315468750004 0.7368524125 0.3813662703125 0.763250859375 0.412099271875 0.789715065625 0.46573535625 0.7257568828125 0.49261691093750004 0.7040895125 0.43976517812499993 0.6548044734375 0.438095759375 0.6465713125
5 0.6178100140625 0.529742771875 0.6498268859375 0.49684079375 0.638206690625 0.48066366406250005 0.7126074671875 0.3951509453125 0.6312354296875 0.3206055734375 0.6164867234375 0.3335577984375 0.5621145671875001 0.3990243640625 0.564024978125 0.41415865781249994 0.5278674265625 0.44720523281249996 0.6178100140625 0.529742771875
6 0.392093309375 0.6173189171875 0.3946510265625 0.6254192015625 0.4057268578125 0.6162087109375001 0.398811634375 0.6077572046874999 0.3920054296875 0.5952554984375 0.38045154375 0.5836021 0.376797446875 0.5766775203125001 0.379365321875 0.572038059375 0.3856479421875 0.5695437296875 0.39356356406250004 0.5747270109375 0.3951245484375 0.56079564375 0.38597255937499997 0.5592953796875 0.37819976875 0.5582018890625 0.3670612609375 0.56496064375 0.3623410265625 0.5745936 0.3690461953125 0.5892326765625 0.3828563234375 0.6003523203125 0.3886108625 0.6087959515625 0.392093309375 0.6173189171875
1 0.40006070625 0.806472025 0.4064767265625 0.7988222296874999 0.3489944765625 0.74641648125 0.3213433109375 0.7531574453125 0.388622325 0.8127462234375 0.40006070625 0.806472025
6 0.43044513437500004 0.7989614406250001 0.42235714062499996 0.792025771875 0.41630111875000003 0.7848622125 0.41198044375 0.791446684375 0.42575626718750004 0.8039896343749999 0.43044513437500004 0.7989614406250001
6 0.2036063296875 0.603219971875 0.244240896875 0.6401793640625 0.2644281984375 0.6595454671875001 0.354151821875 0.739407746875 0.3545972859375 0.7314268109375 0.254699953125 0.6424692109375 0.23975938125 0.6258591765625 0.23039761875 0.617008115625 0.22685111562500002 0.605304609375 0.22789055781249998 0.586682428125 0.23327394375 0.573210609375 0.2539792078125 0.5493449671875 0.4071838484375 0.377906790625 0.3562137234375 0.43206536093750003 0.3145837890625 0.47720819687500005 0.279303121875 0.5175431640625 0.2708179296875 0.5263017515625 0.24490256718749998 0.5554336328125 0.23742896562500002 0.56424384375 0.233563834375 0.5683886890625 0.23048773437499998 0.5721622640625 0.21882189218749998 0.5858594703125 0.2036063296875 0.603219971875
5 0.21741933906250002 0.625400125 0.19912390468750002 0.6088828937499999 0.1912388515625 0.6085958109375 0.19700135000000002 0.6286445109375001 0.207308721875 0.646339115625 0.21687159218750002 0.658044203125 0.3199772359375 0.7514742296875 0.327055446875 0.7513283375 0.34235169062500004 0.747880271875 0.34903461875 0.7459593546875001 0.32893609218750003 0.7261300984375 0.2430218390625 0.6498183796875 0.21741933906250002 0.625400125
2 0.405382746875 0.7993795984375 0.39885676718749996 0.8057950281249999 0.39070416875 0.8139547703125001 0.411286053125 0.8315171484375 0.4180831609375 0.8248110078125 0.4219887578125 0.8184905921875 0.4253243828125 0.8147143203124999 0.40898833437500004 0.802361659375 0.405382746875 0.7993795984375
2 0.4952633765625 0.2258563203125 0.2092147359375 0.5426293249999999 0.19375531562499998 0.5674603671875 0.1913382359375 0.5828000984374999 0.196906625 0.5858983359375001 0.20662594531249998 0.588332115625 0.21589240781250002 0.57556196875 0.22443178281249998 0.5599619546875 0.236915665625 0.54442580625 0.5654011875 0.1801369546875 0.5496668421875001 0.16641544218749998 0.4952633765625 0.2258563203125
3 0.566004771875 0.1815293375 0.5557891890625 0.1919743015625 0.532089115625 0.217899425 0.399444203125 0.36524276875 0.30441255156249997 0.469701271875 0.2764214875 0.5007378453125 0.2376110375 0.5449064921875 0.22151758593749998 0.5631844203124999 0.2185564640625 0.57270511875 0.2556735140625 0.5336954078125 0.5420706015625 0.21484421562499997 0.5698369296875 0.1855784 0.566004771875 0.1815293375
3 0.19165805625000001 0.5841065515625 0.18927380625 0.6044841671875 0.19136054687499998 0.6084242890625 0.196059775 0.6083748124999999 0.194392540625 0.6065985359375 0.1930089140625 0.603092465625 0.199923646875 0.5942516515625 0.20615270468750002 0.5887598734374999 0.1992096765625 0.5869385265625 0.1963972796875 0.585202234375 0.193616871875 0.5843820796875 0.19165805625000001 0.5841065515625