4 0.42720161562500003 0.3890667921875 0.39895203437500004 0.49181117187499995 0.5135389296875 0.534176803125 0.525264228125 0.5328524906250001 0.627428503125 0.5660476765625 0.6593931468750001 0.46451039375000003 0.6209650765625 0.4468902640625 0.45192964062499996 0.391967321875 0.42720161562500003 0.3890667921875
5 0.21294093749999998 0.39748748906250003 0.1895197484375 0.48537161093750003 0.30777482031250003 0.5227681953125 0.3158084984375 0.5233248578125 0.33512206093749997 0.4638838265625 0.33676860625 0.4366947203125 0.21294093749999998 0.39748748906250003
0 0.7772164828125 0.6238182859375 0.642335646875 0.5770522125 0.613190559375 0.56802093125 0.6146498828125 0.5619895984375 0.5929230796875 0.55493013125 0.5872330781249999 0.57860286875 0.77504475625 0.6351227828125 0.7772164828125 0.6238182859375
0 0.5106384 0.558904828125 0.45252744843750004 0.5388377515625 0.388597934375 0.5110369296874999 0.3588301046875 0.49688390781249997 0.34279487343750004 0.48616910625000004 0.3305393015625 0.4776832296875 0.3279377484375 0.49185059062500003 0.44529749374999994 0.54649701875 0.5342530984375 0.5778727140625 0.6317290390625 0.611075678125 0.6380645046875 0.5931173203125 0.5539651906249999 0.57092891875 0.5587466953125 0.5498925156250001 0.5504998828125001 0.54615021875 0.542819996875 0.5673076265625 0.5106384 0.558904828125
6 0.40805064062499996 0.45783020468749996 0.37954567968749997 0.4500696421875 0.37929725 0.4569948390625 0.3837223171875 0.46493810937499996 0.3500485765625 0.4900272375 0.360061071875 0.4945770109375 0.389493865625 0.47181763437499996 0.392719509375 0.4803720484375 0.3992378328125 0.48649334062499994 0.40805064062499996 0.45783020468749996
6 0.404436484375 0.45835071093749996 0.40655539999999996 0.45182936093750004 0.267159565625 0.4065369078125 0.2783044609375 0.375010071875 0.2255826 0.35697843906250004 0.21315453906249998 0.398001896875 0.24657690312499997 0.40886148125000005 0.404436484375 0.45835071093749996
6 0.394285503125 0.38930361874999997 0.38128766875000003 0.4416280515625 0.392615103125 0.44680983437500005 0.4079934859375 0.45030529843749995 0.4282777828125 0.3863365546875 0.3979508203125 0.37648272656250004 0.394285503125 0.38930361874999997
5 0.49744813125 0.5299754046875 0.4919927484375 0.543605121875 0.504391925 0.5496874968750001 0.5166504453125 0.5372414328125 0.49744813125 0.5299754046875
5 0.446738096875 0.5217132640625 0.460877590625 0.5129588234375 0.3958639625 0.4918346140625 0.39468030781249996 0.49863775156249995 0.42068575937499997 0.5070874359374999 0.4238441609375 0.5163282109375 0.43436236250000004 0.5187189640625001 0.446738096875 0.5217132640625
2 0.8294202734375 0.5866057515625 0.803032646875 0.5912735453125 0.7751495171875 0.6841358 0.7842043515625 0.6840670906249999 0.8009008640624999 0.6766961484375 0.8294202734375 0.5866057515625
1 0.16980168906249998 0.41016798125 0.16455729375 0.451590353125 0.178304225 0.47248609999999996 0.21033919843749999 0.3802130359375 0.1973130296875 0.372900121875 0.1893027953125 0.37543153125 0.16980168906249998 0.41016798125
2 0.21395994062499998 0.3128656015625 0.192502175 0.378905815625 0.20952299062500002 0.3844362140625 0.23098075625 0.318396 0.21395994062499998 0.3128656015625
2 0.16798178749999998 0.45900500624999996 0.1555978328125 0.4918056296875 0.1643930828125 0.493216065625 0.17417315625000002 0.4978411171875 0.17719089999999998 0.48855345625 0.178907775 0.4706285671875 0.16798178749999998 0.45900500624999996