4 0.4316371375 0.5227876203124999 0.43578034062500004 0.5338361640625 0.412462934375 0.555163084375 0.448209953125 0.5890788812500001 0.45925849531249996 0.5932220859374999 0.478593446875 0.56974393125 0.5131201453124999 0.6001274249999999 0.61117596875 0.5020716015625 0.61117596875 0.4951662625 0.542122571875 0.42611286562500006 0.531074028125 0.4219696625 0.4316371375 0.5227876203124999
5 0.6139381046875 0.288006071875 0.6249866484375 0.3087220921875 0.6194623765625 0.330819178125 0.6097949 0.33772451875 0.6028895609375 0.3542973328125 0.636035190625 0.3902051 0.6429405312500001 0.3902051 0.7023264515625 0.330819178125 0.7023264515625 0.3239138390625 0.6443215984374999 0.26314685 0.6387973265625 0.26176578125 0.6139381046875 0.288006071875
6 0.4316371375 0.5752682015625 0.4205694484375 0.58599895625 0.3087672703125 0.6983274015625 0.31316915624999997 0.702529103125 0.3171708171875 0.706530765625 0.4385424765625 0.5821735421875001 0.4316371375 0.5752682015625
0 0.2912551203125 0.6696394421874999 0.4143227203125 0.543393340625 0.4207708515625 0.54726426875 0.43790281093749994 0.531502228125 0.428313234375 0.522369528125 0.5333908375 0.4191184828125 0.5553105078125 0.437383215625 0.5786824765625 0.415862925 0.623834175 0.46144074062499996 0.6615500109375 0.422872990625 0.6281119187499999 0.3902872578125 0.6310953953125 0.3860259046875 0.5723130125 0.32681734375 0.5230910296875 0.37561337031250003 0.5171275796875 0.3696499203125 0.5090302125 0.37859922031250004 0.2995831953125 0.5871943046875 0.24777139531249998 0.6403515078125 0.285216615625 0.6750556046875 0.2912551203125 0.6696394421874999
3 0.311865959375 0.7122357890625 0.310103159375 0.7106128593750001 0.30316244062500003 0.7031319015624999 0.3004600171875 0.705834325 0.2945547703125 0.711539490625 0.2917521625 0.7147422609375 0.29353034375 0.71613713125 0.3005559015625 0.7231456828125 0.30425923906249996 0.71944234375 0.311865959375 0.7122357890625
2 0.361830809375 0.7599249328125001 0.312776959375 0.7112457296875 0.3011631359375 0.7232340078124999 0.3350515125 0.7567477375 0.35059163125000004 0.7715385593749999 0.35471270312500003 0.7670430390625 0.361830809375 0.7599249328125001
2 0.29192126093750004 0.7138576046875 0.302809371875 0.70328958125 0.2871252015625 0.687285159375 0.283444125 0.683924334375 0.278960746875 0.6884077109375 0.2769575296875 0.6926589765625 0.2769575296875 0.6968021796875 0.27783736875 0.7000939640625 0.279719665625 0.7023264515625 0.29192126093750004 0.7138576046875
1 0.235525490625 0.658132278125 0.26837172656249997 0.689646265625 0.2777001875 0.6983080796875 0.2769575296875 0.6926589765625 0.278338596875 0.6885157734375 0.28227054687500003 0.6828784703124999 0.26904285625 0.67031855625 0.24220812656250001 0.644845471875 0.23827615 0.6485238828125001 0.23447128906249998 0.6510609734374999 0.228637965625 0.651569603125 0.235525490625 0.658132278125
2 0.226992753125 0.6496938984375 0.2286201515625 0.6512269390625 0.23540743281249998 0.6511504671874999 0.239447459375 0.6477834875 0.241804453125 0.6445291109375 0.24045870156250002 0.6418366203125 0.23765441250000002 0.638807884375 0.23417541874999998 0.642062540625 0.23170636249999998 0.644755934375 0.2289006765625 0.6475616203125 0.22676830781250001 0.6499183453125 0.226992753125 0.6496938984375
6 0.4979283984375 0.6125570359375 0.47030703906250004 0.5835546093749999 0.45925849531249996 0.594603153125 0.488260921875 0.62084344375 0.4979283984375 0.6125570359375
5 0.584935678125 0.4385424765625 0.5725060671875 0.42611286562500006 0.55731431875 0.43578034062500004 0.5932220859374999 0.473069175 0.584935678125 0.4385424765625