4 0.3662109375 0.611328125 0.3505859375 0.619140625 0.3212890625 0.6171875 0.2978515625 0.63671875 0.2724609375 0.619140625 0.2587890625 0.619140625 0.193359375 0.7041015625 0.2041015625 0.72265625 0.2939453125 0.77734375 0.2978515625 0.79296875 0.3154296875 0.802734375 0.3330078125 0.80078125 0.3681640625 0.833984375 0.39453125 0.8134765625 0.3984375 0.7998046875 0.4375 0.7548828125 0.4384765625 0.740234375 0.384765625 0.6962890625 0.41796875 0.6474609375 0.3662109375 0.611328125
5 0.623046875 0.4423828125 0.6513671875 0.474609375 0.6650390625 0.478515625 0.7041015625 0.42578125 0.6591796875 0.39453125 0.623046875 0.4423828125
0 0.2046625828125 0.7735467609375 0.213984075 0.7588583328125 0.2275390625 0.7421875 0.1982421875 0.72265625 0.18135884375 0.74580196875 0.1680757140625 0.7630550265625 0.19627323593749998 0.7852042484374999 0.20163309218749997 0.7786760828125 0.2046625828125 0.7735467609375
5 0.62890625 0.4013671875 0.6474609375 0.412109375 0.6611328125 0.390625 0.6455078125 0.37890625 0.62890625 0.4013671875
6 0.265590759375 0.8375617406250001 0.28632915 0.8086767484375 0.30056138125 0.795251334375 0.29242868125 0.7785712546875 0.2834827140625 0.7728756140625 0.22777369531249997 0.737888165625 0.22574052031249997 0.74480428125 0.241192653125 0.754975059375 0.2753500015625 0.7830463937500001 0.28836233125 0.7915898546875 0.28125 0.8017578125 0.258677975 0.832272971875 0.265590759375 0.8375617406250001
3 0.248194515625 0.8574964843749999 0.2541977421875 0.84945565625 0.260393565625 0.843257409375 0.25348078125 0.8383754281250001 0.24494144687500002 0.84976668125 0.23558881875 0.8587169859375001 0.22582957656249997 0.8509871562500001 0.1770333640625 0.81355873125 0.16930729375 0.82454316875 0.20631109531249997 0.8534281609375001 0.2290826734375 0.87051505625 0.2372153671875 0.876210725 0.2470703125 0.884765625 0.254753121875 0.8893232093749999 0.254891965625 0.8816830921875001 0.2544754296875 0.8784881296875 0.25673385 0.874990221875 0.251040965625 0.8713287421875 0.2445348 0.8652262859375 0.248194515625 0.8574964843749999
1 0.1918455265625 0.79056669375 0.1827570703125 0.7826396203125 0.17413467968750002 0.7772771734374999 0.1680757140625 0.772381040625 0.163414959375 0.7691169421875 0.1473353765625 0.7889346609375 0.13684869375 0.8031567765625001 0.1284593515625 0.8073534703125 0.1201171875 0.810546875 0.1154092546875 0.8120164781250001 0.1230994875 0.8180783625 0.1394121109375 0.8309016 0.1543265046875 0.8425590875 0.1611328125 0.84765625 0.16318193125 0.8425590875 0.1640625 0.8349609375 0.1650462234375 0.829269534375 0.16737660468749999 0.82670490625 0.171875 0.8193359375 0.1752998703125 0.8150474203125 0.177734375 0.8095703125 0.185546875 0.7998046875 0.1918455265625 0.79056669375
2 0.1661895171875 0.8293002515625 0.162109375 0.8466796875 0.17161365312500002 0.8546250843750001 0.2802734375 0.9375 0.32323641406250003 0.9725652265625 0.3382026234375 0.9538817734375 0.314321753125 0.9347521765625 0.2999849421875 0.9236223656250001 0.28810348750000003 0.91380253125 0.2720464625 0.901690075 0.2529296875 0.888671875 0.1865234375 0.837890625 0.16825585625 0.82464875 0.1661895171875 0.8293002515625
2 0.2693444359375 0.8553354921875 0.2706029125 0.8515582484375 0.26787622031249997 0.8492499359375 0.26011561875 0.8433742171875 0.2569694296875 0.84673176875 0.25298426093750004 0.851348409375 0.2504673140625 0.8547059609375 0.24732112343749998 0.85974228125 0.24459443906249997 0.8645687609375001 0.2506770578125 0.8712838484375001 0.25613045 0.8746414 0.26473003125 0.8633096703125 0.2693444359375 0.8553354921875
2 0.1960833109375 0.8267963296874999 0.21789687343750003 0.8452628531249999 0.23090112031249999 0.8549158 0.23593501562500002 0.858902896875 0.24411510625 0.85092871875 0.251953125 0.8408203125 0.25313417031249996 0.837078821875 0.2470515359375 0.832252340625 0.22376975468750002 0.8144153624999999 0.2065706 0.8026639265625001 0.1912591609375 0.7904928124999999 0.1847570375 0.8014048640625001 0.17846466249999998 0.807700259375 0.17657695 0.81294641875 0.1960833109375 0.8267963296874999
3 0.1020691765625 0.7739258171875 0.11596320156249999 0.7848046453124999 0.1240234375 0.791015625 0.1386165109375 0.8020294640625 0.1416369515625 0.79659005 0.1479798859375 0.788430928125 0.1337838125 0.779063053125 0.1268367921875 0.7730192609375 0.11113050312499999 0.761838234375 0.1020691765625 0.7739258171875
2 0.1181640625 0.787109375 0.1103515625 0.78125 0.10297531093750001 0.77453019375 0.08877923125 0.7935681437500001 0.09935077812500001 0.79930975625 0.1083984375 0.806640625 0.1162652453125 0.8110951609375 0.1256286203125 0.8083754546874999 0.1386165109375 0.8023316625 0.12351430781249999 0.7908484359375 0.1181640625 0.787109375
2 0.15234375 0.7822265625 0.1591555296875 0.7748323921875 0.1633841328125 0.769392978125 0.1435546875 0.75390625 0.14103287656250002 0.7512616046875 0.1357421875 0.748046875 0.1283470171875 0.7403827765625 0.111432540625 0.76153605625 0.11777547031249999 0.766371071875 0.127138834375 0.772414884375 0.1392206078125 0.7823871375 0.14767784374999998 0.7881287296874999 0.15234375 0.7822265625