4 0.6862341265625 0.6258235046875 0.5567115 0.64389831875 0.5740610968750001 0.7883977921875001 0.5848189734375 0.79477515 0.5888248843749999 0.82913648125 0.6294970953125001 0.824983959375 0.7361453703125 0.8119678406249999 0.7242479015625001 0.6992453921874999 0.7220733218750001 0.683772453125 0.693892709375 0.6867468203125 0.6862341265625 0.6258235046875
5 0.32633727968750004 0.8922442859374999 0.3260811375 0.883404846875 0.32392223750000004 0.8610265859374999 0.3131643609375 0.8546492296875 0.31186796875 0.81735735625 0.28230184375 0.8205085421874999 0.23989494374999998 0.8225850484375 0.2287430171875 0.826094121875 0.216552575 0.8268084218749999 0.22996595625 0.8801482390625001 0.252521959375 0.9213553875 0.26606077968749997 0.9194526312500001 0.268569903125 0.9092383999999999 0.3130546015625 0.9029864828124999 0.32633727968750004 0.8922442859374999
0 0.7250790484375 0.698142421875 0.7372797 0.7989883453125 0.743066371875 0.8050782 0.8704462921875 0.7852038 0.8579110984374999 0.710045046875 0.7998875796875 0.7181997203125 0.7695010265625 0.7195117921875 0.75795904375 0.6935214390625 0.7250790484375 0.698142421875
5 0.4792999625 0.8099480437500001 0.486958640625 0.84200125 0.5880651640625 0.8248898796875 0.585090796875 0.7967092671875 0.5746047421875 0.7922660265625 0.5699524 0.7731966765625 0.565442378125 0.736057640625 0.5205820140624999 0.741391615625 0.47830895625 0.7444201968749999 0.3320795984375 0.7722675999999999 0.34797588749999997 0.8741547984375 0.37269379375 0.8817240296875 0.3869973515625 0.9049553906250001 0.4784521609375 0.89367970625 0.46494758437500006 0.8088099984375001 0.4792999625 0.8099480437500001
5 0.2197359390625 0.51966535 0.2277755921875 0.506701534375 0.2203423046875 0.495912296875 0.2101280734375 0.49340317499999997 0.20044180625000002 0.501667609375 0.2001386234375 0.5135441359375 0.210065353125 0.5210244625 0.2197359390625 0.51966535
5 0.685204809375 0.49862515468749996 0.6981529453124999 0.513570128125 0.7142008890625 0.501453140625 0.71173880625 0.49095140625000006 0.6979438421874999 0.4840147234375 0.685204809375 0.49862515468749996
1 0.8848682406249999 0.6872707203124999 0.8681410109375 0.705648846875 0.8798293765625 0.7888158921875 0.8972381171875 0.7951338265625 0.8848682406249999 0.6872707203124999
2 0.7713936125 0.03201588125 0.755606334375 0.0453805671875 0.7786512 0.10350316562499999 0.7990988812500001 0.20930224218750001 0.860674584375 0.7069767296875 0.8785570453125 0.6886734765625 0.850851259375 0.5047679046875 0.8219524406250001 0.285910784375 0.8148780234374999 0.1958799671875 0.7903835921875 0.09436496250000001 0.7713936125 0.03201588125
2 0.8944554874999999 0.794649603125 0.8761126671874999 0.7903620109375 0.8848982765625 0.87272174375 0.9039535937500001 0.8692490312500001 0.8944554874999999 0.794649603125
6 0.7395139078125 0.0573826640625 0.757848159375 0.121681528125 0.7741838484375 0.20483779218749998 0.78772149375 0.31439449375 0.847968690625 0.7094700421875 0.8675973656249999 0.7017806125 0.797058690625 0.222057175 0.7814101499999999 0.1239430703125 0.7547717359375 0.04618404375 0.7395139078125 0.0573826640625
6 0.8720929078124999 0.7899031812499999 0.85717929375 0.7890406734375001 0.8670876546875 0.8658827234375 0.88048804375 0.8636714624999999 0.8720929078124999 0.7899031812499999