0 0.5468600953125 0.36329574375 0.5458984375 0.31640625 0.4864745328125 0.3165025375 0.48579602343749995 0.3639739265625 0.5468600953125 0.36329574375
1 0.4864745328125 0.30768642343749997 0.54414615 0.30768642343749997 0.5617868484375 0.28734155625 0.47154778124999996 0.28801970468750004 0.48443905000000004 0.29954848125 0.4864745328125 0.30768642343749997
2 0.54673569375 0.3067962265625 0.5971556171875 0.30633809375 0.5971556171875 0.2967171046875 0.5869140625 0.287109375 0.5615234375 0.287109375 0.54673569375 0.3067962265625
2 0.4697265625 0.287109375 0.4521484375 0.28515625 0.4326171875 0.28515625 0.4031709671875 0.2848053953125 0.4031709671875 0.2967171046875 0.40408768906250003 0.309545078125 0.4256307453125 0.30862881249999996 0.4435069125 0.30862881249999996 0.46505 0.30817065625 0.486593025 0.30862881249999996 0.482421875 0.3017578125 0.48046875 0.2978515625 0.4697265625 0.287109375
5 0.4580078125 0.408203125 0.4560546875 0.41015625 0.4228515625 0.41015625 0.416015625 0.4150390625 0.416015625 0.4287109375 0.4150751 0.4355342015625 0.431879128125 0.43507606093750006 0.448838571875 0.43461792031249996 0.45708910625000004 0.43415977968749997 0.46167274999999997 0.43415977968749997 0.462890625 0.4130859375 0.4580078125 0.408203125
6 0.4841325296875 0.3553593265625 0.48504925156249995 0.3484871875 0.4599609375 0.34765625 0.45703125 0.3505859375 0.45703125 0.4111328125 0.4599609375 0.4140625 0.462890625 0.4130859375 0.462890625 0.3583984375 0.4677734375 0.35546875 0.4755859375 0.35546875 0.4841325296875 0.3553593265625
0 0.46446810625 0.6877474921875 0.474609375 0.6865234375 0.478515625 0.6064453125 0.474609375 0.5927734375 0.4658203125 0.591796875 0.46446810625 0.6877474921875
4 0.5400390625 0.36328125 0.4736328125 0.36328125 0.46875 0.3720703125 0.470703125 0.4326171875 0.4169921875 0.4375 0.4140625 0.4423828125 0.41015625 0.4541015625 0.408203125 0.5615234375 0.4098306640625 0.600011596875 0.45775036875 0.6013544890625 0.46267672187500003 0.5906113265624999 0.477455659375 0.5910589578125001 0.477455659375 0.6026973953125 0.4833984375 0.603515625 0.5234375 0.6025390625 0.5615234375 0.599609375 0.56640625 0.5908203125 0.5625 0.3701171875 0.5400390625 0.36328125
6 0.49956360625 0.6062870359375 0.47896653125000005 0.6062870359375 0.480110846875 0.6120056890625001 0.5155835718749999 0.6131494156249999 0.5316035375 0.6137212796875 0.551056296875 0.6177243421874999 0.560210596875 0.6131494156249999 0.563643390625 0.6022839734375001 0.5493399 0.6097182359375 0.5322265625 0.6015625 0.523021396875 0.605143309375 0.49956360625 0.6062870359375
1 0.4742512484375 0.7230436015625 0.4748886859375 0.693736528125 0.4640526109375 0.6940550937500001 0.4624590640625 0.722725059375 0.4742512484375 0.7230436015625
3 0.4748886859375 0.6940550937500001 0.47515141875 0.702948209375 0.5032537453125 0.7039302984375 0.5654019890625 0.7042488421875001 0.5988663671875 0.7029746265625 0.5988663671875 0.6930994421875 0.5032537453125 0.6943736359375 0.4828563828125 0.6940550937500001 0.4748886859375 0.6940550937500001
3 0.3994744 0.7026882765625 0.39869421875 0.72322303125 0.4041554546875 0.723742878125 0.404233375 0.704047484375 0.41156304062500004 0.7038882203125 0.4624590640625 0.7042488421875001 0.463415175 0.6943736359375 0.4484358484375 0.6943736359375 0.3994744 0.693850540625 0.3994744 0.7026882765625
2 0.404680396875 0.7239334328125 0.4620767609375 0.722884009375 0.4631267265625 0.703644496875 0.405030384375 0.703644496875 0.404680396875 0.7155380046875 0.404680396875 0.7239334328125
2 0.47348959687500003 0.7024443375 0.47348959687500003 0.7098095437499999 0.4739500953125 0.72407961875 0.5987583390625 0.723158971875 0.5987583390625 0.7029046765625 0.5338212578125 0.7029046765625 0.4891481671875 0.7029046765625 0.47348959687500003 0.7024443375