4 0.44031498593749996 0.5394905125 0.44140625 0.4873046875 0.4453125 0.3466796875 0.4326171875 0.33984375 0.3115234375 0.337890625 0.306640625 0.3701171875 0.306640625 0.6318359375 0.3115234375 0.638671875 0.4140625 0.6396484375 0.38682022968749996 0.638989684375 0.43817520312499997 0.638989684375 0.43817520312499997 0.5801460703125 0.44031498593749996 0.5394905125
5 0.806640625 0.6083984375 0.80859375 0.5419921875 0.7412109375 0.5390625 0.73828125 0.6064453125 0.806640625 0.6083984375
0 0.305547446875 0.6809241953125 0.3052587828125 0.63826655 0.3072119078125 0.5406103 0.3023290953125 0.5318212375 0.2798681578125 0.542563425 0.2749853453125 0.5630712375 0.13475108281249998 0.5609681375 0.1336085578125 0.6432237375 0.1713094984375 0.6455086453125001 0.18444765624999998 0.6477934750000001 0.19758593124999999 0.655219359375 0.20044202812499998 0.6689286125 0.1970146484375 0.6803530359375001 0.22329096406249999 0.6814954703125 0.2529946984375 0.6814954703125 0.2838408796875 0.6809241953125 0.305547446875 0.6809241953125
5 0.779296875 0.3642578125 0.7685546875 0.353515625 0.7552253 0.3463814640625 0.7333984375 0.34375 0.7184905671874999 0.344574853125 0.7082530265625 0.3487902765625 0.6980154859375001 0.36083435 0.69078891875 0.375287215625 0.688380090625 0.3891378703125 0.69078891875 0.404795146875 0.6980154859375001 0.416237 0.7094574 0.428883253125 0.7257170515625 0.43851852343750003 0.748046875 0.4384765625 0.765462921875 0.42707665156249996 0.779296875 0.4169921875 0.787109375 0.3876953125 0.779296875 0.3642578125
5 0.827490475 0.5029542124999999 0.829297075 0.525235715625 0.8311036749999999 0.5426995953125 0.8497722390625 0.5433017953125 0.837890625 0.3037109375 0.8330078125 0.30078125 0.8046875 0.3056640625 0.8046875 0.3955078125 0.80859375 0.4052734375 0.814453125 0.4052734375 0.8323081312499999 0.4138281765625 0.837728015625 0.45357357968749995 0.823877190625 0.4517669578125 0.827490475 0.5029542124999999
5 0.80859375 0.6083984375 0.84765625 0.6103515625 0.8515625 0.5439453125 0.8134765625 0.541015625 0.80859375 0.5458984375 0.80859375 0.6083984375
2 0.10431494375000001 0.31236080781250003 0.10431494375000001 0.3525173734375 0.1038191625 0.39515274843750003 0.10472595468749998 0.56089215625 0.1263363265625 0.5601203671875 0.1276159140625 0.305915925 0.1276159140625 0.288068571875 0.1048107234375 0.288068571875 0.10431494375000001 0.31236080781250003
3 0.10431908593749999 0.2876599734375 0.0893028328125 0.28689644687500004 0.0903208796875 0.34702295625 0.08853930625 0.5599922078125 0.095391165625 0.5607365953125 0.10431908593749999 0.560531625 0.10431908593749999 0.35357806406250003 0.10431908593749999 0.3082752796875 0.10431908593749999 0.2876599734375
2 0.0584277484375 0.2890941921875 0.0594438453125 0.3349831859375 0.056734259375 0.5137766296875 0.05741165 0.545450303125 0.0665564578125 0.5505306890624999 0.08789434375 0.561193646875 0.08924914687499999 0.39747595156250004 0.08924914687499999 0.287739425 0.0751953125 0.2890625 0.0584277484375 0.2890941921875
1 0.0595703125 0.546875 0.057318882812500006 0.6598893640625 0.086008284375 0.64444135625 0.12426086875 0.6437057390625001 0.1279390640625 0.5620520796874999 0.0918933234375 0.5613164890625 0.074238253125 0.5554315125 0.0595703125 0.546875
2 0.104344990625 0.644081309375 0.1031667109375 0.690818903125 0.1031667109375 0.7108493015625 0.1255538703125 0.7108849968750001 0.12673215 0.644117021875 0.1153421984375 0.64329580625 0.104344990625 0.644081309375
2 0.073317209375 0.65036535625 0.0576069078125 0.6597914281249999 0.0576069078125 0.7081000140625 0.07410269375 0.7092782828125 0.088241946875 0.70888553125 0.088241946875 0.6436885718750001 0.073317209375 0.65036535625
3 0.0886347421875 0.7092782828125 0.1027739953125 0.7100637843750001 0.1027739953125 0.685713109375 0.10355947968749998 0.644081309375 0.0886347421875 0.644081309375 0.0886347421875 0.7092782828125