0 0.4731595234375 0.2969962203125 0.4536537078125 0.2962995828125 0.44529405468750005 0.300827665625 0.445642384375 0.309535540625 0.46131670312499995 0.31092879375 0.468979721875 0.31092879375 0.4700246609375 0.3269512578125 0.473507853125 0.336704071875 0.5059014281249999 0.3332209171875 0.5156543484375 0.33217596562499996 0.5394708953125 0.3384012109375 0.5396883203125 0.2457939875 0.5403849296875001 0.23290634843750002 0.472462865625 0.2342996078125 0.4731595234375 0.2969962203125
5 0.5625 0.5947265625 0.5600201546875 0.5796640359375 0.5540987562499999 0.567473028125 0.5513122218750001 0.555978659375 0.560368484375 0.555630334375 0.555840353125 0.5455292296875001 0.5341796875 0.537109375 0.4969746 0.5382146171875 0.4482421875 0.533203125 0.4321874 0.5479674218749999 0.4169921875 0.55859375 0.4072265625 0.556640625 0.3984375 0.5654296875 0.40501856406250003 0.5744393140625 0.3994454703125 0.5883719000000001 0.4008387625 0.609967396875 0.40536691718749995 0.6193718875 0.4196479453125 0.6287763765625 0.436018896875 0.6284280765625 0.4482421875 0.62109375 0.4580078125 0.62109375 0.4638671875 0.62890625 0.4736328125 0.62890625 0.4794921875 0.62109375 0.49105315312500003 0.621461765625 0.4987161484375 0.6270348 0.5087890625 0.62890625 0.52275011875 0.6326078578125001 0.533203125 0.6279296875 0.5443458375 0.6273831249999999 0.5546875 0.6181640625 0.5617617515625 0.60822581875 0.5625 0.5947265625
4 0.556887821875 0.48446358125 0.5628092687499999 0.48446358125 0.5694272781249999 0.47889057187499995 0.5708205453125 0.4660029265625 0.5624609406250001 0.4604298921875 0.5673363874999999 0.44951352968749997 0.576044321875 0.44742365 0.5749993828125 0.410850640625 0.5715161906249999 0.352682096875 0.5541002749999999 0.35233378437499996 0.5537519468750001 0.3397944640625 0.5366843609374999 0.3384012109375 0.5070773187500001 0.332828178125 0.47154736093749994 0.33840310156250003 0.4722439703125 0.3283019734375 0.44437852656250004 0.32551545625 0.42417610000000006 0.32447051718750003 0.3980522265625 0.3269087328125 0.377849753125 0.3303918640625 0.3809846171875 0.47752565625 0.3813329453125 0.52385149375 0.461794440625 0.5224582296875 0.45970453906250003 0.5388290062500001 0.5116064625 0.537912609375 0.510909853125 0.521733265625 0.5575844796875 0.5196433625 0.556887821875 0.48446358125
6 0.45064825312499995 0.32586378125 0.46980576406249996 0.3286502859375 0.46980576406249996 0.31088625625 0.45308648281249997 0.31088625625 0.43532226406249996 0.31053794375 0.4206928828125 0.31088625625 0.40536691718749995 0.31053794375 0.392479109375 0.31053794375 0.3813329453125 0.31053794375 0.3802880078125 0.31994243437500003 0.377501425 0.331436803125 0.3910858421875 0.327605346875 0.41093998750000005 0.32551545625 0.4290525359375 0.32551545625 0.45064825312499995 0.32586378125
6 0.45417443750000003 0.5324594546875 0.46007606718750005 0.5336889484375 0.46155149062499995 0.5223775703125 0.44261701875000004 0.5233611640625 0.415813690625 0.5238529625 0.3858136203125 0.524590665625 0.38605951250000003 0.5275414578125 0.3853218171875 0.5331971515625 0.3990923375 0.53295124375 0.4278628765625 0.5324594546875 0.4411415953125 0.53196765 0.44974819843749997 0.531475853125 0.45417443750000003 0.5324594546875
6 0.555524284375 0.52114806875 0.5166015625 0.521484375 0.5112618906249999 0.52114806875 0.51101598125 0.530000453125 0.5257701234375001 0.530000453125 0.5348684953125 0.530000453125 0.54296875 0.5302734375 0.5488849250000001 0.530246359375 0.5542947703125 0.5295086640625 0.55577019375 0.5253283625 0.555524284375 0.52114806875
1 0.5551526359375 0.16861683593750001 0.5517578125 0.16796875 0.5431925546875 0.1681690015625 0.5319965125 0.167945084375 0.5210244296875 0.16884075625 0.5061140484375 0.1695125078125 0.49402234375000004 0.16906467812499998 0.47610871406250005 0.1697364296875 0.47140639375 0.1695125078125 0.4664801328125 0.1695125078125 0.454836265625 0.17085601875 0.4564037109375 0.18048449687499998 0.46200172500000003 0.1847389359375 0.46916716718749996 0.19212823437499998 0.47265625 0.1982421875 0.47297382343749994 0.22750728750000002 0.5316409765625 0.22638769375 0.5388064359375 0.2268355359375 0.5390625 0.1962890625 0.5546875 0.1748046875 0.5551526359375 0.16861683593750001
2 0.4671746609375 0.19056080625 0.460680984375 0.183395428125 0.45620256093749995 0.178469234375 0.454859028125 0.173319115625 0.4365234375 0.173828125 0.4287109375 0.173828125 0.3935048390625 0.174438709375 0.3771586390625 0.17488654374999998 0.3632755765625 0.175110465625 0.36349948906249996 0.1927999890625 0.36349948906249996 0.1995175296875 0.384548009375 0.1988457765625 0.41455334375 0.19862185937500001 0.453739453125 0.1970544390625 0.4718770109375 0.19683051406250002 0.4671746609375 0.19056080625
3 0.36349948906249996 0.21541571249999997 0.4725487609375 0.21429611875000001 0.47344444062499996 0.1972783484375 0.46045705625 0.19772619062500002 0.363723415625 0.1992936125 0.36349948906249996 0.21541571249999997
2 0.3632755765625 0.21519180312500003 0.36305165 0.22952255 0.4541872765625 0.22862688125 0.4725487609375 0.22817903906249998 0.472324834375 0.2147439609375 0.3798828125 0.21484375 0.3632755765625 0.21519180312500003
2 0.6294100390625 0.168392921875 0.5552923796875 0.169960346875 0.5546875 0.1748046875 0.5485747765625 0.184515021875 0.5400657843750001 0.1950391765625 0.5537109375 0.1953125 0.5689515140625 0.1952630859375 0.622020684375 0.1941434921875 0.629633996875 0.1941434921875 0.629633996875 0.18294759375 0.6294100390625 0.168392921875
3 0.5521574890625 0.195710928125 0.5400657843750001 0.19481525156249999 0.5384983546875 0.200861040625 0.5387222515625 0.2116091046875 0.5483508484375 0.211161278125 0.5629056609374999 0.211161278125 0.6291861421875 0.20981776718749998 0.6294100390625 0.194591334375 0.5817150015625 0.1952630859375 0.5521574890625 0.195710928125
2 0.628962246875 0.20981776718749998 0.5576171875 0.2109375 0.5514857390625 0.2116091046875 0.5387222515625 0.2118330296875 0.538946178125 0.2259398671875 0.560546875 0.2255859375 0.591119640625 0.22459635625000002 0.6287382890625001 0.22437243125 0.6287382890625001 0.21720706562499997 0.628962246875 0.20981776718749998