4 0.3521259296875 0.521750403125 0.3315035515625 0.6102037828125 0.36938717187500003 0.6207869328125 0.37014536875 0.6370241953125 0.39916178750000003 0.6492662828125 0.4588025703125 0.6591730546875 0.46533208750000005 0.638240190625 0.541952096875 0.6538993375000001 0.5607872406250001 0.5587759109375 0.577197246875 0.5186341953125 0.5730994421875 0.5140130515625 0.5001308343749999 0.4978202625 0.49069699218749996 0.49462890625 0.452088678125 0.4846046828125 0.41603692968750006 0.4774595546875 0.39474410937500004 0.5260585515625 0.3521259296875 0.521750403125
5 0.416726159375 0.4586876484375 0.45691232656249997 0.43791129062499995 0.43168071562500004 0.3917699703125 0.39282855781250003 0.4121888828125 0.416726159375 0.4586876484375
0 0.326488209375 0.693543784375 0.353403578125 0.6972718265625 0.36888835000000003 0.701701415625 0.4338923765625 0.71889981875 0.44316530312499997 0.6960968328125 0.4500713546875 0.6685102015625 0.45911705312500006 0.6653827515625 0.4761118875 0.6695213515625 0.483949996875 0.6428430953125 0.46646132968750004 0.639188990625 0.4590915625 0.6596946625 0.3725517171875 0.6406687765625 0.3669344796875 0.62114395 0.3329448015625 0.6128667625 0.31821875 0.6809552812499999 0.326488209375 0.693543784375
5 0.4389008296875 0.4823508109375 0.44486810937500004 0.484104040625 0.45345376093749995 0.48695181249999997 0.4561217796875 0.48623691874999997 0.45950469062500005 0.48819004374999997 0.462172709375 0.48747515156250004 0.474173403125 0.49052299687499995 0.48251758437500003 0.49387225468749996 0.512016396875 0.49974466562500003 0.5088173921875 0.4885009078125 0.4951624921875 0.4806172484375 0.494249859375 0.47304271875000004 0.488895953125 0.4711262484375 0.47737531874999994 0.46564939531249994 0.45818705 0.460737715625 0.453425734375 0.46033797343750005 0.4428609 0.45981772187500003 0.43986578749999994 0.4736519890625 0.4389008296875 0.4823508109375
5 0.5777068328125 0.34978281718750004 0.5570775796875 0.3581699828125 0.5461438359375 0.36538903125 0.536805771875 0.36789115781250004 0.5334228609375 0.36593803281250004 0.525061359375 0.36674870312499996 0.522131671875 0.3718230703125 0.529446496875 0.388450296875 0.5345208640625 0.391379984375 0.54688439375 0.3894969734375 0.558846025 0.42346631874999996 0.5680181984375 0.43101715 0.600653534375 0.41941296406250006 0.605274678125 0.41531515937499996 0.6195913328125 0.4100492359375 0.6225210203125 0.40497486875 0.6207337859375001 0.3983048234375 0.604604234375 0.37546077499999997 0.6031744484375 0.3701247390625 0.5995298671875 0.37253108749999997 0.590096025 0.36933973125 0.5824237531249999 0.3513784953125 0.5777068328125 0.34978281718750004
1 0.35933994375 0.751442865625 0.3378025484375 0.765725909375 0.394337178125 0.7806696265624999 0.4375256796875 0.7920759484375 0.4224492171875 0.7641049828125 0.43296525625 0.726328371875 0.3865634390625 0.7134899171875 0.33494759531249996 0.7016273375 0.36244517656249997 0.7287972734375 0.35933994375 0.751442865625
2 0.258454796875 0.7238503921875 0.2535626171875 0.7457420531250001 0.27953042968749997 0.75188101875 0.29679286562499996 0.7552073265625 0.3068603609375 0.7583557937500001 0.3206536765625 0.76180881875 0.333998953125 0.7648835296875001 0.3418544046875 0.7627787125000001 0.3556953625 0.7538492140625 0.359388128125 0.7496612500000001 0.33334618125 0.742372778125 0.258454796875 0.7238503921875
3 0.326375015625 0.74166805625 0.3409392765625 0.7436727171874999 0.359037328125 0.7483520125 0.36106267812500004 0.7384544125 0.35970512656250003 0.733819621875 0.3539126859375 0.732395690625 0.2611969828125 0.7097639703125 0.2586145390625 0.723573709375 0.2771991625 0.7276992453125 0.326375015625 0.74166805625
2 0.3174976453125 0.7230647671875 0.336019625 0.7278588906250001 0.36150498125 0.7343648015625 0.3611441359375 0.7287699203125 0.35739380625 0.7232701453125 0.3447722625 0.7113660609375 0.33508795468749997 0.7019273 0.27169984375 0.6868763234374999 0.26465515625 0.6848610796875 0.2626652890625 0.7001382765625 0.2615984515625 0.709259484375 0.2719332390625 0.713382590625 0.2842199296875 0.715394446875 0.3046141328125 0.7205000046875 0.3174976453125 0.7230647671875
5 0.56748295 0.578428603125 0.57679535 0.5544865515625 0.5710060890624999 0.5488888453125 0.563978596875 0.5493420703125 0.5568809906250001 0.565541734375 0.561789465625 0.5785243796875 0.56748295 0.578428603125
3 0.42701696718750004 0.7497394500000001 0.42215821406250004 0.7634127953125 0.447453090625 0.773680328125 0.4950922859375 0.787308178125 0.536647375 0.7948529109375 0.5630117734375 0.796627821875 0.589822103125 0.7986715906249999 0.6053914671875 0.7998233421875 0.6145331640625 0.799503325 0.62307754375 0.7982786125 0.635482921875 0.7942448859375 0.625330053125 0.77788059375 0.6089497703125 0.7839641625 0.5891644140625 0.7842968734375 0.5731102609375001 0.7839848046875 0.5557965140625 0.782945490625 0.5403134656249999 0.780208134375 0.49832487187499996 0.7726959546875001 0.46156943593750005 0.7627499906249999 0.42701696718750004 0.7497394500000001
3 0.714100653125 0.6062553187499999 0.7278873921875 0.5337099421875 0.7321164625 0.510881928125 0.7333139203125 0.490930571875 0.7350388375 0.4770178484375 0.7395971593749999 0.44925894062499994 0.7426704375 0.40917447500000004 0.743739553125 0.3765340421875 0.7450321828125 0.339145928125 0.7480026828125 0.30260674375 0.73044981875 0.3022205234375 0.7288353187500001 0.3268669390625 0.7279170703125 0.3532869875 0.7263698749999999 0.394313228125 0.7245249593749999 0.42134509531250003 0.7215786203125 0.4566315875 0.7140992546875 0.5039597953125 0.7084278046875 0.5465581296875001 0.7007878625 0.5885932796875 0.69555114375 0.616533921875 0.687015478125 0.66607965625 0.674560471875 0.7104955265624999 0.6689271625 0.7311777125 0.6582327703125 0.7536737296875 0.642643715625 0.768756540625 0.649174259375 0.7822749 0.6671132046875 0.765108321875 0.67957655625 0.7465006640625 0.6867461421875001 0.7271302875 0.6918806875 0.708305196875 0.6992876453125 0.676605453125 0.714100653125 0.6062553187499999
2 0.58796571875 0.7853138640624999 0.612956925 0.7831915015625001 0.632487615625 0.7728854671875001 0.6431435109375 0.7683951875 0.6574736265625 0.7546006171874999 0.6651064671875 0.7399100765625 0.670609703125 0.722292471875 0.6790434796875 0.691513309375 0.68793008125 0.6614199546874999 0.69868459375 0.6000083468749999 0.7131571203125 0.507784625 0.720836415625 0.4621407265625 0.7230288390624999 0.43335114687500004 0.726341371875 0.379834353125 0.728213865625 0.335190740625 0.7291943625 0.302121371875 0.7152756703125001 0.30291285156250003 0.7137056546875 0.329069696875 0.7038957906250001 0.42459184843750003 0.693964553125 0.487367309375 0.6792889015625 0.56377146875 0.6551257578125 0.667519140625 0.6459798 0.704677303125 0.6389599859375 0.7175710671875 0.62571925625 0.732418965625 0.60609948125 0.7465546375 0.5845470609375 0.7544818578125 0.5596051015625 0.7557838859375 0.5460266593750001 0.754310146875 0.5192997890625 0.746942725 0.4777705421875 0.7365461421874999 0.44593773125 0.7292015078125 0.43295985625 0.7259525703125 0.42692819687499994 0.7496308953125 0.458196484375 0.760893459375 0.4998110390625 0.7726124624999999 0.55141749375 0.7824613312500001 0.58796571875 0.7853138640624999
2 0.6916862984375001 0.7636830406249999 0.7010264671875001 0.742025215625 0.7138709734375001 0.697567778125 0.7220592015625 0.664344325 0.7321256015625 0.6116949890625001 0.738619409375 0.5699891 0.7452323953125 0.5415087859375001 0.748157903125 0.5193716796875 0.7507219765625 0.4949298796875 0.7524767437500001 0.47986564062500003 0.7533004609375 0.469744796875 0.7548432734375 0.458212125 0.7565690328125 0.444958125 0.7589710109375 0.41674799374999993 0.7614918625 0.3794716125 0.7633624515624999 0.364839671875 0.7625970578125 0.3516089375 0.764718996875 0.34223763749999997 0.7647637515625 0.3298962671875 0.7663819109375 0.314891334375 0.7663800515625 0.30322981875 0.748325528125 0.30252306875 0.747902759375 0.3095667578125 0.7458903218749999 0.3255586875 0.7443631625 0.35440788749999996 0.7432828140625001 0.38759373125 0.7417847515625 0.42436440624999994 0.73984400625 0.4506484859375 0.7348566984375 0.48101993906249996 0.733483434375 0.48972731718749996 0.7308898609375001 0.5189022078125001 0.7229501234375 0.556703934375 0.7153972984375 0.6045946734375 0.7059787562500001 0.6508474453125 0.696054934375 0.693163109375 0.687339465625 0.727657803125 0.6777136890625 0.7497439015625 0.6639561171875 0.7701824687500001 0.6502857046875 0.7828419906249999 0.663467521875 0.797303234375 0.6712770078125 0.790557296875 0.68178428125 0.7799862484375 0.6916862984375001 0.7636830406249999
2 0.4666984828125 0.797420059375 0.498063409375 0.8060660203125 0.531742821875 0.81156594375 0.5624340046875 0.81534059375 0.5869908359375 0.815075578125 0.6029833734375 0.8158423296875 0.622684359375 0.81277375625 0.6360198984375 0.8095163359375 0.6494132125000001 0.8052961953125 0.6374334921875 0.79240330625 0.6206629515625 0.79815983125 0.5998991734375 0.7996187234375001 0.5708599828125 0.79729588125 0.5356710140625001 0.79441064375 0.50525326875 0.7892997359375 0.4799225015625 0.7831415578125 0.45309768593750005 0.776120771875 0.42249522031250003 0.764428825 0.43698548125 0.7902259046875 0.4666984828125 0.797420059375