4 0.29229757031250003 0.4401094234375 0.33784998437499997 0.532021446875 0.3427290859375 0.534957309375 0.3540076234375 0.5295601375000001 0.3640095578125 0.5467715921875 0.3595239890625 0.5487315390624999 0.42327646406249997 0.6635634515625 0.4298800734375 0.6655823765625 0.5890478703124999 0.584269434375 0.5395332921875 0.49114605625 0.5302882390625 0.488319559375 0.5113186625 0.4984058625 0.5003491015625 0.496496303125 0.4281298390625 0.36899215 0.29229757031250003 0.4401094234375
5 0.6757863734375 0.5414678312500001 0.7115972359375 0.5235328828125 0.716661390625 0.5164161234375 0.696194365625 0.484163640625 0.6573382734375001 0.502611740625 0.6537042078125 0.5144982359375 0.6665413203125 0.5386413343750001 0.6757863734375 0.5414678312500001
0 0.2549697296875 0.5415766890625 0.264735959375 0.56204313125 0.289475515625 0.5466576453124999 0.306440121875 0.537637403125 0.32863623125 0.5174683859375 0.299705940625 0.46200900625 0.2703852453125 0.4792725203125 0.23059735625000002 0.50098594375 0.2549697296875 0.5415766890625
1 0.211804421875 0.595765446875 0.21214602343750003 0.5889051984375 0.2590810890625 0.565049878125 0.24564270625 0.5387266078125 0.2291319359375 0.5129213171875 0.2249425171875 0.503992675 0.17799095781250002 0.5300728765625 0.1607792546875 0.5291839203125 0.192335196875 0.5828484203125 0.2045742671875 0.6063034828125 0.211804421875 0.595765446875
3 0.19927804375 0.5176387171875 0.1829710875 0.49116725 0.1718650625 0.4965146015625 0.1781355234375 0.5093570421875 0.1864595421875 0.52501224375 0.19927804375 0.5176387171875
2 0.14921812343750002 0.5074405953125 0.1609960921875 0.5285187828125 0.1722382765625 0.5304906921875 0.1805131390625 0.529069653125 0.185921775 0.5250633109375 0.1713761015625 0.496997928125 0.14921812343750002 0.5074405953125
2 0.2139950625 0.510513315625 0.22526246875 0.5026381671875 0.21520790625 0.4844168015625 0.2133740328125 0.4809677875 0.2104970921875 0.47770428281250005 0.1940407328125 0.486454284375 0.18434322812499998 0.49161053906249996 0.19279685156249998 0.508218490625 0.1964901546875 0.513037784375 0.1991271171875 0.5172882375000001 0.2139950625 0.510513315625
2 0.2552587 0.5659817828125 0.234564615625 0.576985021875 0.2325456890625 0.5835886312499999 0.2351871328125 0.5843962015625 0.2443565 0.6016412718749999 0.3359481109375 0.7686514156250001 0.36514974218749996 0.7544370953125 0.266032175 0.5793148312499999 0.259220865625 0.5671931375 0.2552587 0.5659817828125
3 0.2318943734375 0.5803138859375 0.22168549531249998 0.586045021875 0.23228495 0.608059828125 0.2809184265625 0.697737778125 0.3229366890625 0.7754743359375 0.335125809375 0.768993265625 0.3166101109375 0.734854121875 0.297057540625 0.699448775 0.23656544531249998 0.5890988953125 0.2318943734375 0.5803138859375
2 0.2131148359375 0.5895518796875 0.213105975 0.5959328953125 0.20790675625000002 0.6029482328125 0.204478415625 0.6068965375 0.215382284375 0.6266040640625 0.23194567500000002 0.6577552703125 0.261154109375 0.7110888984375 0.3010714 0.786162403125 0.3101978390625 0.7817348609375 0.322639178125 0.7755447828124999 0.272077909375 0.6844513734375 0.252653359375 0.646319715625 0.2328973359375 0.6083643171875 0.22025232187500002 0.586181896875 0.2131148359375 0.5895518796875
6 0.351081428125 0.5536456000000001 0.333249275 0.5456985828125 0.3256844953125 0.5386685921875001 0.32136303593750004 0.5337398953125 0.3196725671875 0.526562075 0.31125049374999997 0.533998365625 0.310184890625 0.536707796875 0.3165789859375 0.5439351640625001 0.323636059375 0.5508100203125 0.34327212500000004 0.5637490984375 0.35207034375 0.5730988484374999 0.35754311875 0.585699896875 0.36377156875 0.5911071421874999 0.373292275 0.5890205046875 0.375705125 0.5782550375 0.36842682031249996 0.562276546875 0.35800416875 0.56186715 0.351081428125 0.5536456000000001
5 0.4408575859375 0.388769296875 0.4434990296875 0.3895768671875 0.472841003125 0.44476109218750004 0.47680316874999995 0.4459724484375 0.5082480796875 0.42814686562500004 0.468819803125 0.35399306406250003 0.43473344843749995 0.371011075 0.43352209375 0.37497324062500004 0.4408575859375 0.388769296875