4 0.3708976046875 0.5484352796875 0.45073019687500004 0.5674009796874999 0.506048790625 0.5746876515625 0.514317428125 0.5172295671875 0.53206295625 0.5203435046875 0.5609788609375 0.393583471875 0.4652839375 0.376808853125 0.404548021875 0.365596721875 0.3849858578125 0.47000072968750006 0.3708976046875 0.5484352796875
5 0.5755428609375 0.5318879265625001 0.5908060875000001 0.5143095328125 0.5955462578125 0.48793158906249995 0.5440108828125 0.4777677171875 0.5330172984375 0.522058528125 0.5160987031250001 0.5180672296875 0.5079664125 0.5637565046875 0.567675709375 0.5744723796875 0.5755428609375 0.5318879265625001
2 0.2730721046875 0.34570959375 0.29325382499999997 0.349209071875 0.3017638453125 0.3036000859375 0.28195989374999997 0.3001809046875 0.2730721046875 0.34570959375
2 0.235281540625 0.3300359234375 0.25655666093749996 0.3432513484375 0.26520334375 0.2988568609375 0.2415977875 0.296605384375 0.235281540625 0.3300359234375
3 0.256925540625 0.34250470312500003 0.2716105359375 0.3448705578125 0.2815512109375 0.29996080625 0.26582219375 0.29780291718749996 0.256925540625 0.34250470312500003
0 0.28897510937500004 0.4189357421875 0.390187853125 0.43880470312500003 0.404131653125 0.367157228125 0.30093243593749996 0.3515360125 0.28897510937500004 0.4189357421875
1 0.24319592031249998 0.40922895312499996 0.2806081859375 0.4155767078125 0.2927584984375 0.3509840078125 0.2574197734375 0.3423109890625 0.23283978749999998 0.3263934546875 0.21753956406250002 0.41323524999999994 0.24319592031249998 0.40922895312499996
2 0.21977659843750003 0.5729882921875 0.221157984375 0.5404845765624999 0.24343314375 0.40968322968750004 0.21816406093750002 0.41340051874999995 0.1857874859375 0.5898677625000001 0.19712130156250002 0.6294208375 0.229936678125 0.603203453125 0.21977659843750003 0.5729882921875
3 0.21011878125 0.6499926953124999 0.2436360375 0.6243462937500001 0.22885129843750002 0.6060998 0.19870615625000002 0.629200865625 0.21011878125 0.6499926953124999
2 0.26199362187499997 0.6850277421875 0.6757758 0.7630134671875 0.68449408125 0.7219971765625 0.285398728125 0.6500674703125 0.26187138125 0.64116811875 0.2456358 0.624788290625 0.21074441875 0.65139523125 0.2281426296875 0.6687026890625 0.26199362187499997 0.6850277421875
3 0.23899829687500002 0.5353448875 0.259487240625 0.41245111406249996 0.2451153875 0.40939628125 0.2407640765625 0.42860567656250004 0.220198621875 0.5493355156249999 0.2194346953125 0.5655490328125 0.2221871921875 0.580362340625 0.22987536406250003 0.6060711859375 0.24319019062499997 0.6221765078125 0.2637376609375 0.6413995421875 0.28847645625 0.6498186875 0.685011278125 0.7237509203125 0.6884497796875 0.7059617703125001 0.3322186015625 0.6401518546875 0.30549980468750004 0.6351047578125 0.289247353125 0.6313341 0.2759264140625 0.6256579890625 0.260612359375 0.6145009921875 0.250518546875 0.6025571609375 0.242751959375 0.5885793796875001 0.239611215625 0.5778914078125 0.2375413515625 0.566176246875 0.23598476875 0.5545701859375 0.23899829687500002 0.5353448875
2 0.2824344875 0.629751565625 0.3216608125 0.637584103125 0.6880692390625 0.705245815625 0.69119300625 0.6952996015624999 0.33045634375 0.6275405609375 0.3013731671875 0.6218640171875001 0.2835849875 0.6148386796875001 0.2636354890625 0.597061903125 0.25456753593750003 0.5706409953125 0.28018738593750003 0.41706995625000004 0.2602093453125 0.41130774531250003 0.23648503125000003 0.55379730625 0.2391063296875 0.577090609375 0.250216246875 0.6031987359375 0.2662072390625 0.6182183875 0.2824344875 0.629751565625