4 0.5302734375 0.625 0.53515625 0.6201171875 0.537109375 0.5712890625 0.53125 0.5341796875 0.482421875 0.5263671875 0.482421875 0.4169921875 0.4765625 0.3681640625 0.3095703125 0.37109375 0.3046875 0.3759765625 0.30859375 0.4404296875 0.3193359375 0.451171875 0.3515625 0.4541015625 0.3515625 0.5068359375 0.330078125 0.5126953125 0.33203125 0.5810546875 0.353515625 0.5888671875 0.35546875 0.6181640625 0.3720703125 0.650390625 0.41015625 0.6513671875 0.4404296875 0.640625 0.4814453125 0.64453125 0.4951171875 0.625 0.5302734375 0.625
5 0.6591796875 0.421875 0.6201171875 0.40234375 0.5947265625 0.3984375 0.576171875 0.4443359375 0.5615234375 0.455078125 0.5341796875 0.4609375 0.517578125 0.4423828125 0.5225954625 0.37184088437499996 0.5033142921875 0.35256766562499997 0.4759146 0.3474957546875 0.4769293859375 0.3616970625 0.502299428125 0.374884021875 0.505859375 0.4306640625 0.484375 0.4580078125 0.484375 0.4736328125 0.4970703125 0.4765625 0.501953125 0.4853515625 0.494140625 0.5205078125 0.4990234375 0.525390625 0.5283203125 0.525390625 0.537109375 0.5341796875 0.5400390625 0.611328125 0.54999515625 0.61833573125 0.5388323515625 0.6406521453125 0.5418767109375 0.679198659375 0.6474161046875 0.6781843703125 0.642578125 0.5986328125 0.650390625 0.5751953125 0.6875 0.4345703125 0.6748046875 0.421875 0.6591796875 0.421875
0 0.17031176406249998 0.289388990625 0.17031176406249998 0.33339134375 0.3119426984375 0.3575516734375 0.439806040625 0.3575516734375 0.440767478125 0.36716119687500004 0.46875 0.3662109375 0.470703125 0.2919921875 0.4658203125 0.283203125 0.2177734375 0.2890625 0.17031176406249998 0.289388990625
1 0.157370878125 0.3262899703125 0.1552734375 0.302734375 0.123046875 0.3056640625 0.12372261874999999 0.327250946875 0.157370878125 0.3262899703125
3 0.1022393734375 0.3778472671875 0.11446594218749999 0.38029058125000004 0.12375812187499999 0.344618465625 0.1188674859375 0.289400059375 0.1037065671875 0.2903773625 0.1022393734375 0.3778472671875
3 0.1591796875 0.5625 0.1284197859375 0.562311103125 0.1284197859375 0.5801640046875 0.1630859375 0.580078125 0.1640625 0.5791015625 0.1640625 0.5634765625 0.1611328125 0.560546875 0.1591796875 0.5625
3 0.111328125 0.6708984375 0.12109375 0.6728515625 0.12890625 0.6650390625 0.1271310078125 0.54420495625 0.1123046875 0.544921875 0.111328125 0.6708984375
5 0.5302734375 0.283203125 0.529296875 0.3525390625 0.58203125 0.3544921875 0.583984375 0.3251953125 0.59765625 0.3154296875 0.59375 0.2841796875 0.5302734375 0.283203125
5 0.48046875 0.6884765625 0.5119539296875 0.6887135796875 0.51171875 0.6650390625 0.5087890625 0.662109375 0.4814453125 0.662109375 0.48046875 0.6884765625
5 0.439453125 0.6455078125 0.439453125 0.6552734375 0.4423828125 0.658203125 0.4619140625 0.658203125 0.462890625 0.6572265625 0.462890625 0.6455078125 0.4599609375 0.642578125 0.4423828125 0.642578125 0.439453125 0.6455078125
5 0.4189453125 0.654296875 0.41796875 0.6552734375 0.41796875 0.6650390625 0.419921875 0.6669921875 0.419921875 0.6689453125 0.4208984375 0.669921875 0.4306640625 0.669921875 0.431640625 0.6689453125 0.43359375 0.6669921875 0.43359375 0.6572265625 0.4306640625 0.654296875 0.4189453125 0.654296875
2 0.1547838078125 0.32778695 0.1242333140625 0.3263989 0.12076166875000001 0.35346578906250004 0.1171875 0.3720703125 0.09854315625 0.3763685796875 0.09923747499999999 0.43952456562500003 0.099609375 0.5263671875 0.1006261125 0.5394638453125 0.12890625 0.5380859375 0.12909365 0.56583666875 0.1645044265625 0.5616725453125 0.158203125 0.3544921875 0.1547838078125 0.32778695
2 0.15547812656249999 0.3000260484375 0.158203125 0.2822265625 0.11937303125000001 0.2847575484375 0.1214559875 0.3014141 0.15547812656249999 0.3000260484375
2 0.12890625 0.5830078125 0.12890625 0.6396484375 0.1318359375 0.6484375 0.140625 0.6474609375 0.146484375 0.6123046875 0.1640625 0.6025390625 0.1611328125 0.578125 0.12890625 0.5830078125