4 0.5325972734375 0.5660809015625 0.541394128125 0.548417646875 0.5592958453125 0.513886759375 0.5774723734375 0.4770667921875 0.582187678125 0.44841694062500004 0.47210822500000005 0.388124746875 0.3764625953125 0.55769300625 0.3384204609375 0.650494690625 0.34384501562500003 0.669357196875 0.33505044375000004 0.6920973296875 0.35763012031249997 0.702455378125 0.38219105625 0.73251144375 0.42242879687499996 0.75100661875 0.4343248828125 0.751887265625 0.446438115625 0.7300344140624999 0.4918184421875 0.6447289859375 0.5202402296875 0.590017440625 0.5325972734375 0.5660809015625
5 0.55556925 0.3856501671875 0.535489353125 0.41583229531250004 0.584462140625 0.446328025 0.6037806890625 0.41349076093750003 0.55556925 0.3856501671875
2 0.377406 0.7513802546874999 0.365848146875 0.766188209375 0.47865840000000004 0.8305289578125 0.4927471546875 0.8115568296875001 0.377406 0.7513802546874999
1 0.3191402390625 0.7235492421874999 0.3075823859375 0.738357196875 0.36186544375 0.76733023125 0.37266195 0.7498671406249999 0.3191402390625 0.7235492421874999
2 0.3562347546875 0.79100645 0.3465706890625 0.802397921875 0.35246634375 0.817948059375 0.4371170765625 0.8626376140625001 0.4445162625 0.8633893796875001 0.4539852 0.8463069640625 0.3562347546875 0.79100645
2 0.2994026875 0.7148416531249999 0.2918816265625 0.7327751578125 0.30625481875 0.738737871875 0.312687946875 0.7210892359375001 0.2994026875 0.7148416531249999
3 0.2911429828125 0.7355398531249999 0.2809830109375 0.7553010703124999 0.2939451984375 0.7609450125 0.3056885984375 0.74177368125 0.2911429828125 0.7355398531249999
3 0.45394410937499996 0.8429345156249999 0.4647406140625 0.8254714265624999 0.45809319375 0.8173204734375 0.36528192656249997 0.76922401875 0.354485421875 0.7866871078125001 0.45394410937499996 0.8429345156249999
1 0.3434170578125 0.8073664718750001 0.3622461171875 0.7686577984375 0.3096713015625 0.740631659375 0.289591403125 0.7708137875000001 0.27100545625 0.7761432234375001 0.268926121875 0.7839230828125 0.3492351765625 0.8240815328125001 0.3434170578125 0.8073664718750001
2 0.279713046875 0.756405671875 0.26986343437500004 0.7721605203124999 0.2842811328125 0.772336484375 0.2943258734375 0.7622725796875 0.279713046875 0.756405671875
1 0.37739641874999996 0.7413259328125 0.3783337296875 0.7295633687499999 0.35288607031249997 0.7009422640625 0.33314851874999996 0.6922346734375 0.3229278140625 0.7167162765625 0.37739641874999996 0.7413259328125