4 0.477578959375 0.5338942062500001 0.54732725625 0.48285230468749996 0.575152234375 0.5168804515625001 0.5879941265624999 0.51428291875 0.6263029046875 0.48559209687499993 0.6333007875 0.47392837343750005 0.5107934921874999 0.3044365828125 0.49843223437499995 0.2917872953125 0.48349773906250004 0.27743061406249997 0.4311689 0.318314384375 0.4257343953125 0.33991014375 0.36791555 0.38296180625 0.36964887968750004 0.39398835781249997 0.3362125109375 0.4146091078125 0.39390111562499996 0.49197020625 0.4246679078125 0.4679325546875 0.477578959375 0.5338942062500001
5 0.502693834375 0.5177237546875 0.5394652843750001 0.5695476640625 0.569910334375 0.5482399359375 0.5921307421875001 0.5259223468750001 0.5499004937499999 0.48455969843749996 0.502693834375 0.5177237546875
5 0.42263544375000006 0.48980510781250003 0.41164495937499995 0.4773241296875 0.397288278125 0.492258625 0.4099861546875 0.502166365625 0.42263544375000006 0.48980510781250003
0 0.368677453125 0.3777679609375 0.4284755203125 0.3386992828125 0.42675579218750004 0.3247414984375 0.43407269218750005 0.3161420546875 0.4235000765625 0.3078945421875 0.411535259375 0.3172424828125 0.37092598906249996 0.26499998125 0.30407487031249997 0.31271534375 0.3008985671875 0.35936821874999997 0.339651709375 0.4111563734375 0.367916534375 0.394428946875 0.368677453125 0.3777679609375
1 0.3504841046875 0.2388355625 0.35178468125 0.21339597968750001 0.3473452796875 0.2058297375 0.31535336406250003 0.2308245609375 0.2662949015625 0.26694630625000004 0.27141303125 0.27087004062500003 0.2996943484375 0.2785168671875 0.3068730703125 0.2896808859375 0.30481397656250003 0.303059953125 0.32181933281249997 0.29097355 0.3670826328125 0.26029550625 0.3504841046875 0.2388355625
2 0.3504112203125 0.20543206406249997 0.3502915 0.2290718359375 0.3499952140625 0.234656478125 0.40468864687500006 0.19400778125 0.42363305625000003 0.1800668828125 0.41766592812500003 0.17148730625 0.40864339687499995 0.16088099375 0.3700964953125 0.18879020625 0.3504112203125 0.20543206406249997
2 0.29483623125 0.2777101125 0.2875256953125 0.27563130625 0.266098246875 0.2688260265625 0.19836664375 0.31970023593749997 0.21172915625000002 0.3388717609375 0.258263265625 0.30466888281250004 0.29483623125 0.2777101125
3 0.221434875 0.3533628015625 0.24072854062500001 0.3394573125 0.3057652171875 0.28963028749999997 0.29833703125 0.278743721875 0.29483623125 0.2777101125 0.25205467187499997 0.308442790625 0.21158257187500001 0.3400630609375 0.221434875 0.3533628015625
2 0.2285604890625 0.3617938046875 0.2910376625 0.3150228265625 0.2985647703125 0.31038128125000003 0.3031820203125 0.306773890625 0.3062358921875 0.29323446406250003 0.305033428125 0.29169537968750003 0.2220305265625 0.35343583437500004 0.2285604890625 0.3617938046875
2 0.36697145 0.25903920625 0.39781691874999997 0.234401696875 0.4228939140625 0.21572325937499998 0.44136291562499996 0.20129369375 0.43462278593750003 0.193262825 0.399983434375 0.219249296875 0.35946998125 0.24874830312500001 0.36697145 0.25903920625
3 0.3803166078125 0.21200231875000003 0.34947113750000003 0.236639828125 0.359135490625 0.24900963593749997 0.3876076796875 0.22891829531250002 0.43402714375 0.193189803125 0.429472128125 0.1859807765625 0.42436280000000004 0.18082000781250002 0.3982319765625 0.199082075 0.3803166078125 0.21200231875000003
5 0.5724367359375 0.6069905984374999 0.56673931875 0.629454496875 0.57983423125 0.6495974140625 0.6031958656249999 0.6511190906250001 0.624574725 0.6356553703125 0.6279652171875 0.619374396875 0.6138360234375 0.5992615296875 0.5955212984375 0.5944219328125 0.5724367359375 0.6069905984374999
5 0.42915269218749996 0.493388203125 0.4361991640625 0.5039934781250001 0.44476042656250003 0.502261790625 0.44697275000000003 0.49557623125 0.43975796562499997 0.48634173125 0.42915269218749996 0.493388203125
2 0.7559478093750001 0.6504086609375 0.6576365328125 0.7236939265625 0.5570161031249999 0.7996642875 0.5685560609375 0.8144347609375 0.6456080015625 0.7551161625 0.7304838140625 0.694530278125 0.757763665625 0.67585986875 0.770505725 0.666785659375 0.784556109375 0.6571297765625 0.770118115625 0.6397780921875 0.7559478093750001 0.6504086609375