4 0.62077245625 0.6803932859375 0.5026403 0.5411281265625 0.3888102109375 0.637917725 0.5107087 0.7816714250000001 0.6107120609375001 0.700308265625 0.62077245625 0.6803932859375
5 0.37716444843749997 0.374879953125 0.3469134109375 0.34034743125 0.251160565625 0.4168590265625 0.3017367421875 0.4764156671875 0.394470765625 0.4007717765625 0.37716444843749997 0.374879953125
0 0.58974869375 0.7497689140625 0.5818031578125 0.7296649625 0.5622324437499999 0.7473615546875 0.6361315390625 0.8217577140625 0.642477365625 0.812608496875 0.58974869375 0.7497689140625
6 0.48386039687500004 0.5339397234375001 0.47734243750000005 0.529210446875 0.350167090625 0.6359232328125 0.35106143125 0.6415468515625 0.3564443140625 0.6434041359375 0.41653227187499997 0.590434728125 0.43531217499999997 0.59762313125 0.4936632171875 0.54866079375 0.48386039687500004 0.5339397234375001
0 0.25810455625 0.44407989218750005 0.255188296875 0.42798313749999994 0.21246178906250002 0.463834934375 0.2424637421875 0.49958986875000005 0.27717248906249997 0.473114784375 0.25810455625 0.44407989218750005
2 0.6144122859375 0.9432420859375 0.6240429749999999 0.9440846625000001 0.6834087249999999 0.8993701312500001 0.68437166875 0.8883636296875 0.6938819890625 0.89058201875 0.7883820984375001 0.8087373875000001 0.7922170359375 0.7965958093750001 0.7827067171875 0.7943774218749999 0.7836178953124999 0.768116615625 0.7724392625000001 0.753275178125 0.5871536109375 0.9061986765625001 0.6144122859375 0.9432420859375
2 0.570919521875 0.949141365625 0.5623483109375 0.9265655640625001 0.552500721875 0.9378255265625001 0.53553263125 0.9450929859375 0.5690622375000001 0.9545242484375001 0.570919521875 0.949141365625
2 0.21249914531249997 0.561493396875 0.39907891093750003 0.7899275484375 0.517572171875 0.9250652703125001 0.5244512343750001 0.9256671109375001 0.5413906921875 0.9063539703125001 0.5369707546875 0.8934901859375 0.23428825 0.534286484375 0.2253797703125 0.5251890328125 0.21652305468750002 0.5313458875 0.20556831875 0.54563725 0.21249914531249997 0.561493396875
2 0.1133190265625 0.4432951328125 0.156004140625 0.49416527187500003 0.16413864843749998 0.4962632921875 0.1877164328125 0.48030361718750003 0.1652387984375 0.45199655468750005 0.1309806921875 0.4157271171875 0.1161392546875 0.42690575 0.1133190265625 0.4432951328125
2 0.11061223125 0.3850521359375 0.08395025625 0.410073378125 0.1027398625 0.4340436125 0.11061223125 0.3850521359375
3 0.58416125 0.9087095656249999 0.5649516375 0.9222787203125 0.5681161312499999 0.933646325 0.5899401609375 0.95357814375 0.613810446875 0.95012115 0.611901396875 0.9402497249999999 0.58416125 0.9087095656249999
3 0.7745517937499999 0.74718119375 0.7723168328125001 0.73978465625 0.776766071875 0.7135339078125 0.5240901296875 0.9297945484374999 0.5410127499999999 0.9423658328125001 0.7745517937499999 0.74718119375
3 0.23831215781249998 0.5041389765625001 0.2239521921875 0.509814359375 0.22562050625 0.5224374078125 0.3506834890625 0.6775587140625 0.5511417484375001 0.905820734375 0.5622168515625 0.890153559375 0.4895214359375 0.801999275 0.4602851078125 0.771714559375 0.44049049531250006 0.7602783515625 0.41156350625 0.7106118921875 0.23831215781249998 0.5041389765625001
3 0.1892126140625 0.479048171875 0.19609167656249998 0.47965001249999994 0.2081814890625 0.46823064375 0.1239463359375 0.369362359375 0.1195781625 0.3717528796875 0.128607009375 0.37947451875 0.12549428125 0.3833612203125 0.1150896203125 0.3755192140625 0.10760871718750001 0.3817964359375 0.1892126140625 0.479048171875
1 0.21179377656249998 0.537863846875 0.22424469375 0.5223170406250001 0.22371145625 0.512565984375 0.23693634531250002 0.5040186078125 0.20806112031250001 0.46960645625 0.16114628749999999 0.49877418125000006 0.197193075 0.5462908546875 0.21179377656249998 0.537863846875