4 0.456605271875 0.395045996875 0.46789908750000003 0.4034611015625 0.48556363437499994 0.43959135781249997 0.493160990625 0.4439011296875 0.4877516953125 0.5844356265624999 0.5694660859375 0.5926297078125 0.5959504671875 0.5910839875 0.6034414578125 0.5787638375 0.608041296875 0.4909936640625 0.63370378125 0.4864711625 0.637588090625 0.4123541265625 0.608535803125 0.40691995 0.6106823953125 0.365960534375 0.6027742359375 0.348921740625 0.497450028125 0.34340193281250003 0.4912920265625 0.34894662187500003 0.467886646875 0.347719996875 0.45885408281249995 0.352136134375 0.456605271875 0.395045996875
5 0.302396903125 0.2960193296875 0.294186234375 0.30341224843750003 0.26687995781249996 0.30198118749999997 0.24593612031249998 0.291104540625 0.20969949843750002 0.2921391671875 0.2060279203125 0.39951604218750003 0.3174079109375 0.40144160937500006 0.32222048281250004 0.3469312765625 0.3181027078125 0.29488663125 0.302396903125 0.2960193296875
0 0.6295697859375 0.34641442499999997 0.631023321875 0.3584862078125 0.6324496 0.3710781109375 0.6283453734375 0.3797293421875 0.61156525625 0.381457665625 0.6102295984375 0.40694352343749995 0.659502453125 0.4022241328125 0.6641290125 0.403509703125 0.6773795375 0.4094196078125 0.6959951734375001 0.398790765625 0.708724196875 0.39847996406249997 0.7178081484375001 0.39432729375000003 0.732178475 0.388821834375 0.7501896390625 0.38350718125 0.759533925 0.38060683125 0.778730640625 0.33649897968750003 0.728105728125 0.30855075625 0.706650796875 0.30742635156250003 0.6861241265625 0.3259086484375 0.6530687234375 0.32222048281250004 0.6313437875 0.322516184375 0.6011495953125 0.3214553296875 0.5910197875 0.31570896406250004 0.579565 0.3066334828125 0.56601408125 0.3039675046875 0.4760890203125 0.3031663421875 0.423835790625 0.2926046453125 0.3439696296875 0.28646323125 0.32403048437500004 0.2850271125 0.323246628125 0.3298391609375 0.3196212734375 0.3990150609375 0.347873428125 0.4072758171875 0.370786009375 0.4079550671875 0.4118513265625 0.40932488749999996 0.4515758234375 0.3977161234375 0.45670749062500005 0.3930955484375 0.4589563015625 0.3501856859375 0.49806352656249997 0.34786725 0.5013750515625001 0.34438995625 0.518538996875 0.34528948125 0.5992393015624999 0.3479541609375 0.601126759375 0.3417945 0.6210821109375 0.3391894796875 0.6295697859375 0.34641442499999997
0 0.8360350015625 0.3648251515625 0.8198665203125 0.3612518171875 0.795468396875 0.345661884375 0.7813894375 0.3367687078125 0.7650744671874999 0.3681844640625 0.7533048625000001 0.3829786046875 0.7668289765625 0.3979986578125 0.798842453125 0.3983134109375 0.8136873484375 0.40113586874999996 0.834613190625 0.40495850312500004 0.8342684203124999 0.3913688203125 0.8360350015625 0.3648251515625
6 0.4881481296875 0.520892728125 0.49129210468749995 0.4461778359375 0.4813813203125 0.436635659375 0.47157641406249995 0.4118298 0.4567087640625 0.390922915625 0.46887924375 0.460882340625 0.462049290625 0.4854623546875 0.4271441078125 0.4817857671875 0.41771760156250004 0.499234690625 0.4189583234375 0.5162887421875 0.45047250781250003 0.523161178125 0.4881481296875 0.520892728125
1 0.9850969671875 0.44692441250000003 0.9824085671875 0.43824862343750004 0.988685696875 0.36546458125000003 0.9786172296875 0.375823303125 0.9633338406249999 0.3818263484375 0.93983401875 0.3758319578125 0.891551309375 0.375342765625 0.8448390359375001 0.37085348281249997 0.8421014234375 0.406551815625 0.888845825 0.4139837359375 0.9248437296875001 0.41518990625 0.9392901203124999 0.421320340625 0.9624910625 0.4264478609375 0.9850969671875 0.44692441250000003
3 0.9675770874999999 0.3527915390625 0.9684113390625001 0.313636025 0.9546764703124999 0.3133091125 0.9539352546875 0.3534373984375 0.9675770874999999 0.3527915390625
3 0.9628060109375 0.45775725312500004 0.9782010140624999 0.44389553125000003 0.9699861984375 0.43270808125000004 0.9486376328125001 0.4482135953125 0.9290582374999999 0.7372396218749999 0.9434852843750001 0.73459375625 0.9628060109375 0.45775725312500004
2 0.946696 0.31564126875 0.9258875468750001 0.31533657812500004 0.8484474890625 0.3085277140625 0.846901546875 0.331498428125 0.8434108015625 0.37213943125000004 0.872587875 0.3736685359375 0.9112999625 0.375016971875 0.9373052078124999 0.3748719875 0.9637448203125001 0.38018676406249996 0.97378715625 0.3759980984375 0.9831485421874999 0.369809175 0.9879721359375001 0.3602391296875 0.99040196875 0.3438640984375 0.9922928859375 0.3152805046875 0.9765783203125 0.315242765625 0.9691744796874999 0.3140689203125 0.9682964578125001 0.3533142671875 0.9529121234375 0.35447258125 0.9561822390625 0.314566771875 0.946696 0.31564126875
2 0.96304778125 0.45669776406249996 0.9596466906250001 0.4917322546875 0.9511334687499999 0.6243120296875 0.944463934375 0.7366432421875 0.9670524796875 0.7385729703125 0.9673824234374999 0.7249645250000001 0.983643484375 0.45200397968750006 0.9802533203125 0.4419493890625 0.96304778125 0.45669776406249996
2 0.8895131109375001 0.4146262140625 0.8763368859374999 0.41209999374999995 0.8422041968749999 0.4066398453125 0.8408869687499999 0.4405307234375 0.8374512765625 0.47981760625 0.8361081171875 0.5054466171875001 0.8351247328125 0.5242107171875 0.8340454078124999 0.5448054546875001 0.8226456890625 0.7318239828124999 0.9290878359375 0.7365660046875 0.9337908687500001 0.6555840109375 0.93895734375 0.600784625 0.9413026703125 0.5580663328125001 0.9449049281249999 0.504262259375 0.9465408078124999 0.473047809375 0.9473540640625 0.449322865625 0.9688362500000001 0.4334687234375 0.9646433734375 0.42590629843750005 0.9450359374999999 0.42350196249999994 0.9297393015625 0.41765220156250005 0.9197906874999999 0.41483624218750004 0.8895131109375001 0.4146262140625