4 0.3031474796875 0.47632523437499996 0.3383504453125 0.530085453125 0.3652816953125 0.5526834546875 0.41171505625 0.5763479296875 0.4393685140625 0.6072008062500001 0.43591152031249997 0.6310710921875 0.410441525 0.6568672656250001 0.429599371875 0.685690725 0.4827396640625 0.7226318546875 0.49362579531249995 0.720293096875 0.5941817281249999 0.601974465625 0.631724696875 0.5557132359375 0.627889759375 0.543571659375 0.5640872328125 0.47983648749999996 0.5515845515625 0.47954398749999994 0.5381189265625 0.46824498593749997 0.5251865375 0.44719492968749996 0.508195315625 0.4431360953125 0.502984565625 0.43111488593749997 0.46408387187500005 0.398473328125 0.4530773703125 0.399436271875 0.4039441484375 0.3607582265625 0.395809640625 0.36285624843750003 0.3031474796875 0.47632523437499996
0 0.38860065625 0.644914659375 0.39670023906249996 0.6899553703125 0.3610145546875 0.74159948125 0.3347019828125 0.7577649671875 0.3482879765625 0.77043978125 0.40022458906249997 0.7936227828125 0.4653873375 0.7144455828125 0.4330732046875 0.6937048640625 0.3939835390625 0.6430573749999999 0.38860065625 0.644914659375
5 0.59487150625 0.43555291093750004 0.56273885625 0.4753297640625 0.584050471875 0.501175115625 0.6316795609375 0.5506959421875 0.6575573890624999 0.5198559484375 0.64047913125 0.48147112343750004 0.6346665406249999 0.4625708515625 0.6089907359375 0.43847666875 0.59487150625 0.43555291093750004
5 0.6066893999999999 0.1586366453125 0.5722254828125 0.1450157265625 0.5743066640625 0.121265809375 0.5684423109375001 0.11761984375000001 0.5020241171875 0.19829322656249998 0.5823363953125 0.26058398125000004 0.636079775 0.19349659218749998 0.6338613859375 0.18398627343750001 0.6089077890625 0.168146965625 0.6066893999999999 0.1586366453125
1 0.323041878125 0.7671031546875 0.3056377875 0.7741711890625 0.39037000312500003 0.8235981593749999 0.39592501874999997 0.80786238125 0.388444115625 0.8015851578125 0.323041878125 0.7671031546875
2 0.1215265796875 0.7074081859375 0.1621632015625 0.7187203125 0.22213948593750002 0.73866509375 0.2636520578125 0.755269459375 0.3029923421875 0.7753678453124999 0.311650503125 0.7704804265625 0.326866353125 0.765019221875 0.29911445937500003 0.75464465 0.2492768453125 0.732573859375 0.20671404999999998 0.718126265625 0.1637055125 0.70330475625 0.1351184421875 0.697546175 0.109738484375 0.69068100625 0.082345159375 0.684404984375 0.07207848125 0.6803473453125 0.05929085625 0.694681865625 0.0840099546875 0.698713946875 0.1215265796875 0.7074081859375
6 0.1140917515625 0.6606130171875 0.101227965625 0.656193078125 0.091304778125 0.6695383359375 0.10853673593749999 0.6763487953125 0.1140917515625 0.6606130171875
6 0.26457046875 0.7167650046875 0.2597234140625 0.7056414890625 0.2335391984375 0.6943037921874999 0.2226256484375 0.6968668625000001 0.2244761578125 0.7087253859375 0.2594283234375 0.7213739140625 0.26457046875 0.7167650046875
6 0.4349286890625 0.8158808453124999 0.47519135312499994 0.8456249109374999 0.486505128125 0.8314538062500001 0.4439688171875 0.804419365625 0.424935328125 0.7913342937500001 0.40905915625 0.7820528453125 0.399450596875 0.7941917515625 0.4349286890625 0.8158808453124999
2 0.3923693828125 0.8225988171875 0.4048503375 0.8306493546875 0.454907221875 0.86297033125 0.45980028125 0.8566415859375001 0.46841510937499997 0.851348928125 0.4293742265625 0.8257311046875 0.40292444843749997 0.808636353125 0.39460219531249996 0.8040207984375 0.3923693828125 0.8225988171875
5 0.6180240593749999 0.6769197203124999 0.608575371875 0.6714186984375 0.4890156390625 0.82605853125 0.5155649375 0.796131934375 0.6180240593749999 0.6769197203124999