4 0.59375 0.5107421875 0.56640625 0.4892578125 0.55078125 0.4599609375 0.5517578125 0.453125 0.572265625 0.4404296875 0.5390625 0.3662109375 0.5263671875 0.3515625 0.4501953125 0.38671875 0.4384765625 0.40625 0.3642578125 0.443359375 0.337890625 0.4833984375 0.341796875 0.5205078125 0.361328125 0.5810546875 0.396484375 0.6396484375 0.4189453125 0.6640625 0.427734375 0.6630859375 0.5712890625 0.591796875 0.611328125 0.5595703125 0.607421875 0.5322265625 0.59375 0.5107421875
5 0.68359375 0.4130859375 0.6611328125 0.396484375 0.6455078125 0.392578125 0.5722535390625 0.4301967140625 0.5772527281250001 0.44268947187499996 0.5697539453125 0.4464372890625 0.5486696671875 0.45699608593749996 0.56789724375 0.4944743359375 0.58616345625 0.48966942968750005 0.6101978546875 0.5233037765625 0.6198116421875 0.547328309375 0.6178889140625 0.564626003125 0.627502703125 0.58096265625 0.7197265625 0.537109375 0.734375 0.5205078125 0.68359375 0.4130859375
0 0.294799596875 0.5876054625 0.34765625 0.5419921875 0.3388671875 0.52734375 0.285426153125 0.57261414375 0.294799596875 0.5876054625
5 0.548828125 0.2841796875 0.55078125 0.2978515625 0.55859375 0.2998046875 0.595703125 0.2802734375 0.609375 0.2529296875 0.6064453125 0.244140625 0.548828125 0.2841796875
1 0.24609375 0.6162109375 0.28740076718749996 0.59699720625 0.27467368593749997 0.579624675 0.234375 0.6064453125 0.24609375 0.6162109375
3 0.2017826265625 0.518241709375 0.35797775625 0.7753551859375001 0.36839076406250004 0.7649316671874999 0.219137640625 0.507818190625 0.2017826265625 0.518241709375
2 0.23046875 0.6025390625 0.23828125 0.6025390625 0.251533703125 0.59583905625 0.2099609375 0.533203125 0.19921875 0.5537109375 0.23046875 0.6025390625
2 0.298828125 0.7275390625 0.3203125 0.7646484375 0.337890625 0.7783203125 0.34765625 0.7626953125 0.2978515625 0.681640625 0.2890625 0.6982421875 0.298828125 0.7275390625
2 0.2451171875 0.615234375 0.2421875 0.6240234375 0.26953125 0.6513671875 0.2822265625 0.650390625 0.283203125 0.6455078125 0.2587890625 0.607421875 0.2451171875 0.615234375
5 0.267578125 0.6630859375 0.283203125 0.6923828125 0.2890625 0.6923828125 0.296875 0.6845703125 0.283203125 0.6533203125 0.2724609375 0.650390625 0.267578125 0.6630859375
2 0.7568359375 0.607421875 0.462890625 0.7529296875 0.4755859375 0.765625 0.490234375 0.7646484375 0.7587890625 0.63671875 0.7734375 0.6240234375 0.775390625 0.6044921875 0.7568359375 0.607421875
3 0.780283178125 0.5993135625 0.7733411734375 0.5842573328125 0.3660767984375 0.779987896875 0.37764684375 0.7927277187499999 0.780283178125 0.5993135625
2 0.26657475 0.5830991812499999 0.276987759375 0.57730831875 0.2272366828125 0.504343684375 0.2145097078125 0.511292696875 0.26657475 0.5830991812499999
2 0.3105407515625 0.6444821453125 0.28740076718749996 0.5935227000000001 0.27467368593749997 0.5993135625 0.3730188046875 0.766089871875 0.3105407515625 0.6444821453125