4 0.2360264140625 0.3588130046875 0.23686898906249998 0.3684436921875 0.289114940625 0.41100843906250006 0.34524759375 0.4504604578125 0.43061782343750005 0.3487201796875 0.42367015781250006 0.3326919015625 0.45756715937500003 0.2922950265625 0.45923547343750004 0.2796719765625 0.45276927968749997 0.26914694843750003 0.3741939171875 0.21086326249999998 0.353797465625 0.2154204078125 0.3435131734375 0.2246382265625 0.2360264140625 0.3588130046875
0 0.40675690781249996 0.156461353125 0.3693687875 0.2055730578125 0.42300032343750005 0.24621155312499998 0.45775737968749997 0.1993933765625 0.42783376874999995 0.1742844859375 0.40675690781249996 0.156461353125
5 0.2907314890625 0.41363969687499996 0.2464298265625 0.461878578125 0.28407507656250003 0.4960163171875 0.29795885625 0.5081780734375 0.31260603593749997 0.48936115156250004 0.34148126093750003 0.4549489984375 0.2907314890625 0.41363969687499996
1 0.43181279375 0.1263061046875 0.4145402765625 0.1491069921875 0.44021608125 0.1732011734375 0.46281642968750003 0.19122520625 0.4923079875 0.15062125937499998 0.4362333109375 0.10102812812499999 0.43181279375 0.1263061046875
2 0.574043790625 0.23420975781250003 0.5578918703125 0.20616306093749998 0.490857628125 0.15144032031250002 0.4755057359375 0.16456835625 0.4634327625 0.1850334109375 0.4640346015625 0.1919124734375 0.550148828125 0.2645057890625 0.574043790625 0.23420975781250003
3 0.4190415703125 0.1178782609375 0.40723150625000004 0.128951275 0.42207294375000004 0.1401299078125 0.43199613125 0.12678465156250002 0.4190415703125 0.1178782609375
2 0.4043595125 0.1278161984375 0.39844339375 0.13942453906250002 0.41178865 0.149347728125 0.42069713125 0.1402502765625 0.4043595125 0.1278161984375
2 0.4293480359375 0.096516775 0.41541777812499997 0.1115989484375 0.4201470546875 0.11811690781249999 0.4304999515625 0.12552920625 0.43438665312499997 0.122416478125 0.4368289390625 0.10279399843749999 0.4293480359375 0.096516775
5 0.42561163593750007 0.49749690625 0.430369428125 0.5093164875 0.41680669375 0.5248625 0.41897405 0.5303058359375 0.4601790828125 0.4806092125 0.46083268750000006 0.4722339703125 0.457599590625 0.4669714546875 0.4467134578125 0.46931021250000005 0.4360963671875 0.48149947656250003 0.4179536125 0.4673115296875 0.40985323124999995 0.4744955671875 0.43058499218749996 0.4893024875 0.42561163593750007 0.49749690625
5 0.469724328125 0.43125209375000007 0.465596890625 0.431613196875 0.46183055624999997 0.43610173906250005 0.46219166093749997 0.4402291765625 0.46668020312499997 0.4439955109375 0.46805601562500004 0.44387514218749996 0.470807640625 0.44363440625 0.4745739734375 0.439145865625 0.47421287031250003 0.4350184265625 0.469724328125 0.43125209375000007
5 0.40494077031250003 0.4355335765625 0.40942931250000003 0.43929991093750004 0.410805125 0.4391795421875 0.41606763906250005 0.4359464453125 0.4154657984375 0.42906738281249995 0.4124734375 0.42655649375 0.4070905546875 0.42841377812500003 0.404820403125 0.4341577640625 0.40494077031250003 0.4355335765625
5 0.37467289375 0.4381816734375 0.3671919921875 0.43190445000000005 0.36306455312499997 0.43226555468749994 0.35678733125 0.4397464578125 0.3570280671875 0.4424980828125 0.35577262187500003 0.44399426249999996 0.355892990625 0.44537007500000003 0.36337389375 0.45164729843750007 0.36474970624999997 0.4515269296875 0.3747932625 0.43955748593750005 0.37467289375 0.4381816734375
6 0.4662884 0.282643575 0.4200317171875 0.33562720625 0.42952843281249997 0.34359589687500003 0.4841204671875 0.278881165625 0.43018624843750003 0.234950746875 0.42303952031250003 0.24275354999999998 0.4662884 0.282643575