0 0.3984375 0.2880859375 0.41242659374999996 0.3119119265625 0.421875 0.3310546875 0.4259700390625 0.341255728125 0.486012609375 0.3123633609375 0.4548626859375 0.2464526828125 0.3930143625 0.2753450421875 0.3984375 0.2880859375
4 0.55859375 0.4697265625 0.552734375 0.4287109375 0.529296875 0.4033203125 0.53125 0.3876953125 0.5234375 0.3603515625 0.50390625 0.3212890625 0.4912109375 0.3125 0.4619140625 0.3203125 0.41796875 0.3447265625 0.435546875 0.3857421875 0.4326171875 0.39453125 0.404296875 0.4130859375 0.3974273625 0.42094436249999995 0.3896484375 0.4296875 0.369140625 0.4384765625 0.412109375 0.5322265625 0.4296875 0.5361328125 0.4775390625 0.51953125 0.4931640625 0.50390625 0.5458984375 0.482421875 0.55859375 0.4697265625
6 0.435546875 0.3876953125 0.4286116953125 0.3715812765625 0.42730817343750005 0.3676708171875 0.425483290625 0.36219618124999997 0.42365837187500005 0.35750363281249997 0.41974787812500003 0.350204115625 0.41714087187500004 0.344208078125 0.425483290625 0.34003693125 0.42026927656249996 0.327784165625 0.41427317500000005 0.3316946203125 0.40775567500000004 0.337429965625 0.40358449375000005 0.3408190203125 0.40202030000000005 0.34629365624999997 0.4025416796875 0.3494220265625 0.4038451828125 0.35750363281249997 0.40619148281250006 0.36245688593750003 0.4080163828125 0.3676708171875 0.41583738593749997 0.3846161359375 0.420529984375 0.3942619265625 0.423919096875 0.40077935625 0.42578125 0.3974609375 0.4287109375 0.396484375 0.43252218750000004 0.39478331875 0.43408638125000004 0.390872859375 0.435546875 0.3876953125
5 0.4912109375 0.521484375 0.5 0.5205078125 0.5078125 0.5107421875 0.4951171875 0.50390625 0.486328125 0.5126953125 0.4912109375 0.521484375
6 0.3599625140625 0.44488841875 0.377356890625 0.483481740625 0.3898591375 0.510116609375 0.40507915156249996 0.5427307234375001 0.4306271625 0.5378386093749999 0.4126892328125 0.5340335921875 0.376953125 0.4560546875 0.36920329375 0.44053985312500005 0.3599625140625 0.44488841875
6 0.4164942171875 0.4052079453125 0.3974691453125 0.41064362499999996 0.388228403125 0.4166228703125 0.375182640625 0.41988428593749993 0.3671875 0.4306640625 0.3610496578125 0.44488841875 0.3768133375 0.433473475 0.391489834375 0.429124946875 0.4023613109375 0.4149921734375 0.4164942171875 0.4052079453125
1 0.435546875 0.2099609375 0.44258578125000003 0.1899549484375 0.443129334375 0.18180142500000002 0.359375 0.2216796875 0.3469167515625 0.226374025 0.3740234375 0.234375 0.38671875 0.2607421875 0.390402653125 0.267685196875 0.4111328125 0.2578125 0.4241042984375 0.252465290625 0.451826559375 0.2399632140625 0.435546875 0.2099609375
3 0.44153805156250003 0.20565518124999999 0.43676422031250006 0.210031171875 0.44153805156250003 0.2211700171875 0.5421867 0.1762167609375 0.5358215656249999 0.1614975546875 0.512350165625 0.1714429609375 0.44153805156250003 0.20565518124999999
2 0.45384864843750006 0.2164309453125 0.44304324531250006 0.220675896875 0.45191912968750003 0.2399710578125 0.5503255953124999 0.19289083437500001 0.5453088 0.183243228125 0.54222155 0.1762969625 0.45384864843750006 0.2164309453125
2 0.5256274859375 0.1419515375 0.4955267140625 0.15622997656249998 0.4638671875 0.169921875 0.4560546875 0.17578125 0.4515332109375 0.17938419218749999 0.4453586828125 0.185558653125 0.43802645 0.2013806953125 0.4357109859375 0.20832696093749997 0.47816086406249997 0.1874881640625 0.502087134375 0.1770687671875 0.5345033703125 0.1620185296875 0.5256274859375 0.1419515375
2 0.37586002500000004 0.2370100296875 0.3735445609375 0.2343087015625 0.35656462968749997 0.231221478125 0.3469169328125 0.226976540625 0.33968325625 0.2292919609375 0.3271484375 0.234375 0.3212890625 0.236328125 0.3134765625 0.240234375 0.3095703125 0.244140625 0.294532046875 0.2505166546875 0.2532399265625 0.2698118421875 0.23201498593749997 0.28177485 0.21619278749999998 0.2929660578125 0.2034578140625 0.304929071875 0.1967988109375 0.3165061765625 0.20191418906249997 0.3176638828125 0.20721832031249998 0.3168920921875 0.22342643906249998 0.309174009375 0.24860902343750002 0.2956673796875 0.2740789453125 0.284476178125 0.29877705468750004 0.2728990671875 0.3173006375 0.2632514734375 0.32926374531249997 0.25823473125 0.3349609375 0.255859375 0.34277053281250003 0.2520602703125 0.3544921875 0.248046875 0.37586002500000004 0.2370100296875
3 0.38183372968749996 0.249923646875 0.37890625 0.2451171875 0.3745222703125 0.23712874374999998 0.365644078125 0.24261227187499998 0.3486710671875 0.25018476562499997 0.339792875 0.2535793328125 0.3291015625 0.2578125 0.3160306671875 0.26402415156250003 0.2826068734375 0.2809969875 0.257800159375 0.29222515625 0.23568277656249997 0.3021796203125 0.2221043640625 0.310013240625 0.21139830625 0.315235646875 0.2061758609375 0.31784685 0.1967754234375 0.31784685 0.20800370781250002 0.338475378125 0.20983157343749997 0.3316862359375 0.218448634375 0.3277694265625 0.23046033124999998 0.32098029375000003 0.24952230156250002 0.3134078109375 0.2576171359375 0.309229871875 0.27615687968749997 0.29930730625 0.293391003125 0.29095144687499996 0.317414359375 0.2799843890625 0.33984375 0.2705078125 0.3486328125 0.265625 0.3583984375 0.26171875 0.365382946875 0.2582795 0.38183372968749996 0.249923646875
2 0.2564074046875 0.3338170734375 0.2807638859375 0.319297009375 0.309804390625 0.3061820921875 0.34727593125 0.2893200734375 0.3744428015625 0.27480000000000004 0.39036818281249996 0.26730577499999997 0.38240549218750003 0.25044375625000004 0.33603444374999997 0.2715212796875 0.28825823281249996 0.29400398125 0.25593899531250003 0.3099292078125 0.230645696875 0.32023376875 0.210973140625 0.33241189375 0.208984375 0.3369140625 0.21472028281250002 0.3483371375 0.223619790625 0.36332560625 0.2343928703125 0.3853399203125 0.2372032265625 0.36847790156250004 0.24516591718749997 0.34786875 0.2564074046875 0.3338170734375
2 0.407728465625 0.8193757828124999 0.3882718796875 0.7807985265624999 0.31443424062499997 0.6258039359375 0.265650184375 0.5169792375 0.208984375 0.3974609375 0.183843128125 0.35674880625 0.1823420859375 0.3762622046875 0.18359375 0.3955078125 0.24609375 0.5302734375 0.2866648578125 0.6152967125 0.32419103125 0.6971028390625 0.3692223578125 0.7921861406249999 0.38498341406250003 0.8280173468750001 0.407728465625 0.8193757828124999
3 0.1982421875 0.318359375 0.1898473421875 0.3297261875 0.185546875 0.3408203125 0.183843128125 0.349990096875 0.1898473421875 0.36575090781249997 0.232627184375 0.4430539609375 0.3271931125 0.6509466984375 0.3549624953125 0.7102374046875 0.40824962343750004 0.8190111734375 0.4225095875 0.8145080734375 0.330945740625 0.6246786390625 0.2468871484375 0.4468065484375 0.20410725468750002 0.352241646875 0.2078598828125 0.33873237343749996 0.1982421875 0.318359375
2 0.20800220781249998 0.3377127984375 0.2037430390625 0.3536845875 0.22876579062500002 0.40798862500000005 0.2378165453125 0.4271547578125 0.274552053125 0.5038193078125001 0.31816114375 0.5977851234375 0.3463396296875 0.6568251140625 0.378879065625 0.724251459375 0.3993419875 0.7658478390625 0.4224886109375 0.8136730671875 0.4295332140625 0.8103185234374999 0.42114678281250006 0.792539446875 0.38458184218749997 0.7127012703125 0.358138578125 0.658624178125 0.34749057968749997 0.6350161671875 0.343231409375 0.6259654718750001 0.336842653125 0.612655671875 0.3261946546875 0.58976276875 0.303833903125 0.5432632984375 0.270292809375 0.46926073749999997 0.24686729999999998 0.418683434375 0.23036296093750003 0.376092025 0.20800220781249998 0.3377127984375