4 0.5277333953125 0.357587528125 0.40730300937499997 0.3449297859375 0.380342534375 0.5267011609375001 0.48523351562499994 0.537725646875 0.49315487031250005 0.52775685625 0.49519644218750003 0.5083326015625 0.5048560640625 0.5005103921875 0.5618601109375 0.5070252562500001 0.6487997140624999 0.513675596875 0.6642631515625 0.357208259375 0.5641261562500001 0.347665378125 0.5587597 0.35201105 0.5277333953125 0.357587528125
0 0.6466757015625 0.3534095359375 0.64501550625 0.32139920625 0.6485010015625 0.3041720859375 0.65037259375 0.2783974921875 0.597543975 0.27262239843749997 0.57713488125 0.27405105 0.576486228125 0.3200610171875 0.5184652359374999 0.3382585296875 0.5043843328125 0.3367785671875 0.5028166703125 0.3516938796875 0.5207777328125001 0.3560950421875 0.5333317953125001 0.3481989109375 0.5639766374999999 0.335501896875 0.5787542515624999 0.3303527859375 0.5843799140625 0.34853752656250003 0.6466757015625 0.3534095359375
5 0.64343325625 0.5180212671875 0.5609822484375 0.5083733765625 0.5549566796875001 0.5470177296875 0.6384809796875001 0.5557964875 0.64343325625 0.5180212671875
5 0.36523490625 0.670440653125 0.403418440625 0.6715080796875 0.40985232343750005 0.6289788734374999 0.402030115625 0.6193192515625 0.3748361578125 0.6164610515625 0.3673231171875 0.622544990625 0.3621666828125 0.6622626375 0.36523490625 0.670440653125
1 0.652795159375 0.242097690625 0.58397460625 0.23543459531250002 0.5828211984375 0.2632194390625 0.649067825 0.26821835625 0.652795159375 0.242097690625
3 0.6542242593750001 0.2285007109375 0.5878350734375 0.22147439531250002 0.58588355625 0.2340830546875 0.6557743406250001 0.2429810515625 0.6542242593750001 0.2285007109375
1 0.6538625859375 0.2039141546875 0.583935265625 0.19656449843749998 0.5873126562500001 0.2204860765625 0.6544175984375 0.22553035000000002 0.6538625859375 0.2039141546875
2 0.679942478125 0.273427296875 0.683691778125 0.243563959375 0.6558108765624999 0.24143271249999998 0.6516227234375 0.26259523749999997 0.6546909453125 0.270773253125 0.679942478125 0.273427296875
2 0.5829333078125 0.2346161734375 0.365478825 0.21372871718750003 0.3636389390625 0.2437108046875 0.5802137968750001 0.259999565625 0.5829333078125 0.2346161734375
2 0.5835096078124999 0.19794147812500001 0.372540215625 0.17773563125 0.36964129375 0.19907854375 0.5863108953125 0.2211954296875 0.5835096078124999 0.19794147812500001
2 0.6855064359374999 0.20603779218749999 0.6556751203125 0.20290239531249998 0.657444134375 0.2258933078125 0.6850651796875 0.228950984375 0.6855064359374999 0.20603779218749999
3 0.5844115171875 0.2321476015625 0.584717725 0.22299595625 0.37033462968749997 0.197839446875 0.366035728125 0.21378724999999998 0.5844115171875 0.2321476015625
3 0.6872454953125 0.2319713828125 0.657444134375 0.2258933078125 0.6540726078125 0.23928612968750002 0.6851514171875001 0.24255264531249998 0.6872454953125 0.2319713828125