4 0.370882446875 0.436562284375 0.34814036875 0.512330409375 0.34933472656250003 0.5258798125 0.359391603125 0.5297794921875 0.3459327484375 0.5767160984374999 0.3492805234375 0.5827556453125 0.5056484109375 0.62556158125 0.5229527421875 0.62544393125 0.5878176484375001 0.40631896718749994 0.585822534375 0.38847628125 0.5649080265624999 0.3763836390625 0.40352177187500005 0.32680943125 0.3887523203125 0.3822828203125 0.370882446875 0.436562284375
0 0.3911599703125 0.3640936921875 0.3999954640625 0.3332806671875 0.38689251874999997 0.33190542500000003 0.3725327640625 0.32937570156249996 0.352303875 0.3251631390625 0.29507797812500003 0.3112021265625 0.287699321875 0.3121340828125 0.2832612875 0.32406842343750003 0.268594521875 0.371674584375 0.27233589999999996 0.3869702515625 0.2842431390625 0.4198462015625 0.343783640625 0.43895100156250005 0.3274882625 0.5064085125 0.34639410625 0.5148774281249999 0.3527231546875 0.48926248437500003 0.34453019218750003 0.5001201156249999 0.3387665984375 0.4954196796875 0.3503479890625 0.4479447203125 0.3691361828125 0.43910930312499996 0.3814776875 0.40339751250000006 0.3911599703125 0.3640936921875
1 0.2616230203125 0.367643703125 0.2796511109375 0.3118581296875 0.2478789703125 0.2915725234375 0.22567524687499999 0.36546318437499997 0.23197719375 0.36828615625 0.2616230203125 0.367643703125
2 0.29714094062499996 0.2129866109375 0.2738344296875 0.20565210937499998 0.26564465937500004 0.22961620312500003 0.24774776874999999 0.28848715 0.2701263734375 0.3049255375 0.29714094062499996 0.2129866109375
3 0.27885820156249996 0.27277890312499997 0.26948917968749997 0.30423737968750003 0.279879046875 0.311746084375 0.3084476171875 0.21576086718749998 0.29814541875 0.212806759375 0.2934822625 0.2302842203125 0.27885820156249996 0.27277890312499997
3 0.2627740203125 0.3694738546875 0.25008616250000004 0.36811026875 0.18293275625 0.5960112359374999 0.17159485000000002 0.6339096234375 0.18803420625 0.638054940625 0.2627740203125 0.3694738546875
2 0.21408982656250003 0.6364278375 0.205242159375 0.623655078125 0.200972809375 0.612763759375 0.1996319890625 0.6015749234375 0.1943585625 0.6199655484375 0.18893445 0.6388816734375 0.2074755859375 0.6436296671874999 0.23457449531250002 0.650262815625 0.21408982656250003 0.6364278375
2 0.22056765625 0.37618961562500003 0.1612174921875 0.579625309375 0.1524590734375 0.6207983234375 0.1602630125 0.6278170421875 0.172796403125 0.633685571875 0.24807361718749998 0.3688380625 0.225806446875 0.3685485578125 0.22056765625 0.37618961562500003
5 0.5878767859375 0.6257740875 0.619386525 0.639888946875 0.649073003125 0.59658961875 0.6729687859375 0.577027771875 0.685848634375 0.5746255046875001 0.70066015 0.5158857578125 0.68137425625 0.4839417640625 0.6676031046875 0.4363085 0.6423953124999999 0.42501661406249996 0.6339399484375 0.4297034984375 0.598752278125 0.4744731375 0.5741598375 0.521264990625 0.5878767859375 0.6257740875
5 0.5535576265625 0.6037422171875 0.5608321828125 0.5712869703125001 0.54326545 0.5652338734375 0.5327333171874999 0.5976202515625 0.54516995625 0.6027317046875 0.5535576265625 0.6037422171875
5 0.585858878125 0.4910943625 0.5682921453125 0.48504126562499994 0.5626462015625 0.4976451609375 0.5541637359375 0.5307699625 0.57173046875 0.536823059375 0.585858878125 0.4910943625
5 0.57515955 0.45754885625 0.5927262828125001 0.46360195312499997 0.603790684375 0.4279254984375 0.586057834375 0.42308494531249996 0.57515955 0.45754885625