0 0.5287350609375 0.69083661875 0.52108254375 0.6904355671875 0.5208775875 0.6743803734375 0.5179095921875 0.664458628125 0.4853781171875 0.6662416609374999 0.47558387343749997 0.6667747515625 0.4521257703125 0.6593115765625 0.44706195624999995 0.75178050625 0.44569181406249997 0.764614025 0.5135937109375 0.7667774406250001 0.5161792953125001 0.7041302921875 0.5356219203125 0.7058468296875 0.5442070984375 0.7017624640625 0.54431498125 0.6930482921875 0.5287350609375 0.69083661875
5 0.570614825 0.3750964421875 0.5580244375000001 0.38178100000000004 0.5482721953125 0.38126990625 0.542829725 0.37316145624999997 0.533077484375 0.37265036406249996 0.5268172640625 0.38014549999999997 0.515291403125 0.3791729359375 0.5079305796875 0.3732064890625 0.4979694140625 0.370810428125 0.48422121875 0.366383228125 0.47353770156249997 0.37050791875 0.46238165468750003 0.37047056718750004 0.4515716765625 0.3791357546875 0.44398699218750004 0.38869014062499996 0.442543259375 0.40213225937499997 0.44423139375 0.41730392812500006 0.44950665 0.42978813125000004 0.45168779687500005 0.4414125828125 0.442625715625 0.44128646250000003 0.44661899062500005 0.45161070781249996 0.46780930937500004 0.46115265625 0.5050212515625 0.46199609218750004 0.553424596875 0.46955117343749997 0.5702300859375 0.455647353125 0.5859606125 0.44583084375000004 0.5956106359375 0.4482923859375 0.6048476375 0.4399753515625 0.5987471203125 0.43063364687499994 0.6050417515625 0.417011828125 0.6047805890625 0.3953730078125 0.6007508328125 0.3857444203125 0.5869815703125 0.375605409375 0.570614825 0.3750964421875
4 0.613106240625 0.6757685437500001 0.617676059375 0.5286723265625 0.619752715625 0.48239174843750005 0.5393285734375 0.4795720734375 0.542272390625 0.463333109375 0.49039363593749996 0.46153191250000003 0.49024252968750004 0.4777255421875 0.4435224921875 0.47736981875 0.442377028125 0.5125378484375 0.4364636953125 0.5122279437499999 0.42956308749999994 0.5174469546875 0.42749724218749996 0.5302440203125001 0.43555372031250006 0.536246925 0.4301136375 0.546893165625 0.4213082609375 0.54852444375 0.42043768437500006 0.58510201875 0.42087179687500004 0.643373140625 0.438245615625 0.6446324546875 0.4379372078125 0.6571728203125 0.4549084859375 0.6594574125 0.4841832828125 0.6665723203125 0.5199563171875 0.66286453125 0.5187320109375 0.672915359375 0.54641343125 0.677156421875 0.5665334828125 0.6792572421874999 0.5927491609375 0.6781895859375 0.613106240625 0.6757685437500001
6 0.55467341875 0.6925873765625 0.56930098125 0.693005184375 0.5845877140625 0.6941551171875 0.5974578593750001 0.6948296140625 0.6085887484375 0.695412959375 0.610124446875 0.6860760453125 0.613508778125 0.6747432671875 0.59974245625 0.67785851875 0.5798061437500001 0.678906459375 0.5617184171875 0.677958521875 0.5401705265625 0.6764804421874999 0.5211851046875 0.6726951296875 0.5202554078125 0.6904348140625001 0.536951775 0.6913098343749999 0.55467341875 0.6925873765625
6 0.6152257453125001 0.47845947187500004 0.616258425 0.47285013593749997 0.60249390625 0.47237501406250004 0.573737059375 0.4713603953125 0.5604507984375 0.47115657187500004 0.5518302515625 0.47119725937499995 0.54746155625 0.4699833546875 0.5416323625 0.468446678125 0.53956696875 0.4796653375 0.5585269687500001 0.4796740453125 0.585319303125 0.4805856984375 0.6153168671875 0.4814190890625 0.6152257453125001 0.47845947187500004
6 0.447324003125 0.4676902078125 0.445631821875 0.4717875625 0.4456586140625 0.47597499687499994 0.48454559531249997 0.47767620937500005 0.48986034843750004 0.47829151249999996 0.49056921875 0.4694641296875 0.47583529531249996 0.4686919578125 0.46674939374999996 0.46821578593749996 0.45867452656249996 0.467519240625 0.4527650421875 0.46723665312499996 0.447324003125 0.4676902078125
1 0.44509603125 0.8012503390625 0.42836803906250004 0.8218875203125 0.42757969375 0.8280425484375 0.43093594687500003 0.82886741875 0.439499946875 0.8291157124999999 0.4506689265625 0.829925278125 0.4616728484375 0.8296050671874999 0.4765979515625 0.8297145859375 0.488649646875 0.8307946328125 0.5065738843750001 0.8310613281249999 0.511258040625 0.8315310437500001 0.51617755 0.831788865625 0.5278757734374999 0.8310565875 0.5268143921874999 0.821359271875 0.5214467109375 0.8168176859375 0.5146778140625 0.8090635031250001 0.5115134921875 0.802775325 0.512727971875 0.7735337109375 0.454082625 0.7715813687499999 0.4469504234375 0.7707591296875 0.44509603125 0.8012503390625
2 0.5279819515625 0.8285956750000001 0.5463190531250001 0.829046975 0.554120846875 0.8294558484375001 0.5893106515625 0.8306886468749999 0.6056578874999999 0.8310969203124999 0.6195336421875 0.8315998875 0.6202358359375 0.8139228890625001 0.6205874046875001 0.8072145546874999 0.5995325734375 0.8067837921875001 0.569556640625 0.8054370453124999 0.530342203125 0.804951475 0.5122177828125001 0.8042258468749999 0.51658555625 0.8107330640624999 0.5226953265625001 0.8182284750000001 0.526909796875 0.8233822999999999 0.5279819515625 0.8285956750000001
3 0.5236689625000001 0.803929071875 0.620352065625 0.8074264453125 0.6214194515625 0.791338159375 0.5124610328125 0.7867490203124999 0.5106759390625 0.8036965921875 0.5236689625000001 0.803929071875
2 0.6216313375 0.79157348125 0.6226049703125 0.7772740921875 0.5315473671875 0.7733988640625 0.5131876078125 0.7728851265625 0.512708090625 0.7863135125 0.6050286453125 0.7910519015624999 0.6216313375 0.79157348125
2 0.35453636875 0.7986528234375 0.353950421875 0.809833378125 0.3534123390625 0.8243798234374999 0.42751045625 0.8266935656250001 0.42836803906250004 0.8218875203125 0.43498058593750005 0.812510409375 0.44402870781250003 0.8024460046874999 0.43041655937499995 0.8014589234375 0.41519428437499994 0.8007106390625 0.3621392484375 0.7990512734374999 0.35453636875 0.7986528234375
3 0.43198873125 0.8011423421874999 0.4440169890625 0.802669621875 0.4458986828125 0.7967141515625 0.446237603125 0.7859691 0.4365987640625 0.785912390625 0.42206389843750003 0.7851506500000001 0.35580393906249996 0.7830234671875 0.3547834578125 0.798217315625 0.40244828750000006 0.80004265 0.43198873125 0.8011423421874999
2 0.35602752656250003 0.7830351859375 0.4273334125 0.7856509 0.43349160781249996 0.7853011109375 0.446249321875 0.78574548125 0.446763996875 0.7716462578125001 0.4251743796875 0.770869209375 0.394591721875 0.7702573796875 0.35701290937499996 0.7685121890625 0.356637903125 0.775667734375 0.35602752656250003 0.7830351859375