4 0.43777374687500004 0.596144559375 0.5051661000000001 0.645782875 0.5952564453125 0.6872481578125 0.639391240625 0.6908563484375 0.6766602125000001 0.6236213453125 0.639848665625 0.5987472046875 0.67125928125 0.553617971875 0.6776828265625 0.5259150140625 0.53095959375 0.4401187703125 0.5127639015625001 0.4568300953125 0.43777374687500004 0.596144559375
6 0.4790564 0.5196543609375001 0.5040563125 0.476567646875 0.47425485624999997 0.4578153171875 0.44887427031250005 0.49957446250000004 0.4790564 0.5196543609375001
0 0.74950563125 0.6461191265624999 0.76158179375 0.578003753125 0.694579696875 0.539747328125 0.686614290625 0.5420313718750001 0.703715871875 0.5716089531249999 0.6959839203125 0.6198012281249999 0.74950563125 0.6461191265624999
1 0.7618439953125 0.65407495 0.7925923453125 0.6711190390625 0.809879471875 0.69633324375 0.8168884015625 0.6857031203124999 0.8291405296875001 0.6031700484375 0.8207848671875 0.5940722015625 0.798216215625 0.600543659375 0.7722119171874999 0.585012684375 0.7599406265625 0.6474371125 0.7618439953125 0.65407495
6 0.6516077609375001 0.5963270484375001 0.6678907078125 0.6019957921875 0.6900644609375 0.623602809375 0.69965041875 0.5767761124999999 0.679019703125 0.541504796875 0.6516077609375001 0.5963270484375001
2 0.7485169203125001 0.8030055718750001 0.7597036828125 0.7969243703125 0.7788547234375 0.6594125609375 0.7615285296875001 0.655767359375 0.7485169203125001 0.8030055718750001
2 0.7733443578125 0.578941065625 0.7847358296875 0.58860513125 0.8162064687499999 0.508799003125 0.79470120625 0.49389897656250004 0.7790065562499999 0.5485829718749999 0.7733443578125 0.578941065625
3 0.781903246875 0.8204849968750001 0.7935488203125 0.67946511875 0.7891758624999999 0.6692252515625 0.77759884375 0.6639245625 0.7583780515625 0.81191393125 0.781903246875 0.8204849968750001
2 0.8091982671875 0.5787171921875001 0.8107305453125001 0.5940817843749999 0.8315909546875 0.586663434375 0.8446140109375 0.5168398203125 0.82735563125 0.5217885812499999 0.8091982671875 0.5787171921875001
3 0.8042951890625 0.5975210078125001 0.82752126875 0.51803266875 0.8170185046875 0.5047623296875 0.7877716390625 0.5891713515625 0.8042951890625 0.5975210078125001
2 0.782681753125 0.821943446875 0.7965778671875 0.8315986671875001 0.80940496875 0.6956955687499999 0.7939666703125 0.6752202515625 0.782681753125 0.821943446875
5 0.594730753125 0.47211803124999996 0.6043948203125 0.460726559375 0.5968005046875 0.45428385000000004 0.586755765625 0.46434775312500004 0.594730753125 0.47211803124999996
5 0.6849217249999999 0.7565886109375 0.699710515625 0.748037821875 0.690407959375 0.7406482171875 0.6803632203125 0.7507121203125 0.6849217249999999 0.7565886109375