4 0.6107351859375 0.3730515453125 0.5419921875 0.33984375 0.5232497 0.3333686578125 0.4798745390625 0.3260199765625 0.4592897546875 0.3774607421875 0.3982704515625 0.35027061718749997 0.39453125 0.3603515625 0.34239738750000004 0.48916069687499997 0.4033203125 0.525390625 0.4916372796875 0.552359340625 0.498989 0.5383968640625 0.5546875 0.5615234375 0.5813283046875 0.5001837171875 0.5658897015625 0.49356989375 0.6015625 0.4072265625 0.6107351859375 0.3730515453125
6 0.634765625 0.3798828125 0.6201171875 0.37109375 0.609375 0.3720703125 0.6015625 0.3955078125 0.603515625 0.4091796875 0.595703125 0.4228515625 0.5658897015625 0.49356989375 0.579122765625 0.5001837171875 0.5379531421875 0.5979212234375 0.3990056125 0.5347225234375 0.376215290625 0.51414619375 0.3401918484375 0.4957744921875 0.32475324687499996 0.5192902765625 0.3151959875 0.5457455437500001 0.35416012812500003 0.55603368125 0.378420828125 0.5398665765625 0.44973249531250004 0.587633003125 0.5011945390625 0.61261855625 0.543834540625 0.607474446875 0.5548621218750001 0.5979212234375 0.634765625 0.3916015625 0.634765625 0.3798828125
0 0.5908203125 0.20703125 0.5517578125 0.177734375 0.51171875 0.2822265625 0.4931640625 0.279296875 0.484375 0.2958984375 0.5283203125 0.3203125 0.5453448984375 0.3311640453125 0.5747518375 0.3510055171875 0.599609375 0.3662109375 0.619140625 0.3232421875 0.6171875 0.2978515625 0.607421875 0.2294921875 0.5908203125 0.20703125
6 0.53515625 0.3291015625 0.47178765624999996 0.2958904109375 0.4365234375 0.326171875 0.4111328125 0.318359375 0.3997407734375 0.31279235625 0.392389053125 0.348800890625 0.4609375 0.3740234375 0.4833984375 0.32421875 0.5283203125 0.337890625 0.537109375 0.3369140625 0.53515625 0.3291015625
5 0.3681640625 0.544921875 0.353515625 0.5576171875 0.3515625 0.5849609375 0.3642578125 0.58984375 0.3740234375 0.607421875 0.3935546875 0.61328125 0.4169921875 0.6328125 0.427734375 0.6318359375 0.447265625 0.6083984375 0.4453125 0.5810546875 0.3818359375 0.54296875 0.3681640625 0.544921875
1 0.6005859375 0.130859375 0.5673828125 0.11328125 0.5546875 0.1630859375 0.609375 0.2099609375 0.6181640625 0.1953125 0.6396484375 0.1875 0.640625 0.1787109375 0.6005859375 0.130859375
3 0.6171875 0.2001953125 0.61328125 0.2138671875 0.63671875 0.2509765625 0.6923828125 0.298828125 0.7268079234375 0.31465745625 0.7320144671875 0.30162801875 0.7041015625 0.28515625 0.6728515625 0.26171875 0.626953125 0.2041015625 0.6171875 0.2001953125
3 0.5185546875 0.13671875 0.556640625 0.1533203125 0.5615234375 0.13671875 0.5244140625 0.12109375 0.517578125 0.1240234375 0.5185546875 0.13671875
2 0.623046875 0.1962890625 0.65234375 0.2412109375 0.7021484375 0.283203125 0.7333161328125 0.293810378125 0.7359193453125 0.272963359375 0.7177734375 0.26953125 0.671875 0.2333984375 0.6416015625 0.189453125 0.623046875 0.1962890625
2 0.48046875 0.0810546875 0.482421875 0.0927734375 0.4951171875 0.107421875 0.560546875 0.1337890625 0.560546875 0.1123046875 0.5458984375 0.109375 0.5400390625 0.09765625 0.48046875 0.0810546875
2 0.68437376875 0.3131905875 0.7265625 0.3330078125 0.728515625 0.3193359375 0.6862670140625 0.298976696875 0.6370419390625 0.25728264843750004 0.68437376875 0.3131905875