0 0.230986284375 0.493950234375 0.22148827187500003 0.5505954171874999 0.2187493703125 0.5646858453125 0.2915222 0.576814546875 0.305513746875 0.507428403125 0.28953229375 0.5028622046875 0.230986284375 0.493950234375
4 0.3476290046875 0.4460301765625 0.36123343750000003 0.4486746109375 0.356997065625 0.473062971875 0.3507363796875 0.500083253125 0.3096397375 0.4936075609375 0.2950395 0.5401847171874999 0.291480896875 0.5798436953125 0.29218101875 0.586018865625 0.35094229062500004 0.596376021875 0.5333356078125 0.62684371875 0.565821571875 0.4531039859375 0.571234315625 0.41890150468750004 0.5633161703125 0.41481304531249996 0.3637665671875 0.378573859375 0.353353603125 0.4048405125 0.3476290046875 0.4460301765625
6 0.3410031109375 0.4593650859375 0.3567535765625 0.46393938749999997 0.360747565625 0.44858016718749993 0.30452005312499997 0.441110896875 0.2914473296875 0.5041899515625 0.3044475390625 0.5077254046874999 0.31533202031249996 0.457140296875 0.3410031109375 0.4593650859375
5 0.5797270984375 0.5453425937499999 0.552486121875 0.5370629625000001 0.5472956234375 0.56888376875 0.5752819484375 0.5733289187499999 0.5797270984375 0.5453425937499999
1 0.166110484375 0.48782500000000006 0.1525317859375 0.57047125 0.1801310328125 0.5581877046875 0.21257641875000002 0.5624775109375 0.2189850296875 0.5269139468749999 0.223760796875 0.49456264687499996 0.1944694828125 0.490352909375 0.1693692359375 0.470879865625 0.166110484375 0.48782500000000006
2 0.1773480015625 0.5595349015625 0.1666053015625 0.5655144828124999 0.153919990625 0.5710116937499999 0.17539196875000002 0.5747859734375 0.1773480015625 0.5595349015625
3 0.195311659375 0.5605054578125 0.1791834 0.55787469375 0.17578337500000002 0.5753663062500001 0.1918171859375 0.5784829640625 0.195311659375 0.5605054578125
2 0.21037481875 0.58158595 0.21222276562500003 0.5642968953125 0.1965803765625 0.561760575 0.19376067187499998 0.5788607390625 0.21037481875 0.58158595
2 0.223879365625 0.4939526640625 0.22989658125 0.457808803125 0.24399509687499998 0.372307875 0.25163151250000004 0.3304279734375 0.2352062609375 0.3267309765625 0.2259108140625 0.3849282203125 0.20920873593749997 0.491605234375 0.223879365625 0.4939526640625
3 0.2083314421875 0.4909304546875 0.2341400875 0.3270279859375 0.21810627500000002 0.323911328125 0.1901652390625 0.48840777187500006 0.19550985468749998 0.489446659375 0.2083314421875 0.4909304546875
2 0.189751659375 0.487452334375 0.19415942343749998 0.46213612968750006 0.2166373390625 0.3253762390625 0.195469640625 0.3207485140625 0.17019030156249998 0.46928053593749997 0.1747647546875 0.4747884921875 0.18359753125 0.4821505703125 0.189751659375 0.487452334375