4 0.5854589421874999 0.45617062343750003 0.618888653125 0.402071803125 0.6256058421875 0.38417461406250003 0.6091356203125 0.3734566546875 0.570986903125 0.3519321328125 0.48505597187499994 0.311771971875 0.44517454531249995 0.37784633749999996 0.416798875 0.43806477031249996 0.537514365625 0.5022503359375 0.5560528984374999 0.5114753484375 0.5673201109375 0.48853007968749995 0.5854589421874999 0.45617062343750003
0 0.6588197124999999 0.30942570156250004 0.5978254203125 0.275523728125 0.5665452671875 0.3374041921875 0.5611991046875 0.3433141984375 0.6223400234375001 0.37815046093750004 0.6355592265625 0.35529713281249997 0.6588197124999999 0.30942570156250004
5 0.47531131562500006 0.46984985156250003 0.422002125 0.44325020625 0.419050340625 0.45098895 0.449153003125 0.46874009531249994 0.43097956093749995 0.506200228125 0.4812116921875 0.5363997546875 0.49616820468749995 0.5134469546875 0.535399575 0.537287175 0.5439072203124999 0.5278483375 0.550775446875 0.510556628125 0.47531131562500006 0.46984985156250003
5 0.5588309671875 0.5058423953125 0.5687742250000001 0.51002329375 0.584732253125 0.5008119203125 0.5964673765625 0.46834070624999996 0.5875504234375 0.45806935 0.5588309671875 0.5058423953125
2 0.5386836921875 0.2354765828125 0.60310955 0.26973241875 0.609856009375 0.2599223953125 0.6193761 0.242017709375 0.6131239828124999 0.2394017109375 0.5387232515625 0.19798549062499998 0.52257723125 0.22691262656250002 0.5386836921875 0.2354765828125
3 0.6252637125 0.228305984375 0.5858923671875 0.20737186875 0.5462799484375 0.1840129203125 0.5386638703125 0.1983366796875 0.5815953578124999 0.2219293328125 0.6196149875 0.2425274640625 0.6252637125 0.228305984375
2 0.6169640046875 0.197864140625 0.556276046875 0.16521299218750002 0.55119865 0.17476218593749998 0.5462799484375 0.1840129203125 0.5938059828125 0.2111968765625 0.6243879812500001 0.22707480000000002 0.6248006484374999 0.2227009125 0.6209933234375 0.211872671875 0.6209238890625 0.20264909062499997 0.6169640046875 0.197864140625
1 0.6282917296874999 0.285035884375 0.663603140625 0.30495963593750003 0.6707432109375 0.291531115625 0.678460734375 0.2791752125 0.687250821875 0.26624123437499997 0.6903860578125001 0.2617838359375 0.699327965625 0.2607966625 0.7097360234375001 0.2556130109375 0.7184178234374999 0.25295640625 0.6859638359375 0.2334036625 0.6780244046874999 0.2296688609375 0.61899789375 0.19818002968749998 0.62254509375 0.2073388546875 0.6218974671875 0.2150328296875 0.625338578125 0.2226697921875 0.6243122750000001 0.22876025000000003 0.6157338875 0.2496505125 0.6093680828125 0.262342375 0.6031357671875 0.269746359375 0.6157835546875 0.2776196203125 0.6282917296874999 0.285035884375
3 0.743204875 0.29383267343749997 0.7257257953125 0.28486777343749997 0.6886765796875001 0.2631786375 0.6798372125000001 0.275640371875 0.6878315359375 0.279337446875 0.7360599125 0.305734015625 0.743204875 0.29383267343749997
2 0.663735721875 0.304610009375 0.7192745656249999 0.335755484375 0.7294585812500001 0.31963791874999997 0.7357601625 0.3057625109375 0.680613975 0.27590243281250004 0.663735721875 0.304610009375
2 0.743097 0.29297588750000003 0.749448475 0.28259140625 0.7550162484375 0.272119946875 0.7194652734375 0.25241844062499996 0.704239071875 0.2577803140625 0.6887897093750001 0.26356189531249996 0.72419424375 0.284001771875 0.743097 0.29297588750000003