4 0.40892208906249994 0.3862530328125 0.41342620625000004 0.40689358750000004 0.3876960734375 0.436349553125 0.3892215484375 0.44461059531249997 0.45234836093749997 0.5001411234375001 0.45925265 0.5000206078125 0.487744496875 0.4705164375 0.4960537453125 0.47175267656250003 0.602782540625 0.5721043140625001 0.6165670140625 0.5704824265624999 0.7263677265624999 0.45115719218750006 0.6730515359375 0.4037430890625 0.6606238171875 0.40396001562499995 0.636129925 0.4251067328125 0.5967910296875 0.387117603125 0.6089054093749999 0.3689495265625 0.5583750359375 0.32286807500000003 0.539235853125 0.334252378125 0.516804690625 0.31530601875 0.48618479375 0.3020277078125 0.4616185921875 0.319031853125 0.44158061093749995 0.358057409375 0.40892208906249994 0.3862530328125
0 0.6755512546875 0.6260852625 0.8464300281250001 0.44491766093749996 0.8572774296875 0.43105825624999994 0.8676530109374999 0.41283216874999995 0.8811457234375 0.40090056562500004 0.8606071375000001 0.38665651093750003 0.84896216875 0.375733178125 0.8207640609375 0.3491594421875 0.725107384375 0.4580855828125 0.7060887171875 0.47637417187500003 0.61792376875 0.5690774656250001 0.6755512546875 0.6260852625
5 0.5782334546875 0.6692223015625001 0.6111812125 0.65759696875 0.6124656578125001 0.6520494359375 0.58434234375 0.6235334859375 0.547685865625 0.6600865625 0.5590219624999999 0.6764640296875 0.568736171875 0.679057025 0.5782334546875 0.6692223015625001
1 0.8283484375000001 0.3433461 0.8867232453125 0.3987642390625 0.8869259859374999 0.38743310000000003 0.9042644515625 0.366077753125 0.8560593937500001 0.317862209375 0.8404161640625001 0.32762382031250004 0.8283484375000001 0.3433461
6 0.6675605921875001 0.24109537812499998 0.6842084875000001 0.22385597812500002 0.6722167203125 0.2122756640625 0.6490800953125 0.2377342203125 0.6288772703125 0.26240457031250003 0.60266310625 0.3015492234375 0.5764093796875 0.3365666015625 0.5887513234374999 0.3489527484375 0.6132714109374999 0.3183118640625 0.6398217984375 0.2773191640625 0.6675605921875001 0.24109537812499998
3 0.6892415625 0.189249115625 0.675505215625 0.20458693125 0.6878490484374999 0.21607712499999998 0.713525328125 0.189043190625 0.7081841578125 0.1838852828125 0.700195275 0.177460846875 0.6892415625 0.189249115625
2 0.562165309375 0.1009605046875 0.64981485 0.1803816 0.674933640625 0.20392244062499998 0.692429140625 0.1847362671875 0.69910896875 0.1773412078125 0.6265159796875001 0.11172436875 0.6146280671875 0.0994179859375 0.5987606296875 0.08532335625000001 0.5869917421874999 0.0733441109375 0.5790365578125 0.08216500156249999 0.5707367999999999 0.09081253593750001 0.562165309375 0.1009605046875
2 0.8414376906250001 0.3235338046875 0.8592758203124999 0.3164362375 0.8373807015624999 0.2968616609375 0.8170817093749999 0.2772591515625 0.7628333281249999 0.2335030578125 0.73041055 0.2053312703125 0.7129811921875 0.1900692296875 0.6887001500000001 0.216837890625 0.7185615046875 0.241339146875 0.8277705531249999 0.3409363640625 0.8414376906250001 0.3235338046875
5 0.47060971250000005 0.28019911875000003 0.46656355156249996 0.28579485781249997 0.465303209375 0.29272325 0.47928050625 0.30214822343750003 0.47620545156249994 0.2842452796875 0.47060971250000005 0.28019911875000003
5 0.42460057031250004 0.334872065625 0.4330303328125 0.34301259375000004 0.44536163906250004 0.3372722359375 0.4368595671875 0.3249891359375 0.42460057031250004 0.334872065625
5 0.41403576875 0.362682040625 0.42525135000000003 0.3721552203125 0.4374380390625 0.35812971875 0.4262224578125 0.3486565390625 0.41403576875 0.362682040625
5 0.4604770875 0.66394104375 0.4832864078125 0.6555575796875 0.5104552171875001 0.639612496875 0.49246443125 0.6094863625 0.484152203125 0.59066859375 0.496128778125 0.5620144375 0.5078932968750001 0.5498319234375 0.5427660453125001 0.5177831515625 0.49001380625 0.46880288124999997 0.4517444828125 0.506400384375 0.3822598890625 0.442242896875 0.3861118671875 0.43419101875 0.34207519999999997 0.3985320953125 0.27357069843750004 0.47658085000000006 0.2988274 0.494104171875 0.321282015625 0.5226551328125 0.3839187109375 0.6255183843750001 0.42346976718749996 0.6880427171875 0.4604770875 0.66394104375
6 0.546668559375 0.5768592328125 0.5743993078125 0.60243273125 0.5856897 0.608583690625 0.6019560515625 0.603888140625 0.6115885109375 0.5990382140625 0.6288452265625 0.5805514406250001 0.6153131390625 0.569270971875 0.6094010984375 0.5778607046875 0.6032674328125001 0.573724809375 0.5872121046875 0.5915844328125 0.5721830265625 0.580049978125 0.558661496875 0.5693754796875 0.5458303296875 0.5474520140625 0.5435479375 0.536906928125 0.5416793609375 0.516633084375 0.5301002718750001 0.5304743078125 0.509484259375 0.5475044625 0.51980700625 0.5485362421875 0.533902921875 0.5573821359375 0.546668559375 0.5768592328125
5 0.3766079953125 0.355047675 0.357637534375 0.37609798125 0.37173534531249997 0.3924272421875 0.3786396328125 0.392306728125 0.396205134375 0.3698996671875 0.3766079953125 0.355047675
2 0.7303946 0.16979339531249998 0.7226305187500001 0.1761461390625 0.86488435 0.3004833484375 0.87138376875 0.292909334375 0.8027862109375 0.23318326875 0.7303946 0.16979339531249998
2 0.659535575 0.102655140625 0.634878584375 0.07634054375 0.613587234375 0.048268934375 0.6031618859375001 0.059064700000000005 0.65597463125 0.1175762359375 0.6883153203125 0.14630365625 0.7081966875 0.16302226250000001 0.716775053125 0.15582637187499998 0.680586353125 0.12321207187500001 0.659535575 0.102655140625