4 0.522765109375 0.5776448578125 0.4525411859375 0.511187984375 0.3926993640625 0.564721103125 0.33983413906250004 0.6222762796875 0.4100821671875 0.6901140109375 0.522765109375 0.5776448578125
5 0.6821390671875001 0.3704337859375 0.6941811390625 0.3481231375 0.6295529531249999 0.285712425 0.57397421875 0.34607752187499996 0.6386747125000001 0.41263080781249994 0.6821390671875001 0.3704337859375
0 0.32476202656250003 0.71988854375 0.337283609375 0.7062886265625 0.34709592968749997 0.7157642734375 0.3642025703125 0.6974163921875001 0.3563219640625 0.6916413265625 0.3318842796875 0.664371875 0.31448281875 0.68365846875 0.3287373921875 0.698035640625 0.31683795937500003 0.711624715625 0.32476202656250003 0.71988854375
6 0.53156340625 0.5277652640625 0.6207958578125 0.4283880171875 0.61574284375 0.42269689374999997 0.53541674375 0.5111226640625001 0.5286811765625 0.52090918125 0.53156340625 0.5277652640625
6 0.43565755624999997 0.49352607031250006 0.4414586890625 0.498328796875 0.45705866093749997 0.4828080109375 0.469012325 0.47232991562500004 0.4740082296875 0.47490003906249995 0.5297311625 0.5279068484375 0.537078090625 0.52093231875 0.48355371875 0.46782703124999997 0.4750931625 0.46413273750000006 0.46417350625 0.46540275624999994 0.4525621609375 0.47479549531250004 0.43565755624999997 0.49352607031250006
6 0.43177497656249997 0.5140575265625 0.43691538281250003 0.5233035859374999 0.44275569375 0.519156078125 0.44856338124999995 0.5131420421875 0.45158754375 0.5081101171875 0.4398869078125 0.497422675 0.4341676953125 0.49067631875 0.40484514843749997 0.5223075765625 0.361756596875 0.5675604921875 0.3235696609375 0.608371140625 0.29883215 0.6352544546875001 0.288788471875 0.6481887359375 0.319469828125 0.676593959375 0.32802858281249997 0.667731109375 0.3017894390625 0.6442274109375 0.3192126046875 0.62618519375 0.3574212765625 0.5866189562499999 0.4149088609375 0.52835569375 0.42741957812500003 0.51413359375 0.43177497656249997 0.5140575265625
5 0.5402824046875 0.5524760828125 0.5065633515625 0.519913971875 0.4983264125 0.5228203046875 0.4969455546875 0.5228444078125001 0.4847347625 0.535489053125 0.48475886562500003 0.536869909375 0.49037870781250004 0.5422969281250001 0.4904269140625 0.54505864375 0.49183187500000003 0.5464153984375 0.49459359062499997 0.5463671921875 0.5255027218749999 0.57621579375 0.5268835796875 0.5761916921875 0.539094371875 0.563547046875 0.5390461656250001 0.56078533125 0.541759675 0.5579754109375 0.5402824046875 0.5524760828125
5 0.329657725 0.6616100281249999 0.33664301874999997 0.669579065625 0.35409541875 0.6888794875 0.3638968703125 0.6977329531249999 0.37004285000000003 0.6932689375 0.37770629375000003 0.6866000624999999 0.38380884375 0.6796472703124999 0.388055628125 0.6733492640625001 0.3424758 0.6293333359375 0.3345517390625 0.6361812671875 0.3217228640625 0.6527239609375 0.329657725 0.6616100281249999
1 0.29327056093750004 0.7505986 0.3113810515625 0.73627869375 0.320212871875 0.7252327453125 0.3072352984375 0.7127004484375 0.2937858515625 0.726627759375 0.282857740625 0.74237820625 0.261187790625 0.766718428125 0.269111803125 0.7749822890625 0.29327056093750004 0.7505986
3 0.2962240375 0.74776755625 0.2931051484375 0.75050145 0.3336063671875 0.7912319359375 0.3379622703125 0.7851553375 0.34125488125 0.77986663125 0.3444286 0.7765801484375 0.33708398281249996 0.7700924359375 0.3312457796875 0.7633165765625 0.3127232765625 0.7440692796875 0.30711615625 0.7394213984375 0.30104326718749996 0.7447603953125 0.2962240375 0.74776755625
3 0.2164246625 0.67415641875 0.2588189234375 0.7159181640625001 0.2828485125 0.739703525 0.28689741875 0.7349099375 0.29323496875 0.7259438046875 0.2277720703125 0.6621468015625 0.2164246625 0.67415641875
2 0.2363213 0.6515192625 0.231589846875 0.6582695765625 0.227868634375 0.6621230046875 0.2417408578125 0.6755192562500001 0.27812219374999997 0.7109501921875 0.289825946875 0.7216566171875 0.293689915625 0.725983765625 0.301286490625 0.71842573125 0.3053212640625 0.715172975 0.30664504843749996 0.7128767828125 0.253490890625 0.6610779203125 0.246091253125 0.6533149140625001 0.23929901875 0.6467557296875001 0.2363213 0.6515192625
2 0.23468914999999999 0.691794228125 0.2311867515625 0.689255953125 0.21628059687499998 0.6741160875000001 0.1936124390625 0.699505040625 0.20149215156250003 0.70772265625 0.2096758109375 0.715625525 0.21769668437499998 0.723067059375 0.22321031875 0.7286956484375 0.2332933 0.739040978125 0.26054669218750004 0.7668800015625 0.2635837578125 0.764497621875 0.2743552671875 0.7513210109374999 0.2834578640625 0.7409501546875 0.2445238734375 0.7012915109375 0.2403089921875 0.697221246875 0.23468914999999999 0.691794228125
5 0.43106803749999995 0.48583151406249997 0.42594082499999997 0.48088022343750003 0.418432653125 0.47429017812499996 0.375309571875 0.5180611796875 0.2979504546875 0.5967630734375 0.306452528125 0.6090461734375 0.3120000609375 0.6103306203125001 0.4099540515625 0.5083797999999999 0.43106803749999995 0.48583151406249997
2 0.26976044843749997 0.7746306671875 0.312133703125 0.8148895312500001 0.3331328 0.7922904828124999 0.29238894375 0.7529445984375001 0.26976044843749997 0.7746306671875
2 0.3430469734375 0.7767581421875 0.3569347234375 0.761437396875 0.3467677921875 0.7519217578124999 0.3203251921875 0.7266888859375 0.31565631562499996 0.7324632109375 0.311431715625 0.7360368671875 0.3057792515625 0.7395593578125 0.3257893703125 0.7576731421875 0.3356969875 0.76996279375 0.3430469734375 0.7767581421875
0 0.5637059078125 0.3740683765625 0.6468575249999999 0.45517833124999996 0.7028284578124999 0.398059040625 0.7467742421875 0.3541115125 0.7478081890625 0.349800609375 0.6915436328125 0.29546655781250003 0.6419828578125 0.246794790625 0.55638290625 0.33291533125 0.510491365625 0.3762359359375 0.5264470078125 0.39164411875 0.57107885625 0.34710704375 0.597420765625 0.3189888890625 0.6301928453125 0.28085104843750003 0.696606621875 0.3490433953125 0.683544028125 0.371790540625 0.6374926328125 0.41529938906249997 0.5807361796875 0.3564330140625 0.5637059078125 0.3740683765625