0 0.646026103125 0.740830184375 0.672515678125 0.7884259124999999 0.6840623078125 0.7837669109375 0.7153431984374999 0.7773978953125 0.707063265625 0.711331671875 0.6631842156250001 0.63292151875 0.65574698125 0.6329472968750001 0.6324779 0.6527753234375 0.60743228125 0.66901246875 0.6189336062499999 0.69200621875 0.6148268015625 0.701681246875 0.6001026140625 0.7090521515625 0.59325875625 0.7126065500000001 0.6058528671875 0.719758959375 0.6152744265625001 0.7207966984375 0.6306404734375 0.7145884125 0.646026103125 0.740830184375
1 0.722208215625 0.7827952359375 0.6890626625 0.7889913468749999 0.6751747640625 0.79459195625 0.6744431375 0.80375500625 0.6735553390625 0.8134330015625 0.669192221875 0.8314799875000001 0.6738074390625 0.8405901312499999 0.68353015 0.8348240625000001 0.6951024828125 0.82832844375 0.7145708640625 0.8215547515624999 0.73598324375 0.8150877015625 0.729354890625 0.8013848859375001 0.722208215625 0.7827952359375
2 0.646936325 0.8286563703125 0.6369638625 0.8371540953125001 0.6315228359375 0.84337414375 0.6254651046874999 0.84924754375 0.622266903125 0.8543826890625 0.619851509375 0.857473703125 0.616903696875 0.8638184656250001 0.6224382953125 0.8638762218749999 0.630525096875 0.8633198859375 0.6383974625 0.8615691921874999 0.6455630546875 0.8630831109375 0.6480741515624999 0.8609663125000001 0.6494040890624999 0.8584330140624999 0.652161453125 0.8563358765625001 0.6585027140624999 0.8493946203125 0.6671170546875 0.84269681875 0.6713432328125 0.8411382859375 0.6728695265625 0.8375425625 0.6705543078125 0.8354989125 0.669765384375 0.829859540625 0.6713142265625 0.8224117281250001 0.6721348546875 0.8164795328125001 0.673473865625 0.8121253484375 0.66949835625 0.813493234375 0.6561456421874999 0.8219565046874999 0.6516509171875 0.8259472046875 0.646936325 0.8286563703125
3 0.6679501515624999 0.8147706265625001 0.6739701 0.8116642109375001 0.6745396671874999 0.8014803265625 0.674474034375 0.7952226359375001 0.662885846875 0.799647340625 0.6548353734375 0.8027079484374999 0.64210391875 0.8093299359374999 0.6336952765625 0.8174859671875 0.6261667015625 0.824000290625 0.621306503125 0.8291358296875 0.6150050453125 0.8364839843749999 0.61093816875 0.8407902359375001 0.6042865078124999 0.8486009375 0.6002316640625 0.856679871875 0.5963644343750001 0.8620443468750001 0.5834241718750001 0.857469009375 0.5778111453125 0.8648527515625 0.6222277875 0.9005335328124999 0.6298577062499999 0.8850755390625 0.6367939359375 0.8743979359375 0.6453762703125 0.8636177765624999 0.6383669078125 0.8625121453125001 0.625198075 0.86333259375 0.6154858953125 0.8648190187499999 0.6214676296875 0.8538087609374999 0.640377721875 0.8343118984375 0.6548993234375 0.8230225640625 0.6620649890625 0.8186379171875 0.6679501515624999 0.8147706265625001
2 0.603509459375 0.848459515625 0.6126004921875 0.8391274671875 0.6255502078124999 0.8250210609374999 0.6402498999999999 0.8106746578124999 0.6336404859375 0.81410655 0.625004275 0.8191188500000001 0.6106215796875001 0.830641259375 0.605195821875 0.83511796875 0.5996725359374999 0.839824475 0.59248448125 0.8465362484375 0.5883052140625 0.8512708703125 0.58429290625 0.8568899406250001 0.594960740625 0.8611469734374999 0.5970429125 0.8611040859375001 0.598057165625 0.858831540625 0.6012690515625 0.853737584375 0.603509459375 0.848459515625
5 0.534872946875 0.8129209 0.5314589734374999 0.808283409375 0.527320115625 0.7980393796875 0.5149577 0.7922985625 0.5067802734375 0.7921274687500001 0.49996954374999997 0.79068024375 0.4912414421875 0.7898628999999999 0.5101562078125 0.80348451875 0.5147866453125001 0.80757181875 0.5231838984375 0.8137342249999999 0.5294411015625 0.8180358625 0.5459808921875 0.8314547687499999 0.53976495625 0.8218037218750001 0.534872946875 0.8129209
4 0.4877410109375 0.41149835 0.4897705734375 0.4216489140625 0.51052274375 0.45815182343750005 0.49668273906250004 0.46782584062500004 0.4673984671875 0.485867815625 0.4601641390625 0.472208065625 0.4509958671875 0.4544693234375 0.4448885265625 0.45350595312499997 0.4344190640625 0.45802179687500005 0.415550671875 0.4679323734375 0.3964414421875 0.47936978906250005 0.40909111718749996 0.5017256234375 0.5388842171875 0.7308069296874999 0.5478735218749999 0.7346226640625 0.614433946875 0.7002828578125 0.6182496796875 0.691293553125 0.6089372515625 0.6682444828125 0.6288784609375 0.6551756453124999 0.656510128125 0.6311494359375 0.6755234609375 0.6263459671875 0.6854443609375 0.6179697171874999 0.6895546578125 0.6077510484374999 0.6429581703125 0.5258158468749999 0.63368744375 0.5227981921875 0.62756670625 0.5252850718750001 0.617246490625 0.5090110484375 0.5832798640625 0.4542525796875 0.5663168 0.4199139625 0.548968665625 0.427952865625 0.5288981374999999 0.3922952515625 0.4877410109375 0.41149835
5 0.5294980484375 0.390517815625 0.52560498125 0.3771954203125 0.518789503125 0.371897125 0.4129464171875 0.4301600828125 0.3791519171875 0.45047219375 0.3961829671875 0.477150259375 0.4471315546875 0.45209710468750003 0.45510551875000005 0.46274399062500005 0.46810256875 0.48372046874999997 0.474668384375 0.479699278125 0.5092162109375 0.45829339999999996 0.48574090468750003 0.41862355781250005 0.5294980484375 0.390517815625
5 0.46986769375000004 0.6484662140624999 0.4791285671875 0.656640815625 0.48858367343750003 0.6468625859375 0.48240116562499996 0.6389337734375 0.46986769375000004 0.6484662140624999
5 0.48762629375 0.6666132796875 0.49329144375 0.6732615890625 0.50122025625 0.66707908125 0.4932398875 0.6583871218749999 0.48762629375 0.6666132796875
5 0.5326417578125 0.3356246046875 0.5165125640625 0.3436307515625 0.52934338125 0.3458944140625 0.5326417578125 0.3356246046875