4 0.778712478125 0.5296845609374999 0.6966467093750001 0.47378441093749996 0.6345141703125 0.41948552968749997 0.6059965453125 0.453471509375 0.5586008203125 0.512202384375 0.54300225 0.5399076078125 0.55880663125 0.562092740625 0.6480979921875 0.6291692921875 0.683680015625 0.5844236765625 0.716248759375 0.6088072328125 0.74409715625 0.5732781046875 0.778712478125 0.5296845609374999
5 0.5559708109375 0.40291135312500004 0.530540884375 0.43923728124999994 0.512993196875 0.4662841734375 0.5123395921875 0.47465941562499997 0.554232646875 0.5098118640625 0.5636225984375 0.5062176625 0.6153365609375 0.447625884375 0.6373213578125 0.4149697484375 0.6150103828125 0.3963597171875 0.5821851046875001 0.370668171875 0.5559708109375 0.40291135312500004
5 0.37665179375 0.3340327875 0.3633233765625 0.3559940234375 0.3637734921875 0.369978878125 0.39242000312499997 0.38616323124999996 0.4024032421875 0.36607344375 0.4123676609375 0.351857521875 0.403634809375 0.341376484375 0.37665179375 0.3340327875
0 0.73703199375 0.614467125 0.75008243125 0.5989142171874999 0.7937922296875 0.6304225359375 0.835187121875 0.5770724140625 0.778600825 0.534498934375 0.724354034375 0.6038290546875 0.73703199375 0.614467125
3 0.7296771343749999 0.7864249531249999 0.8324199484375001 0.6629255828125 0.824698309375 0.6538967343750001 0.8189543234375 0.6516265812500001 0.74237220625 0.7428935953125 0.72161305625 0.7709993890625 0.7296771343749999 0.7864249531249999
1 0.8027673046875 0.6374658281250001 0.8119623890625001 0.6427074109375 0.8200894 0.6487545875 0.8490043375 0.6898702609375 0.9072459453124999 0.617515246875 0.9003511609375 0.6153920687500001 0.8664890843749999 0.6086502140625 0.8525419875000001 0.5918479624999999 0.8417785468750001 0.58361055625 0.8027673046875 0.6374658281250001
3 0.909535303125 0.5619075125 0.9545423359375 0.49003908125000006 0.9378336484375 0.47506000468750004 0.8686906343749999 0.586276109375 0.8630152515624999 0.6006360749999999 0.871992334375 0.6081687421875 0.909535303125 0.5619075125
2 0.9086060375 0.6146698609375 0.9814831875 0.5090428609375001 0.9510295734374999 0.4895368171875 0.8786306609375 0.6048152765625 0.9086060375 0.6146698609375
2 0.647423053125 0.8302221421875 0.6892992703124999 0.833490165625 0.6838995484375 0.8034630249999999 0.6622476515625 0.80951635 0.619115990625 0.8077445078125001 0.615470025 0.8136088625 0.647423053125 0.8302221421875
2 0.5157242390625 0.7668817531250001 0.5121818031250001 0.7422374953124999 0.495844184375 0.7298034171875 0.4817249546875 0.726879659375 0.45628988593750003 0.7055371015625 0.4178188984375 0.6936530999999999 0.331607340625 0.6748551093749999 0.2461179921875 0.6643119953125 0.218481371875 0.6653435421875 0.215144746875 0.6905896406250001 0.20234956406250001 0.7027998203125 0.36920082656250003 0.7242471546875 0.5157242390625 0.7668817531250001
2 0.7435072828125 0.7400216015625001 0.8176988796875 0.6531227609375 0.80124089375 0.639312871875 0.7419942640625 0.7068817328125 0.7435072828125 0.7400216015625001
2 0.8610375984375 0.5938773796875 0.9227265140625001 0.5066860390625 0.9261317437500001 0.498070059375 0.9127864859375 0.488146871875 0.845955425 0.579947121875 0.8610375984375 0.5938773796875
2 0.7561640093750001 0.8054587640624999 0.8478114625 0.696237584375 0.8354123093749999 0.665436471875 0.7332398296875 0.7811238453125 0.710934328125 0.7955524140625 0.7204614874999999 0.8252184515625001 0.7561640093750001 0.8054587640624999
3 0.68790661875 0.8017261078125 0.695163625 0.83713613125 0.7178302296875 0.826835 0.7041756328125001 0.7975300671875 0.695680021875 0.7955006499999999 0.68790661875 0.8017261078125
3 0.45467333749999994 0.7029058453125 0.45807856718749995 0.694289865625 0.447484934375 0.6841259421875 0.313171703125 0.6542865250000001 0.2209236578125 0.6457210625 0.2185331375 0.6500892359375 0.2238642546875 0.6634862578125 0.3498540078125 0.6774177640625 0.45467333749999994 0.7029058453125