4 0.43850760624999996 0.500065134375 0.4361335109375 0.513529303125 0.3952880140625 0.5033522578125 0.384427959375 0.5143284953125 0.3861284375 0.538427396875 0.40004559687499996 0.5438562499999999 0.41724753281250004 0.5756466140625001 0.4182696984375 0.603592421875 0.5405785187500001 0.6241671390625 0.5462350421875 0.6202063984375 0.5599127921875 0.5313884203125 0.5729239703125 0.530707759375 0.5807339640625 0.553900678125 0.6111700484375 0.5612506359375 0.625537853125 0.5528761640625001 0.6401215859375 0.4701677015625 0.6386464296875001 0.43916713749999997 0.5001578390625 0.41474786249999995 0.45569310625000004 0.4138489234375 0.444956278125 0.49723569999999995 0.43850760624999996 0.500065134375
5 0.30425104375 0.48134101406249996 0.3526317296875 0.4906180578125 0.3935898828125 0.4961114390625 0.40557185 0.41691072343749996 0.406486153125 0.405346053125 0.3814706015625 0.40175312031250004 0.3225017453125 0.3905373359375 0.30425104375 0.48134101406249996
0 0.39581670625 0.49972511875 0.43529565468750003 0.504447715625 0.45558809531250005 0.40206475937499997 0.41444754531249994 0.394064378125 0.4164423046875 0.3615830953125 0.40873343906250004 0.3587314265625 0.4083479296875 0.34821657500000003 0.32955923593750003 0.33357782343750003 0.3210953671875 0.385812109375 0.41193697656249995 0.40406857343749997 0.39581670625 0.49972511875
3 0.7349610703125 0.6634001656249999 0.7492033 0.565757071875 0.7423016375 0.56553175 0.7428684640625 0.5735647171875 0.7312162609375 0.58340965 0.7166325265625 0.6661181140625 0.7349610703125 0.6634001656249999
2 0.7502231171875 0.5768447953125 0.7326984609375 0.6649844609375 0.73745135 0.6717722890625 0.7500095359375 0.6680368703124999 0.7668535296875 0.566886028125 0.7502231171875 0.5768447953125
2 0.71619671875 0.673553003125 0.7326867218750001 0.5806940484374999 0.7229556234375 0.57402005625 0.7066761078125 0.6663457828125 0.71619671875 0.673553003125
1 0.3378977640625 0.3058152015625 0.3371079640625 0.3215419796875 0.40714440781250005 0.3348829203125 0.4147196875 0.2975451734375 0.3892618109375 0.29008137968750003 0.3467539625 0.2880476125 0.3500029578125 0.299025025 0.3378977640625 0.3058152015625
3 0.7464773234375001 0.387342371875 0.7488359953125 0.3685140375 0.732430878125 0.368440640625 0.41393670625 0.3161977625 0.41037166249999996 0.33096450625 0.737922478125 0.3867961171875 0.7464773234375001 0.387342371875
2 0.752839134375 0.373068771875 0.7550569703125001 0.35259768125 0.41349861250000003 0.2968762828125 0.40647860468749997 0.3148826984375 0.752839134375 0.373068771875
3 0.33133760625 0.320524509375 0.3358604765625 0.300497834375 0.30198078125 0.29544133437500003 0.300304640625 0.3116103 0.302032825 0.312382403125 0.31945773437499997 0.320413021875 0.33133760625 0.320524509375
2 0.341969990625 0.2995918515625 0.344457921875 0.29110589375 0.33348168437500003 0.2802458390625 0.3065533484375 0.275497646875 0.3024811203125 0.2817209953125 0.30655569531250004 0.292355728125 0.341969990625 0.2995918515625