4 0.47471109531250005 0.4197730796875 0.43643618906250004 0.47520967968749994 0.421875 0.4990234375 0.4092980328125 0.5236995015625 0.42179593437499996 0.5376619781249999 0.4794921875 0.58203125 0.5340762265625 0.6157532296875 0.5703007234374999 0.5670567015625 0.6092648640625 0.51267648125 0.5817246125 0.4908256265625 0.47471109531250005 0.4197730796875
0 0.392578125 0.4951171875 0.322265625 0.5947265625 0.35268980625 0.617027753125 0.41015625 0.5322265625 0.40194631249999996 0.524434359375 0.4232663125 0.48989555312500005 0.40488701093749996 0.478137675 0.392578125 0.4951171875
1 0.3461802390625 0.62587733125 0.3388671875 0.619140625 0.3310546875 0.615234375 0.3173828125 0.603515625 0.3134765625 0.6015625 0.3056640625 0.6015625 0.2876143625 0.6208957828125 0.295589284375 0.6296134859375 0.30929619218750004 0.6403238046874999 0.32499684218749997 0.650037809375 0.3389529578125 0.6612462796874999 0.3451833765625 0.6535248874999999 0.345703125 0.6494140625 0.345703125 0.6435546875 0.3474263265625 0.6355913359375001 0.3461802390625 0.62587733125
2 0.2613769703125 0.5729955078125 0.25390625 0.5830916796875 0.2586355890625 0.5861965984374999 0.2705078125 0.5957869921875 0.2802734375 0.6016463671875 0.2900390625 0.6094588671875 0.2915321859375 0.6128478562499999 0.29726415624999997 0.6106061609375 0.3024977125 0.6021375296875 0.28928921875 0.5916762875 0.269850340625 0.5782261281250001 0.2613769703125 0.5729955078125
3 0.2841796875 0.578125 0.2783203125 0.57421875 0.266859734375 0.5650250375 0.2621246265625 0.572248278125 0.270099546875 0.5772298218749999 0.2760807421875 0.58246044375 0.28854156249999996 0.5904309140625 0.2939453125 0.595703125 0.30449143749999996 0.6023866140624999 0.31097106406249997 0.600643071875 0.3089773375 0.5969069171875 0.3022484703125 0.59217445625 0.2919921875 0.583984375 0.2841796875 0.578125
2 0.3525390625 0.642578125 0.34765625 0.6474609375 0.34765625 0.6552734375 0.3748401421875 0.6751946 0.38032290625 0.67793445 0.3828125 0.6806640625 0.39453125 0.6728515625 0.391039225 0.6674732156250001 0.3564453125 0.642578125 0.3525390625 0.642578125
3 0.3469278953125 0.6385802609375 0.346678671875 0.64953965625 0.352909090625 0.6415691859375 0.360136371875 0.6435618062499999 0.3805721140625 0.6587555078125 0.40001099218749997 0.67394921875 0.406739859375 0.6702130562499999 0.3544921875 0.630859375 0.3474263265625 0.628617171875 0.3469278953125 0.6385802609375
3 0.4599609375 0.708984375 0.44885744531249994 0.7023440125 0.45010351562500006 0.7145487968750001 0.454340209375 0.7175377140625 0.465056528125 0.7235155640625 0.470703125 0.7275390625 0.500196040625 0.750664984375 0.505429596875 0.7439398953125 0.470703125 0.7177734375 0.4599609375 0.708984375
2 0.46184099375 0.7394562765625 0.4928822890625 0.7625927781249999 0.5007741375 0.7520761828125 0.450266271875 0.7152681203125 0.44868788750000005 0.729465528125 0.46184099375 0.7394562765625
5 0.6192994921875 0.5653083125 0.628177821875 0.5724069890625 0.6654669078125 0.51916675 0.6382399671875 0.510884959375 0.623046875 0.5380859375 0.6192994921875 0.5653083125
5 0.458984375 0.3837890625 0.4697265625 0.392578125 0.478515625 0.3916015625 0.49263522968749995 0.377784340625 0.4619140625 0.361328125 0.455078125 0.3720703125 0.458984375 0.3837890625
5 0.537109375 0.4208984375 0.5361328125 0.431640625 0.591796875 0.4658203125 0.59765625 0.4521484375 0.5908203125 0.439453125 0.5478515625 0.41796875 0.537109375 0.4208984375