4 0.46930044375 0.5331565078125 0.4693678171875 0.5123946125 0.44777728281250007 0.48458048906249995 0.43822969531249995 0.48252841562500004 0.34674274375 0.5633507671875 0.3432166296875 0.5741797203125001 0.29515126875000003 0.608198553125 0.29822465781249996 0.623642309375 0.2740886734375 0.6430511203125 0.34144437656250004 0.7219100828125 0.36595550625 0.7006028828125 0.3757784484375 0.7064024140625 0.48444915312500003 0.6155210203125 0.4705723671875 0.594160825 0.48967139531250004 0.5775249625 0.4800620234375 0.5574445156250001 0.46930044375 0.5331565078125
5 0.6079951515625 0.37118438125000003 0.638555240625 0.40931680000000004 0.645443759375 0.4097984921875 0.6863315859375 0.3794310796875 0.7233753171874999 0.3446415390625 0.723857009375 0.3377530203125 0.703547840625 0.3114129390625 0.6724097203125 0.28154674218750003 0.6091222468749999 0.335267746875 0.621646884375 0.354141278125 0.6079951515625 0.37118438125000003
0 0.6291329578125 0.4252712140625 0.6198743859375 0.4190860296875 0.605230303125 0.4305219796875 0.4806616359375 0.532782603125 0.48716947031249996 0.5402690109375 0.6291329578125 0.4252712140625
0 0.27097455 0.7257815015625 0.28207185468749996 0.738547490625 0.31389159218749996 0.7077741078125 0.30459721093750003 0.6977989140624999 0.27097455 0.7257815015625
3 0.24222727187499998 0.7507711296874999 0.2519516375 0.764108034375 0.2754219484375 0.7430829921875 0.264987834375 0.7303630890624999 0.24222727187499998 0.7507711296874999
3 0.167602275 0.6842780875 0.266086825 0.804739453125 0.2794799171875 0.7943421640625 0.1770163890625 0.6736042296875 0.167602275 0.6842780875
2 0.175107521875 0.6723302999999999 0.2414194625 0.75234819375 0.2625841 0.731387071875 0.1950004234375 0.65005705 0.175107521875 0.6723302999999999
2 0.25376286718749996 0.7645150359375 0.2807678765625 0.7940922171875 0.30162400312500004 0.7749265546874999 0.27511375937500004 0.7444300078125 0.25376286718749996 0.7645150359375
2 0.17162074375 0.7117001265625 0.2569527 0.813136165625 0.2665817296875 0.8041431921875001 0.1682655109375 0.68602583125 0.17162074375 0.7117001265625
0 0.41442337812499996 0.486401478125 0.5524053109375 0.3742193625 0.6703546125 0.272018128125 0.66127520625 0.2637237703125 0.19474218125 0.6360920484375 0.20301853125 0.6463296656249999 0.3231263578125 0.5493924359375 0.40724584531249997 0.490052896875 0.41442337812499996 0.486401478125
5 0.713375003125 0.36886217656250003 0.6820347640625 0.4012816625 0.6991742046875 0.41355569062499997 0.7044249703125 0.437458346875 0.799563340625 0.363813528125 0.78210591875 0.3362884203125 0.7626927625000001 0.31693319531249997 0.753145175 0.314881121875 0.7480486796875 0.32836914375 0.7200418796875 0.352715084375 0.713375003125 0.36886217656250003
1 0.7629985968749999 0.312370884375 0.741226671875 0.2868742453125 0.69663408125 0.234094503125 0.6905805328125 0.23908356249999999 0.7603634031250001 0.3165740828125 0.7629985968749999 0.312370884375
1 0.1940587984375 0.6482004515625001 0.18526476875 0.6373751578125 0.14286875000000002 0.6747691703124999 0.1586558421875 0.692859715625 0.1746592578125 0.673696615625 0.187811621875 0.65728943125 0.1961051734375 0.6502598625 0.1940587984375 0.6482004515625001