4 0.606280125 0.6543755578125 0.5860860109375 0.6413462234375 0.5886697265625 0.6372114140625 0.578554303125 0.631711934375 0.5444184046875 0.6095151390625 0.55341096875 0.5917715078125 0.5616805703125001 0.5969389281249999 0.592315675 0.5446265203125 0.5077624890625 0.4875774203125 0.4948224109375 0.48064310312499997 0.48395405937499997 0.4888218421875 0.40671011406249996 0.614266953125 0.541312709375 0.699197321875 0.568853359375 0.7155852968749999 0.606280125 0.6543755578125
0 0.6349213703125 0.756622040625 0.6591779984375 0.727382953125 0.6797124953125 0.695319190625 0.6402494609375 0.67065995 0.608006509375 0.6520088234375 0.59616985 0.6685565312499999 0.5850507 0.6855525890624999 0.5677446140625 0.715643021875 0.6349213703125 0.756622040625
6 0.6289914624999999 0.6197552203125001 0.6283701171875 0.6170638765625001 0.6234010859375 0.6139588812500001 0.62070974375 0.6145802265625 0.6184320546875 0.6108538859375 0.6157407109374999 0.61147523125 0.6107716796875 0.6083702359375 0.610150334375 0.6056788937500001 0.6145239640625 0.5923609890625 0.61340848125 0.58498633125 0.6004585609374999 0.5721245890625 0.603030765625 0.5680082 0.58433568125 0.5582341093750001 0.572126525 0.5817003703125 0.563832046875 0.5949743109375001 0.5519042921875 0.5965000500000001 0.5445961140625 0.6073972765625 0.5478252828125 0.6134057640624999 0.5623100578125 0.622955690625 0.565852253125 0.6196819 0.573519178125 0.6090088609375 0.58482015 0.618065815625 0.5801124765625 0.6255996671874999 0.5871533624999999 0.6334911609375 0.5862705609375001 0.64105088125 0.60044701875 0.649909315625 0.605540990625 0.6457004468750001 0.6150657203125001 0.650830834375 0.6083481359375 0.6622384140625 0.6124332171875 0.6646824671875 0.6174022484374999 0.6677874625 0.6214392625 0.6668554453125 0.6438985578125 0.62907020625 0.6289914624999999 0.6197552203125001
1 0.7245172734375 0.752194346875 0.7426065484375 0.7174855921875001 0.7183752296875 0.720368309375 0.7064215046875 0.7209095046875 0.6829225171875 0.7042622859375001 0.66347266875 0.732273240625 0.6418948656250001 0.7592338609375 0.6627518046875001 0.77212674375 0.6743462124999999 0.779371734375 0.678280246875 0.7841330734375 0.68200831875 0.8002811281250001 0.6868339046874999 0.8063938078125 0.7245172734375 0.752194346875
2 0.67527823125 0.783408746875 0.6714397390625 0.7905738265625 0.686253025 0.8063881390625 0.6810450015625 0.8003916484375001 0.678280246875 0.7841330734375 0.67527823125 0.783408746875
3 0.6763570062500001 0.782625175 0.6750153046875 0.7796549890625 0.671033525 0.7773017359375001 0.6677208375 0.7752317390625 0.6652655000000001 0.77436205625 0.6620274796875 0.775128759375 0.658922484375 0.780097790625 0.6711382375 0.7900341234375 0.6763570062500001 0.782625175
2 0.64162908125 0.7598902703125 0.6368818593750001 0.765577290625 0.659790509375 0.78048898125 0.6642426265625 0.7743191656249999 0.64162908125 0.7598902703125
5 0.40736416562500005 0.61139129375 0.41357415781249995 0.6014532296875 0.41295281250000004 0.5987618875 0.42640779375 0.5772294171875 0.42808635625 0.5749867359375 0.42381943125 0.5721574046875 0.4211280890625 0.57277875 0.40125196250000006 0.5603587671875 0.4006306171875 0.557667425 0.394005240625 0.5535274296875 0.39265956874999997 0.553838103125 0.3899682265625 0.5544594484375 0.3682332578125 0.5892426703125 0.3685439296875 0.5905883421875 0.40332715312499995 0.6123233124999999 0.40736416562500005 0.61139129375
3 0.797650353125 0.5293181 0.7841771640624999 0.50484324375 0.7734716125000001 0.494139703125 0.7821334875 0.51560811875 0.7824356390625 0.5311838046874999 0.788210221875 0.54549608125 0.7843632703125001 0.568293459375 0.77432324375 0.5976970578125 0.75111381875 0.6380517515624999 0.6994628265625 0.7174987703125 0.711972271875 0.7253155390625 0.7585123015625 0.65404776875 0.77925675625 0.6208497015625001 0.7943030656250001 0.5929291953125 0.8017522859374999 0.5515223265625 0.8058922796875001 0.5448969515625001 0.822040334375 0.5411688796874999 0.8223072046875 0.5326835046875 0.8175552156249999 0.5210172 0.797650353125 0.5293181
2 0.76350306875 0.6471314234375 0.741375578125 0.6814722578125 0.7182259703125 0.7185193765625 0.74228103125 0.7174947734375 0.781304959375 0.6582552796875001 0.803432478125 0.6239144640625 0.818732840625 0.594376115625 0.8245274468750001 0.57035999375 0.8238114031249999 0.540982375 0.8105212453125 0.544050675 0.8026431578125001 0.5438108640625 0.8008418078125 0.5734590140625 0.7943030656250001 0.5929291953125 0.7799183828125 0.6219321078125 0.76350306875 0.6471314234375
2 0.7388922515624999 0.6165596812499999 0.690456175 0.6925349453125 0.6837589875 0.7034940468750001 0.7009163578125001 0.7173389765625 0.7095145640625 0.702040309375 0.72213116875 0.6810801921875 0.7411859359374999 0.652124803125 0.76119123125 0.620879015625 0.7765296375 0.592485784375 0.7837441953125001 0.5686307968750001 0.78676764375 0.5522523171875 0.786766934375 0.5445601531250001 0.7827037390625 0.5333680328125 0.779247825 0.5465919515625 0.7767420625 0.55367933125 0.76438485 0.5757629953125 0.7388922515624999 0.6165596812499999
6 0.5122514812500001 0.34075603125 0.5006909453125 0.333003040625 0.49093834843749995 0.3274381078125 0.43061475624999995 0.2918605671875 0.3530694578125 0.2465800765625 0.34693392031250003 0.2580928796875 0.5040701375000001 0.350461340625 0.57923680625 0.3953138609375 0.63399428125 0.42794253437499996 0.706734596875 0.4707497703125 0.7495986968749999 0.49700500312500007 0.763585525 0.506803371875 0.7755270359375 0.5190280390625001 0.7710541890625 0.506707528125 0.7639172000000001 0.4927222765625 0.7518806421875001 0.4814966125 0.68727550625 0.44430203281249997 0.6445542078125001 0.41866516562499995 0.5748585953124999 0.3777605359375 0.5122514812500001 0.34075603125
2 0.7848469578125 0.47616554375 0.7710502109374999 0.4643691921875 0.73617855 0.44310815937500003 0.65901388125 0.3980654796875 0.5279957125 0.32148825312499996 0.498832940625 0.30379449687500004 0.40102126875 0.2469085984375 0.3623437046875 0.223269340625 0.35368707499999996 0.2379696375 0.42709358750000004 0.2822515234375 0.563677884375 0.361777653125 0.6180547671875 0.39416850625 0.661870109375 0.41890138125 0.7223364828125 0.45509737031249997 0.7552574484375 0.4735519109375 0.767531840625 0.484396959375 0.7760484109375 0.498715103125 0.7900833734375 0.514364696875 0.7968874359375 0.5271323437500001 0.801235121875 0.527545996875 0.8143811624999999 0.5230935984375 0.8171045859375001 0.5227822546875001 0.81262010625 0.5093262140625 0.8026878515625 0.49419331718750004 0.7939849390625 0.48386317187500005 0.7848469578125 0.47616554375