4 0.3027419265625 0.48646399375 0.3225348453125 0.524652584375 0.3092648671875 0.5368245593750001 0.3239133046875 0.562196396875 0.3449957828125 0.5635560703125 0.3906325515625 0.638695021875 0.492834796875 0.5774332531249999 0.400680475 0.41977041093749995 0.3059589453125 0.47445791093749995 0.3027419265625 0.48646399375
5 0.630302821875 0.4112379828125 0.5549022015625 0.45251527812500003 0.55311496875 0.45918532343749996 0.59732195 0.5396603125 0.60975559375 0.5572897640625001 0.6214042296875 0.56184079375 0.693779384375 0.521182615625 0.6962815109375 0.51184455 0.6406174484375 0.41543156562499994 0.630302821875 0.4112379828125
0 0.49612193125 0.5811736109375001 0.3813646 0.6519393359375 0.366594721875 0.65370090625 0.2867448 0.7067813234375 0.3051182203125 0.738605021875 0.51129370625 0.6152643984374999 0.5287147578125 0.605011175 0.5300912765625 0.59313524375 0.60568176875 0.555431021875 0.5974247640625 0.54669725 0.5860655593749999 0.5236819265625 0.578976728125 0.51363080625 0.5462429421875 0.52931514375 0.5538339546875 0.5435766765625 0.56196171875 0.5543137671875 0.5459205093749999 0.5655038890624999 0.5181577109375 0.5808898484375 0.49612193125 0.5811736109375001
6 0.3448093296875 0.6102532265625 0.3307955265625 0.580412828125 0.3248898671875 0.563887853125 0.3159566609375 0.56364196875 0.3085243109375 0.5609325015625 0.231056815625 0.6066729625 0.236240809375 0.6156519031250001 0.26857384375 0.5964855890625 0.31069201875 0.5726674765624999 0.314784459375 0.57381993125 0.324016059375 0.5872684703125 0.3485959375 0.628825653125 0.35914144375 0.6495534203125 0.3629618625 0.655741 0.3665077734375 0.652226709375 0.3703260109375 0.653249775 0.35867395625 0.637608146875 0.35620315156250004 0.6255337078125 0.3448093296875 0.6102532265625
5 0.5145432671875 0.5017521765625 0.5202624140625 0.4804080296875 0.49060809218749996 0.4309983625 0.4320262515625 0.46820351562500007 0.472326984375 0.5419126796875 0.4829032796875 0.5504657374999999 0.48495175 0.5603095171875 0.49900716718749993 0.5490616140625 0.5275973890625 0.5364714859374999 0.524047221875 0.5143072609375 0.5145432671875 0.5017521765625
6 0.5759614390625 0.51168225 0.57204799375 0.5021900203125 0.5414024953125 0.518316325 0.5239514453125 0.52000074375 0.5287384796875 0.53415150625 0.540840340625 0.53167504375 0.5759614390625 0.51168225
5 0.5324719609375 0.6109305875000001 0.544573821875 0.6084541234375 0.59665150625 0.5795146953125 0.596485615625 0.5694617375 0.5827880765625 0.5672212796875 0.5310678390625 0.5948267 0.5275891484375 0.6024733078125 0.5324719609375 0.6109305875000001
2 0.192024421875 0.5765633578125 0.199223034375 0.5897294953125 0.21405012499999998 0.61541076875 0.21927992500000001 0.614002725 0.22471837031250003 0.6108628375 0.18315575 0.538176590625 0.17335973437500002 0.544235171875 0.183221621875 0.5627120109375 0.192024421875 0.5765633578125
1 0.2222600609375 0.6107371890625 0.21380278125 0.6156200015625 0.2134453359375 0.6169540109375 0.2193047109375 0.627102746875 0.22063871875 0.62746019375 0.2274045421875 0.62355394375 0.22847688281249998 0.619551915625 0.22359407031249998 0.6110946359375 0.2222600609375 0.6107371890625
2 0.229890778125 0.6205194859375001 0.22402163125 0.62550706875 0.22092016874999998 0.6273100359375 0.229037696875 0.64276555625 0.25883209375 0.696464190625 0.2644882546875 0.7092691906249999 0.267700340625 0.71169505 0.2731538078125 0.7101350046875 0.278499928125 0.7068219515624999 0.2713256359375 0.693682315625 0.229890778125 0.6205194859375001
1 0.2670219046875 0.7126766499999999 0.2674179421875 0.7143435578124999 0.28826301249999997 0.7507992359375 0.291308665625 0.7479110062500001 0.2940095328125 0.7460144234375 0.2983961609375 0.7416548265625 0.2797698078125 0.7087391640625 0.2746462140625 0.7094155953125 0.2670219046875 0.7126766499999999
2 0.2889023171875 0.7515555875000001 0.2977433890625 0.7670900859375 0.3095347625 0.760570403125 0.30404644062499997 0.7510643499999999 0.2985915375 0.7421151421875 0.292600075 0.7447101328125 0.28890275625 0.748285084375 0.2889023171875 0.7515555875000001