6 0.569648053125 0.21459344531250002 0.58295973125 0.20174079531250003 0.5935172703125 0.1898061796875 0.585713871875 0.19118325 0.571484146875 0.1916422734375 0.5636807484374999 0.19898665625 0.5556640625 0.203125 0.5453198125000001 0.208626146875 0.5264998515625 0.2155114984375 0.5067618453125 0.21688856875 0.4470888015625 0.2187246546875 0.3685957984375 0.22101977968750003 0.369140625 0.2255859375 0.36997286875 0.2361675515625 0.46728583281249997 0.234331465625 0.5141062203125 0.2329543953125 0.5242047359375 0.23111828750000002 0.5489919999999999 0.22561000625 0.569648053125 0.21459344531250002
5 0.37766768906250003 0.46224592031249995 0.45223461875000004 0.45879374687499996 0.4529250546875 0.42772419375000004 0.4853754765625 0.4242720203125 0.4990234375 0.423828125 0.514373728125 0.425652890625 0.5178259 0.4581033125 0.5595703125 0.458984375 0.5675371859375 0.45948418125 0.5654296875 0.361328125 0.3762868203125 0.3697276921875 0.37766768906250003 0.4311763875 0.37766768906250003 0.46224592031249995
6 0.5682963125 0.4592178890625 0.561493084375 0.4605785359375 0.564453125 0.6474609375 0.5648346671875 0.6626423046875 0.5740651531250001 0.6637073609375 0.572265625 0.5595703125 0.5786803953125 0.5458411703125 0.572265625 0.5302734375 0.5682963125 0.4592178890625
0 0.5641382593750001 0.64200588125 0.5577067171875 0.64246528125 0.4931640625 0.64453125 0.478515625 0.6591796875 0.4775390625 0.685546875 0.4194285546875 0.6879454828125 0.41988792343750003 0.699430375 0.42172550781249996 0.7044837375 0.4281570515625 0.7035649390625001 0.4419389296875 0.7008085640624999 0.4515862453125 0.7008085640624999 0.4626117484375 0.7095371015625 0.474609375 0.7138671875 0.4765625 0.7861328125 0.4782312125 0.808307221875 0.5489781921875 0.806929034375 0.5705698031249999 0.8073884437500001 0.568359375 0.7197265625 0.567813428125 0.6874860796875 0.5641382593750001 0.64200588125
4 0.564312521875 0.6114585296875 0.560546875 0.4619140625 0.5175264078125 0.46030339062500003 0.5153670484374999 0.44734723593750003 0.5132076890625 0.42647345156250005 0.49737238906250003 0.42575364374999997 0.456344565625 0.42647345156250005 0.4534654640625 0.45814403125 0.3896484375 0.4609375 0.3901242171875 0.668321653125 0.3944429359375 0.6870361 0.4765625 0.6865234375 0.4853515625 0.6484375 0.5048828125 0.642578125 0.5635927359374999 0.644568703125 0.564312521875 0.6114585296875
6 0.402460575 0.8062010578125 0.3899458984375 0.8062010578125 0.381413165625 0.805916634375 0.3811287421875 0.8110362734375001 0.43118744218750005 0.810183 0.47783305 0.809045303125 0.47783305 0.8047789359375 0.4670249375 0.8053477843750001 0.43516938437499997 0.8062010578125 0.402460575 0.8062010578125
3 0.3756857359375 0.8188150406249999 0.37348756875 0.8174162109375 0.3736874015625 0.8226118640625 0.44559834218749994 0.8216434187500001 0.46948441562500004 0.8208956703125001 0.473125 0.821328125 0.47510086874999996 0.82166155 0.47637733437499996 0.8165556828125 0.41773546250000004 0.8179006421875 0.398605703125 0.8183165062500001 0.3756857359375 0.8188150406249999
2 0.47389605 0.8216544593749999 0.466402725 0.8216544593749999 0.43483994375 0.8223356703125001 0.406229053125 0.82301688125 0.3740234375 0.82421875 0.37353090624999996 0.8327809187499999 0.37330385 0.84799463125 0.3985086703125 0.847540490625 0.439453125 0.8466796875 0.46935464062500004 0.8473134203124999 0.4754855421875 0.8470863578125 0.475258471875 0.8236980921875 0.47389605 0.8216544593749999
1 0.5753965453125 0.8187025421874999 0.572217571875 0.8148423453125 0.4892578125 0.81640625 0.47707505 0.815977696875 0.475031415625 0.822562746875 0.475031415625 0.8411825187499999 0.47571262656249996 0.8470863578125 0.5545060625 0.8459509984375 0.573125840625 0.8452697859375 0.57494241875 0.844134434375 0.5753965453125 0.8311914187499999 0.5753965453125 0.8187025421874999
3 0.641846928125 0.8124157671875001 0.6350492062499999 0.8129524281249999 0.6158150874999999 0.813707 0.5894749140625 0.8143882109374999 0.5717634171875 0.8139340625000001 0.5758506859375 0.819156690625 0.5872042093750001 0.8189296125000001 0.6203564953125 0.81802133125 0.6301205265625 0.8177942671875 0.641875 0.8178906250000001 0.641846928125 0.8124157671875001
2 0.5791015625 0.818359375 0.57609375 0.818671875 0.574843759375 0.820078125 0.57546875 0.8314843749999999 0.575312509375 0.8428906296875001 0.5743188 0.8452320468750001 0.577256934375 0.845059215625 0.5807135734375 0.844713553125 0.590737784375 0.8441950593750001 0.6138971953125 0.84333090625 0.6437970296875 0.8428124125 0.6437970296875 0.8282945734375 0.6434513671875 0.8182703468750001 0.5791015625 0.818359375
6 0.6341501968750001 0.8060635265625 0.633723878125 0.8007345265625 0.6083578828125 0.8015871718750001 0.5712680906250001 0.801800325 0.5706286109375001 0.8064898390625 0.6341501968750001 0.8060635265625
6 0.37919929531249996 0.4626603171875 0.3829169359375 0.679770525 0.38328872187499996 0.6912951859375001 0.391839271875 0.6920387375 0.419349809375 0.6905516578124999 0.4200933375 0.6872057828125 0.4122862921875 0.68683401875 0.3925828 0.6872057828125 0.3896086875 0.6712199296875 0.388671875 0.5224609375 0.387378103125 0.46786501875 0.387749890625 0.462288559375 0.37919929531249996 0.4626603171875