4 0.5419921875 0.373046875 0.5 0.3740234375 0.49538400625 0.2844803265625 0.471469953125 0.2832223140625 0.470703125 0.2705078125 0.4692673390625 0.2300705921875 0.4326171875 0.23046875 0.38535441875 0.2313286265625 0.385039771875 0.2442234140625 0.325569284375 0.2420218609375 0.326171875 0.2724609375 0.3252546390625 0.30869738125 0.3203125 0.3095703125 0.320220075 0.34109163593749997 0.32997451093749997 0.34077711875 0.328125 0.3525390625 0.32977851875 0.41956526250000004 0.3115234375 0.396484375 0.2666015625 0.396484375 0.263671875 0.4013671875 0.2578125 0.4189453125 0.263671875 0.4931640625 0.2685546875 0.5 0.466796875 0.5009765625 0.49609375 0.4970703125 0.4990234375 0.44921875 0.5419921875 0.447265625 0.5419921875 0.373046875
0 0.270450471875 0.5045956921875 0.2672805640625 0.5323186359375 0.149301875 0.51641708125 0.1444483328125 0.58222000625 0.36805187500000003 0.62188583125 0.42957531250000003 0.62286239375 0.44227062500000003 0.62188583125 0.44910656250000003 0.60723739375 0.45203625000000003 0.50665145625 0.270450471875 0.5045956921875
6 0.292095121875 0.336349421875 0.2783203125 0.33984375 0.2353515625 0.380859375 0.21200579843749998 0.40973724687499996 0.21484375 0.4423828125 0.21484375 0.4599609375 0.21121336249999997 0.4929061609375 0.20962838125 0.5230053781249999 0.23102497500000002 0.5261737046875 0.23102497500000002 0.4136976828125 0.28125 0.3466796875 0.3180568078125 0.34426612031250003 0.32025695781249996 0.3350299765625 0.292095121875 0.336349421875
6 0.557270115625 0.443592846875 0.55859375 0.4267578125 0.559381196875 0.3730565140625 0.559984359375 0.3655205828125 0.509318496875 0.3655205828125 0.5102232515625 0.37426226875 0.5433973296875 0.37245364687500004 0.54296875 0.3857421875 0.54296875 0.4365234375 0.5421910046875 0.44841585625 0.498046875 0.4482421875 0.498046875 0.4541015625 0.498763115625 0.4755452078125 0.5283203125 0.48046875 0.533203125 0.4794921875 0.5380859375 0.478515625 0.546875 0.4697265625 0.556640625 0.4541015625 0.557270115625 0.443592846875
2 0.14453125 0.5087890625 0.1484375 0.2119140625 0.1253362125 0.212095228125 0.126953125 0.5068359375 0.14453125 0.5087890625
2 0.11183966406250001 0.5090413796875 0.112683165625 0.210574209375 0.09075136875 0.210574209375 0.087890625 0.4912109375 0.11183966406250001 0.5090413796875
3 0.125 0.5068359375 0.1270232734375 0.212260428125 0.11183966406250001 0.2131035828125 0.109375 0.5029296875 0.125 0.5068359375
1 0.0789418234375 0.5781779359375 0.0991866171875 0.5739622265625 0.140625 0.5771484375 0.146484375 0.5146484375 0.11099610468750001 0.5048257875 0.0888671875 0.49609375 0.0789418234375 0.5781779359375
2 0.1328125 0.6240234375 0.140625 0.5810546875 0.1201171875 0.576171875 0.11328125 0.6240234375 0.1328125 0.6240234375
2 0.0949689921875 0.6191606953125001 0.1008737359375 0.5761612 0.0806289421875 0.5820630718750001 0.074724140625 0.6124156703125 0.0949689921875 0.6191606953125001
3 0.09765625 0.6142578125 0.109375 0.6240234375 0.1162109375 0.57421875 0.1044921875 0.57421875 0.099609375 0.5888671875 0.09765625 0.6142578125