4 0.38982584062500003 0.40002259375 0.37711787812500003 0.4056038015625 0.3123556109375 0.5370090359375 0.3544820078125 0.568337703125 0.3586834359375 0.590206828125 0.3838672890625 0.6096147734375 0.4674323046875 0.6478091874999999 0.4832602953125 0.6339535171875 0.5285067203125 0.657007721875 0.60249645625 0.5182478796875001 0.5977687953124999 0.5081668640625 0.5512088953125 0.48553943281249995 0.5637553125 0.44370719531249997 0.58227655625 0.42026358906250005 0.5792559890625 0.41543646718750005 0.5409373984375 0.40029625781249994 0.47789488281250003 0.3626943828125 0.470900740625 0.36351477656250003 0.43558822187499996 0.4246795953125 0.38982584062500003 0.40002259375
0 0.4035123578125 0.32245765 0.48790959218749996 0.366701109375 0.6436782859375 0.44387717968749996 0.64748609375 0.46006563749999996 0.618258140625 0.5131265984375 0.658710596875 0.5348341765625 0.666164665625 0.5309600624999999 0.7227393890625 0.42201783437499996 0.4325273171875 0.272394740625 0.42121007343750005 0.2911650046875 0.4035123578125 0.32245765
1 0.73722485625 0.4904455171875 0.760382315625 0.4445184875 0.72688858125 0.4261526953125 0.707877090625 0.47365897968750004 0.73722485625 0.4904455171875
2 0.58770540625 0.7451882999999999 0.605230596875 0.7541178296875 0.6350885671875 0.7124099078125 0.738012096875 0.501806853125 0.7376184765625 0.4961261859375 0.7297376343749999 0.49868682656249996 0.7241232734375 0.4903460578125 0.58770540625 0.7451882999999999
3 0.586715903125 0.73948476875 0.7233405203125 0.48153799062499997 0.70785631875 0.4762481015625 0.574829525 0.7373278859375 0.586715903125 0.73948476875
3 0.37606131875000004 0.676345546875 0.46992241874999996 0.7225114203125 0.554952753125 0.76359575625 0.557643825 0.750668690625 0.3957932140625 0.6682016843749999 0.399556659375 0.6506216078125 0.38718591562500004 0.6443183984374999 0.382938103125 0.6577521484375 0.26026157968749997 0.5952453390625 0.2487768171875 0.607591325 0.37606131875000004 0.676345546875
2 0.458760003125 0.69709549375 0.4632266578125 0.6840270640624999 0.4584658421875 0.6783132421875 0.40494495468749997 0.652139009375 0.3973914265625 0.6691147078124999 0.458760003125 0.69709549375
2 0.3813024296875 0.65982093125 0.38885595781250004 0.642845234375 0.3614387765625 0.6299715046875 0.34951805468749997 0.64691405 0.3813024296875 0.65982093125
2 0.46982295937499996 0.735613003125 0.4677222453125 0.724678440625 0.398539134375 0.6905239062499999 0.396272653125 0.701425315625 0.46982295937499996 0.735613003125
2 0.3127076390625 0.6632309000000001 0.35578704375000003 0.6840849312499999 0.361567171875 0.6705897281250001 0.32892925 0.6550558984375 0.31320071875 0.6558099859375 0.3127076390625 0.6632309000000001
2 0.25278515 0.6173545640625 0.242704134375 0.622082225 0.259613525 0.6383701421875 0.2831234375 0.648156996875 0.29057750625 0.6442828828125 0.29195728593750003 0.6351217203124999 0.2749815890625 0.6275681921875 0.25278515 0.6173545640625