4 0.5039067484374999 0.4865746296875 0.4719204640625 0.62310204375 0.53683625 0.6407137359374999 0.6038331046875001 0.6510343953125 0.617622021875 0.5956389359375 0.621163121875 0.5725894796875 0.633079903125 0.5114410656249999 0.579362471875 0.49652709531249994 0.5039067484374999 0.4865746296875
0 0.4416116234375 0.4272464734375 0.4292891046875 0.5084056890624999 0.4729902703125 0.49981204375 0.4872489984375 0.505737178125 0.506469478125 0.4836265453125 0.513357996875 0.48314485312500005 0.568148165625 0.4945423953125 0.58057541875 0.49751607656249996 0.5948062281250001 0.499600484375 0.61689109375 0.5060342703125 0.6525337203125 0.5139673890625 0.6836405515624999 0.5203217921875 0.6992611015625 0.5282917375 0.7422589328125 0.5294383578125 0.78474610625 0.5430806484375 0.7966000046875 0.5446359921874999 0.8178450843749999 0.550101203125 0.829785875 0.50374138125 0.774902803125 0.4873573203125 0.7015984359375 0.4697358875 0.6459355359375001 0.4586452859375 0.6160586046875001 0.453299090625 0.5824937921875 0.442314959375 0.5490435484375 0.43911626562499995 0.5223431796875 0.4285733078125 0.5105931484374999 0.4238072546875 0.46967635625000004 0.4128240328125 0.4491071390625 0.4156468125 0.4416116234375 0.4272464734375
0 0.6894918718749999 0.54697259375 0.69974279375 0.53518025625 0.690802203125 0.5261143609375 0.6802622656249999 0.5337735859375 0.66879735 0.567801859375 0.652332278125 0.589719815625 0.6152306171874999 0.59369865625 0.6258379265625 0.606801325 0.6452221171875 0.6068302906249999 0.6612728703124999 0.5987857109375 0.6754642265624999 0.5839489515625 0.6894918718749999 0.54697259375
5 0.36956615312499996 0.5056597218750001 0.42397096718749994 0.51154645 0.4458700390625 0.40895097031249994 0.35320750156249997 0.39051064062499996 0.339526803125 0.392851728125 0.322618446875 0.44802725 0.320094121875 0.49112141875 0.36956615312499996 0.5056597218750001
5 0.2941882703125 0.45387864687499996 0.30604213750000003 0.43013964062500004 0.308224971875 0.40057832656250003 0.298417334375 0.3791130984375 0.27778074375 0.36117398437500003 0.24423416250000002 0.3565975875 0.208673915625 0.3826196890625 0.1992547046875 0.406495965625 0.211215678125 0.4432497578125 0.225841490625 0.45925831562499997 0.24778059843750003 0.470642390625 0.2743418875 0.46408095781250003 0.2941882703125 0.45387864687499996
5 0.616936384375 0.4399064984375 0.6160693390625 0.4275071640625 0.552916609375 0.41530994843749997 0.5483691796875 0.429472340625 0.55288764375 0.4346941390625 0.6091518546875 0.447373046875 0.616936384375 0.4399064984375
5 0.49425316874999997 0.5035226359375 0.46757579375 0.5015751015625 0.419699103125 0.5102210875 0.4332474109375 0.5357499531250001 0.4251442671875 0.5672100734375001 0.4561492859375 0.575749459375 0.46137108437499996 0.5712309953125 0.4623924 0.5462396515625 0.4904571328125 0.5318172109375 0.49425316874999997 0.5035226359375
1 0.8785262968750001 0.5379073390625 0.887744203125 0.501706971875 0.8743551359374999 0.5076971593749999 0.8376190375 0.5038561171875 0.8257465296875001 0.54801158125 0.8654910015624999 0.56927654375 0.8785262968750001 0.5379073390625
3 0.874333234375 0.5075076140625 0.8886297265625 0.5000219109375 0.8957785203125 0.47636611406249996 0.868257559375 0.4801481734375 0.8463416703125001 0.4779801109375 0.8388927234375 0.5039723921875 0.85198866875 0.5058326875 0.874333234375 0.5075076140625
2 0.7980490390625 0.6973929156249999 0.7956492468749999 0.7450067953125 0.7956326109375 0.7833681875 0.844816778125 0.7952968375 0.8428243625 0.75707625 0.8459714171874999 0.7201778015625 0.849289859375 0.680911853125 0.85372959375 0.643249771875 0.8600070109375 0.6078143078125 0.8642749515625001 0.5869889515625 0.8677172234375 0.5736243546875001 0.840283778125 0.5555932390625 0.8246514140625001 0.551571871875 0.8171257375 0.5847724796875 0.8101103625 0.6140007890625 0.8042969421875 0.6604654531249999 0.7980490390625 0.6973929156249999
2 0.8741940921875001 0.46964699374999996 0.8592990281249999 0.46911074218750004 0.8469206093749999 0.46839803281250003 0.8440964375 0.4777637796875 0.8578209109375001 0.47964663906249994 0.8751448875 0.47874807500000005 0.8868063812500001 0.4782465453125 0.8977509546875 0.4765307390625 0.901409203125 0.465525859375 0.8880795906250001 0.4693056453125 0.8741940921875001 0.46964699374999996