4 0.6591796875 0.4375 0.6455078125 0.421875 0.6279296875 0.419921875 0.5595703125 0.421875 0.556640625 0.4267578125 0.5576171875 0.50390625 0.6630859375 0.50390625 0.7080078125 0.513671875 0.771484375 0.5126953125 0.80078125 0.5087890625 0.7978515625 0.419921875 0.6650390625 0.421875 0.6591796875 0.4375
5 0.1748046875 0.58203125 0.26953125 0.5810546875 0.2685546875 0.53515625 0.181640625 0.5361328125 0.181640625 0.5712890625 0.1748046875 0.58203125
5 0.16796875 0.5302734375 0.267578125 0.5322265625 0.279296875 0.5224609375 0.275390625 0.4248046875 0.1669921875 0.42578125 0.16796875 0.5302734375
0 0.1748046875 0.58203125 0.26953125 0.5810546875 0.2666015625 0.533203125 0.181640625 0.5361328125 0.181640625 0.5712890625 0.1748046875 0.58203125
0 0.802734375 0.5029296875 0.8203125 0.5029296875 0.8437848609374999 0.5025599015625 0.8440734640625 0.4820699890625 0.8030931796875 0.48091562187500003 0.802734375 0.5029296875
1 0.85273125625 0.4830857234375 0.8533084609375001 0.49895820625000004 0.9035237234375 0.49895820625000004 0.9038123265625 0.4836629015625 0.889671246875 0.483951490625 0.8688925125000001 0.483951490625 0.85273125625 0.4830857234375
3 0.853515625 0.4775390625 0.853019859375 0.4827971328125 0.8694697171874999 0.48337431249999996 0.8677381421874999 0.42998508593749996 0.8671875 0.4111328125 0.853515625 0.4111328125 0.853515625 0.4775390625
3 0.86813605625 0.5498145937500001 0.8675783984375001 0.535315575 0.86841489375 0.5093846640625 0.8675783984375001 0.49962571718750004 0.861563353125 0.49956802187499993 0.853515625 0.4990234375 0.8529278781249999 0.553778271875 0.8529278781249999 0.5818873796874999 0.8478170578125 0.5839316718750001 0.89994731875 0.5839316718750001 0.9009694406250001 0.5502007421874999 0.8871702656249999 0.5583779468750001 0.869251371875 0.557900565625 0.86813605625 0.5498145937500001
2 0.8690572703124999 0.49964366718750003 0.868109196875 0.5223972609375 0.869140625 0.5576171875 0.888671875 0.5576171875 0.9008178359375 0.552261359375 0.90234375 0.5400390625 0.9022399609375 0.49916962031249995 0.8690572703124999 0.49964366718750003
2 0.86858325 0.41005137343750003 0.8690572703124999 0.48305248437500004 0.90271398125 0.48305248437500004 0.90234375 0.4345703125 0.90271398125 0.40957732656249995 0.8847005265625001 0.40957732656249995 0.86858325 0.41005137343750003
6 0.27398186406249997 0.43225450781249997 0.4011458125 0.429777203125 0.5051932359375 0.43163518749999996 0.5045739296875 0.5065733 0.5546875 0.5068359375 0.5517578125 0.421875 0.3955078125 0.421875 0.273362515625 0.42172602968749995 0.27398186406249997 0.43225450781249997
6 0.15698209375 0.5572188421875001 0.15698209375 0.5824883062499999 0.17301864375 0.582002340625 0.17885013125 0.5751990499999999 0.171074859375 0.5713114218750001 0.1637855234375 0.5649940640625 0.15698209375 0.5572188421875001