4 0.4609375 0.5068359375 0.4541015625 0.439453125 0.31038275312499997 0.4379266125 0.3119450890625 0.5503614421874999 0.314453125 0.5810546875 0.318359375 0.6005859375 0.341796875 0.6064453125 0.4169921875 0.6015625 0.4521484375 0.599609375 0.45703125 0.5947265625 0.4609375 0.5068359375
5 0.45703125 0.4501953125 0.4619140625 0.455078125 0.55078125 0.4541015625 0.556640625 0.4501953125 0.5576171875 0.380859375 0.45703125 0.3818359375 0.45703125 0.4501953125
5 0.7607421875 0.44140625 0.7255859375 0.4375 0.7083428953124999 0.4393500296875 0.6826171875 0.4375 0.673828125 0.4443359375 0.67578125 0.5556640625 0.6806640625 0.5625 0.69921875 0.5615234375 0.771484375 0.5556640625 0.771484375 0.5205078125 0.768233803125 0.441488071875 0.7607421875 0.44140625
0 0.193359375 0.3994140625 0.1962890625 0.4375 0.255859375 0.4365234375 0.321191409375 0.4307977 0.453093859375 0.4300850203125 0.453093859375 0.390886990625 0.193359375 0.3994140625
3 0.1775217546875 0.498371984375 0.173828125 0.4404296875 0.1540924859375 0.442345528125 0.1592990296875 0.49706900468750004 0.1775217546875 0.498371984375
1 0.17578125 0.4365234375 0.173828125 0.4052734375 0.134765625 0.3916015625 0.1328125 0.4384765625 0.17578125 0.4365234375
2 0.13671875 0.4970703125 0.150390625 0.5029296875 0.16015625 0.4990234375 0.1552734375 0.44140625 0.13671875 0.4560546875 0.13671875 0.4970703125
2 0.15625 0.3955078125 0.15625 0.3447265625 0.1357421875 0.34375 0.134765625 0.3837890625 0.15625 0.3955078125
3 0.171875 0.4072265625 0.171875 0.3447265625 0.1591796875 0.341796875 0.15625 0.3974609375 0.171875 0.4072265625
2 0.13977463750000002 0.6651482546875 0.16015625 0.6689453125 0.1640625 0.6318359375 0.1416015625 0.62109375 0.13977463750000002 0.6651482546875
3 0.1827282984375 0.6586335937500001 0.17578125 0.6337890625 0.1669921875 0.630859375 0.1640625 0.6591796875 0.1827282984375 0.6586335937500001