4 0.5361328125 0.53125 0.5498046875 0.529296875 0.55859375 0.5166015625 0.556640625 0.4580078125 0.5703125 0.4482421875 0.56640625 0.3583984375 0.5537109375 0.353515625 0.5478515625 0.341796875 0.5166015625 0.333984375 0.4716796875 0.33984375 0.4658203125 0.330078125 0.4345703125 0.326171875 0.3779296875 0.333984375 0.373046875 0.3427734375 0.3828125 0.5263671875 0.3876953125 0.533203125 0.4521484375 0.529296875 0.455078125 0.5712890625 0.46875 0.5732421875 0.5126953125 0.572265625 0.525390625 0.5361328125 0.5322265625 0.5390625 0.5361328125 0.53125
0 0.4833984375 0.263671875 0.498046875 0.2763671875 0.5 0.3173828125 0.5068359375 0.318359375 0.5166015625 0.333984375 0.537109375 0.3349609375 0.533203125 0.2353515625 0.4697265625 0.234375 0.46875 0.2626953125 0.4833984375 0.263671875
6 0.46484375 0.3095703125 0.4638671875 0.294921875 0.44140625 0.3037109375 0.4423828125 0.310546875 0.46484375 0.3095703125
5 0.6044921875 0.255859375 0.595703125 0.2626953125 0.595703125 0.2802734375 0.6025390625 0.2890625 0.615234375 0.2880859375 0.623046875 0.2841796875 0.625 0.2646484375 0.6201171875 0.255859375 0.6044921875 0.255859375
5 0.5703125 0.2705078125 0.57421875 0.2568359375 0.5615234375 0.251953125 0.556640625 0.2666015625 0.5703125 0.2705078125
1 0.5439453125 0.169921875 0.4599609375 0.171875 0.44921875 0.1767578125 0.46484375 0.1982421875 0.4693276328125 0.22519605 0.494140625 0.2255859375 0.532549425 0.22668513437499999 0.53125 0.1982421875 0.546875 0.1767578125 0.5439453125 0.169921875
2 0.533203125 0.2236328125 0.541015625 0.2255859375 0.6270103125 0.2237069640625 0.6240234375 0.2109375 0.5361328125 0.212890625 0.533203125 0.2236328125
2 0.3662109375 0.228515625 0.3828125 0.2275390625 0.4638671875 0.2265625 0.46484375 0.2158203125 0.367428859375 0.219239740625 0.3662109375 0.228515625
2 0.3701171875 0.197265625 0.41796875 0.1982421875 0.46188974531250004 0.196903628125 0.4443359375 0.173828125 0.36668511718749996 0.1768011265625 0.3701171875 0.197265625
2 0.5362684015625 0.196159103125 0.59765625 0.1943359375 0.6270103125 0.19243640625 0.62403514375 0.171589378125 0.5498046875 0.171875 0.5362684015625 0.196159103125
3 0.367428859375 0.21626160468750003 0.42578125 0.2158203125 0.4638671875 0.21484375 0.46263355468749995 0.1983927140625 0.36891647656250004 0.196903628125 0.367428859375 0.21626160468750003
3 0.5341796875 0.212890625 0.603515625 0.2119140625 0.624778953125 0.2132834671875 0.6255227624999999 0.1954145765625 0.533203125 0.1982421875 0.5341796875 0.212890625