0 0.5268114640625 0.30835979999999996 0.6089660578125 0.30560406875 0.6392916171875 0.31111555156250004 0.634765625 0.2353515625 0.5283203125 0.212890625 0.5268114640625 0.30835979999999996
1 0.5274526265625 0.202235340625 0.5771021859375 0.21513892656250003 0.6346957796875 0.224072178125 0.636681715625 0.1903243140625 0.64760458125 0.165509646875 0.5582352859374999 0.1436727734375 0.5274526265625 0.202235340625
4 0.6533804765625 0.31039610624999997 0.5861743578125 0.3058237546875 0.54746921875 0.30828578906250004 0.5133383874999999 0.312858153125 0.51953125 0.6083984375 0.5244140625 0.619140625 0.578125 0.6181640625 0.5869140625 0.58984375 0.6474609375 0.5859375 0.658203125 0.5771484375 0.6533804765625 0.31039610624999997
6 0.507712928125 0.366120809375 0.506549046875 0.34479172187499996 0.50732500625 0.325401653125 0.508876809375 0.31570661875 0.511204571875 0.31066519375 0.513532334375 0.305623778125 0.5201276984375001 0.304848171875 0.5232313625 0.305235978125 0.5271109859374999 0.30717498125 0.5271109859374999 0.28817271093749997 0.5143082921875 0.2901117234375 0.5018935234375 0.29554093593749997 0.494134334375 0.30717498125 0.4914185921875 0.31609441718750003 0.49258247343750006 0.3921035125 0.4921875 0.4111328125 0.4945223140625 0.4176984109375 0.4990234375 0.42578125 0.5084888875 0.429720246875 0.518187859375 0.43088365156249997 0.5174119562499999 0.418086203125 0.5084888875 0.4114935828125 0.507712928125 0.4029619453125 0.507712928125 0.366120809375
2 0.63635009375 0.19501636718749998 0.656501134375 0.19970074531249998 0.679463984375 0.2015744921875 0.6775894453125 0.17159451718750002 0.6490030796874999 0.1683154515625 0.642578125 0.1748046875 0.63635009375 0.19501636718749998
3 0.6354128234374999 0.21094323906249998 0.655095246875 0.2160960421875 0.6789953328125 0.2193751078125 0.6785266812499999 0.20204292656249997 0.6597815609375 0.2011060578125 0.6372873625000001 0.1964216796875 0.6354128234374999 0.21094323906249998
2 0.6354128234374999 0.21188010781250002 0.6344755875 0.2240594765625 0.6424422609375 0.22687010000000002 0.6672795812500001 0.2315544859375 0.6789953328125 0.23436510937500002 0.6785266812499999 0.22031197656249998 0.669154121875 0.218906665625 0.652283471875 0.216564484375 0.6354128234374999 0.21188010781250002
2 0.3400793546875 0.5377513031250001 0.366001103125 0.42546973593750004 0.394391575 0.330462265625 0.41414149375 0.26259976093750004 0.4233992625 0.23749193281249997 0.435125753125 0.207262271875 0.44685224218749997 0.1955405609375 0.4666021625 0.1887543203125 0.49190674218749997 0.1930728484375 0.5277033828125 0.2029437421875 0.5344924734375 0.1850527296875 0.5005472953125001 0.1739479578125 0.467836546875 0.1683955734375 0.43821169062500004 0.1683955734375 0.4233992625 0.17579875312499998 0.4048837265625 0.2183670421875 0.3832822546875 0.2952971578125 0.349337121875 0.41453571875 0.335759078125 0.47960194375 0.3271184796875 0.5116824015625 0.3221809875 0.544379775 0.3135404359375 0.5883996171875 0.30428266718749997 0.6574959781249999 0.29625923906249996 0.71240289375 0.2919389625 0.767309809375 0.288853025 0.809261159375 0.306751390625 0.8086442421875001 0.3153919890625 0.6914272078125 0.3240325421875 0.6322017625 0.3339075234375 0.5772349625000001 0.3400793546875 0.5377513031250001
3 0.314905246875 0.5709935671874999 0.3194707734375 0.553933103125 0.3296163609375 0.49832947031249997 0.3433129390625 0.4466080328125 0.353458603125 0.3984361125 0.3737497796875 0.321721059375 0.39353372656249996 0.2568157328125 0.40825267343749994 0.2101650421875 0.4219492515625 0.1744792671875 0.44325503906249997 0.167380234375 0.48231562656250004 0.16991561093750002 0.47267726874999993 0.15571756406249998 0.453907934375 0.1481114703125 0.44122589218749997 0.13695585937500002 0.4270220078125 0.139998296875 0.41129635625 0.1531822046875 0.40115069375 0.17397218750000001 0.3945560953125 0.1983116875 0.3828808328125 0.236025759375 0.3707060953125 0.27709865625 0.3544731390625 0.33541202812500004 0.3468639296875 0.3622868859375 0.34026925625 0.38713346406250004 0.3296163609375 0.4298746453125 0.319978078125 0.4709475328125 0.30115583125 0.562555121875 0.2839611 0.681192209375 0.27888834375 0.7425480359375001 0.27330820624999996 0.80897458125 0.2895412375 0.80897458125 0.292077615625 0.7512582703125 0.30300738437499997 0.66373191875 0.31084702656249996 0.5987925734374999 0.314905246875 0.5709935671874999
2 0.39463422187499997 0.16665165625 0.38517462343750003 0.1803776859375 0.37724079375 0.2005091953125 0.3677811953125 0.23131651406249998 0.356490709375 0.263029153125 0.3427590546875 0.3051223125 0.318652403125 0.3922842265625 0.30858252343750003 0.42736185156250006 0.300648671875 0.4642696234375 0.28844276562500004 0.5210038796875 0.28142435625 0.5613345125 0.2753214140625 0.5954970671875001 0.27013389375 0.6314897828125 0.265861815625 0.6687974343749999 0.26128459843749996 0.7060102171875 0.2582331265625 0.7459682109375 0.2557919359375 0.7813508625 0.2539610484375 0.8091079593750001 0.2734905265625 0.8091079593750001 0.2747111109375 0.7926367234375 0.27684713906249997 0.7673198171875 0.2777625828125 0.74901844375 0.28020377343749997 0.7133307656250001 0.28325524375 0.6837435421875 0.2878324625 0.6495809921875 0.2908839328125 0.62355918125 0.29607145468749996 0.5924468468749999 0.30003836875 0.5634696765625 0.305225890625 0.5398241609375 0.317736959375 0.479520775 0.32719653593750003 0.43712259062500003 0.34153849375 0.38191344531250004 0.353744378125 0.33379445625000004 0.3668657515625 0.286749634375 0.37540990625 0.25868754374999997 0.38486946093749996 0.2266601296875 0.40470410156250003 0.1650455140625 0.41129635625 0.1526466078125 0.40073716406250004 0.159026090625 0.39463422187499997 0.16665165625
5 0.466796875 0.2255859375 0.48046875 0.2197265625 0.4716796875 0.197265625 0.453125 0.2041015625 0.466796875 0.2255859375