0 0.1630366703125 0.5292968765625 0.1539746875 0.559906334375 0.2161948953125 0.5836118015625 0.30602691718749997 0.5816802375 0.309495725 0.5751014484375 0.30291278906249997 0.5452473734375001 0.300334446875 0.5155105265625 0.274632625 0.5148706828125 0.2680181109375 0.5067024375 0.268422575 0.49024132187499997 0.2684972234375 0.482529865625 0.2562694453125 0.49029195156250005 0.250930021875 0.4981235078125 0.24919769062500002 0.514605534375 0.21880446562500003 0.5158704734375 0.1643438296875 0.5169145390625001 0.1630366703125 0.5292968765625
1 0.157651171875 0.5163675890625 0.14990415625 0.5114198109375 0.1417757890625 0.5060923890625 0.12788960625 0.49376743593750005 0.1176791125 0.493565478125 0.1182057140625 0.5048571296875 0.11850812343749999 0.5181244 0.1153490859375 0.5384940171875 0.11100665000000001 0.5604361203125 0.1262173421875 0.561016715625 0.1459861890625 0.5634338875 0.1560762421875 0.5312592031250001 0.157651171875 0.5163675890625
2 0.13507239531249998 0.454923375 0.1327304234375 0.44681732187499995 0.129697825 0.441582671875 0.1281025796875 0.4379988640625 0.1238844 0.4324174140625 0.12123506718749999 0.43727705937500005 0.11792975937500001 0.444678465625 0.11577967812500001 0.452451253125 0.1110789265625 0.458067353125 0.111769059375 0.46127829687500005 0.1133814625 0.46364187343749996 0.11393862031249999 0.467061028125 0.11709034375 0.4759187515625 0.1189599640625 0.48666919062499997 0.118351996875 0.49113237187500003 0.1208102796875 0.4941680984375 0.12370164531250001 0.49308331718750004 0.12905129375 0.49503426250000004 0.1349001828125 0.4998983453125 0.13975273906250002 0.503407915625 0.142968628125 0.50663435625 0.14362724531249998 0.5024820078125 0.142423340625 0.4867189953125 0.14100990625 0.48087686874999996 0.1408312234375 0.4754422546875 0.1380099640625 0.4626476515625 0.13507239531249998 0.454923375
3 0.1518672609375 0.5125729390625 0.1574232875 0.515452796875 0.158956828125 0.5031437609375 0.160033940625 0.49459874687500005 0.1601641296875 0.4802487046875 0.15691039843750001 0.468995290625 0.15469304374999998 0.4592896625 0.1524403578125 0.4525873734375 0.148910678125 0.44357376562499995 0.147017765625 0.4379612640625 0.14324409062500001 0.42842129375000004 0.13801445 0.42104825 0.1350934546875 0.41511522031250003 0.145208321875 0.4058376375 0.14132402187499998 0.397415171875 0.0889674109375 0.4198816265625 0.0990339796875 0.433875534375 0.10520538125000001 0.44501269218750006 0.11069453437500001 0.45765142187499996 0.11496144531250001 0.4519815859375 0.120419425 0.43996901875 0.12366658125 0.43069583749999996 0.1305798078125 0.4411463984375 0.138916765625 0.46699624218749997 0.142067178125 0.4851180765625 0.1425745140625 0.49350345156250003 0.1432262125 0.5005153250000001 0.1431428203125 0.5072889953125 0.1518672609375 0.5125729390625
2 0.154081184375 0.45826610937499995 0.15984721875000002 0.4779803953125 0.15991996875 0.470533453125 0.1595488265625 0.46055499843750003 0.1561274109375 0.4424463890625 0.15472195 0.435554040625 0.1531593765625 0.42846769843750004 0.1506078203125 0.41897003593750004 0.14838944375000002 0.41305719218750003 0.1453117640625 0.406876540625 0.13654478125 0.41429712343749997 0.1356051296875 0.41615570625 0.1371355046875 0.41811813437499995 0.1401253109375 0.42334552968750006 0.1437337625 0.42780159375000004 0.1477054890625 0.44020963125 0.154081184375 0.45826610937499995
5 0.2240208296875 0.3842012171875 0.23489347343750003 0.375981003125 0.23888360937500003 0.3688410875 0.24335887656250002 0.36350699999999997 0.2481781453125 0.35618426406250003 0.2272710234375 0.3664900484375 0.22148829375 0.368659609375 0.21210494062500002 0.3731808703125 0.20536924218750002 0.37668615625 0.18575608906250002 0.3849901296875 0.1971956625 0.3840326765625 0.2073353875 0.3838835203125 0.2130328109375 0.38304633125 0.2240208296875 0.3842012171875
4 0.53200961875 0.5289375609375 0.52996545625 0.5121758859375001 0.5277834703125001 0.47784921406249997 0.5432406249999999 0.47787454531250007 0.5632072484374999 0.47810727656249996 0.5669250765625 0.47316709062499995 0.5678529375 0.4618030421875 0.5679605921875 0.4404905078125 0.56683319375 0.41824851875 0.5411555 0.418922090625 0.2779545421875 0.4259754359375 0.2703652265625 0.4321211421875 0.26943725 0.507012071875 0.27558295625 0.5146013875000001 0.30030599687500004 0.517199884375 0.302483265625 0.5409423734375001 0.3107248671875 0.5766193109375 0.306039859375 0.5956621796875 0.30877806875 0.608354225 0.3158709484375 0.6167807765625 0.41009116562500003 0.6141047656249999 0.41710793749999997 0.6073359046875 0.417785665625 0.60076409375 0.4369998234375 0.5992920749999999 0.5012950468749999 0.59500886875 0.5395779234375 0.5961523765625001 0.5406244484375 0.5770608453125 0.58153079375 0.5760798578124999 0.583897565625 0.5307249640625 0.5739823281249999 0.527751559375 0.53200961875 0.5289375609375
5 0.6042869875 0.5767308046874999 0.6025341671875 0.455924103125 0.6004651953125 0.4165493734375 0.5689142671874999 0.41906230312500004 0.5671159765625 0.47580898125 0.5539717859375 0.47785116250000004 0.529348909375 0.4794790171875 0.529816946875 0.48716412187499997 0.5324979921875 0.52771749375 0.5785453734375 0.5256138921875 0.5828185359375 0.577444003125 0.596409196875 0.5802611140625 0.6042869875 0.5767308046874999
5 0.3756876734375 0.4209721734375 0.38559091093750003 0.41923569531249993 0.383058375 0.4036940875 0.3714929125 0.408033209375 0.3756876734375 0.4209721734375
5 0.3519050515625 0.4226385453125 0.363326153125 0.4196729265625 0.35869830937499997 0.41085446875000003 0.3501685734375 0.4127353078125 0.3519050515625 0.4226385453125
5 0.6222912734375 0.5982568578125 0.6298104828125 0.605990534375 0.630313671875 0.58799064375 0.6222912734375 0.5982568578125