4 0.550451434375 0.34372555781249997 0.540809534375 0.34527513593750003 0.4022997015625 0.4866193765625 0.45065501875 0.538145696875 0.4311520421875 0.5466825921875 0.520233384375 0.6343175375000001 0.587009525 0.5651688203125 0.6847009703125 0.43807170468749995 0.62988340625 0.383777415625 0.63790341875 0.368443365625 0.5803482421874999 0.315578140625 0.550451434375 0.34372555781249997
1 0.8068811953124999 0.315767828125 0.7618983546875 0.270970821875 0.745014725 0.253308909375 0.7381104374999999 0.25342942343749997 0.7344981296875 0.2838806 0.77388523125 0.3246314453125 0.8084548765624999 0.3267905859375 0.8068811953124999 0.315767828125
0 0.6760542796875 0.4175034578125 0.65917065 0.3998415453125 0.6794737640624999 0.376005421875 0.7148940015624999 0.34776159375 0.726013171875 0.3517113421875 0.7373492671874999 0.368088809375 0.7428485953124999 0.366611540625 0.768530521875 0.334393859375 0.730572484375 0.2963806265625 0.720858275 0.29378763281250003 0.663826375 0.3500342609375 0.64713556875 0.3434192078125 0.631994340625 0.34644605624999997 0.6238538124999999 0.35487581874999996 0.6280927984375 0.360326940625 0.6446148828125 0.3572759890625 0.6488538671875 0.3627271109375 0.62988340625 0.383777415625 0.6776279609375 0.428526215625 0.684339425 0.41735884062500006 0.6760542796875 0.4175034578125
3 0.44905324531249996 0.2322306484375 0.1238915125 0.5725450484375 0.142090646875 0.5836795218749999 0.5450058828125 0.16643980625000002 0.5933333640625 0.1680279015625 0.6506217765625 0.21530043437500002 0.8380782078125 0.40759536562500004 0.8451803421875 0.3919130984375 0.6012121968749999 0.149875721875 0.5389302875 0.1460822765625 0.44905324531249996 0.2322306484375
2 0.4580202625 0.1920170578125 0.11883160468750001 0.5432571937499999 0.103955509375 0.561473475 0.1192932515625 0.572283653125 0.2985016875 0.39094298437499997 0.4720216625 0.20282288906249998 0.4580202625 0.1920170578125
2 0.52687031875 0.17976504843750002 0.3871245921875 0.32447598437499997 0.3464701578125 0.36938651718750004 0.3125512921875 0.40451052968749995 0.1424305578125 0.584966825 0.16237741875 0.602619265625 0.26521879375 0.4877961125 0.29680050156250004 0.45174892343749995 0.5601073125 0.1847100078125 0.6054525046875 0.17877851718749999 0.548771215625 0.168332540625 0.52687031875 0.17976504843750002
2 0.6340228421874999 0.14612529375 0.60471149375 0.12868030625 0.5811164 0.12218576875 0.5493566765625 0.12274013749999999 0.508220184375 0.14003351718749998 0.4811574 0.17227530156249998 0.4978964125 0.18165206875 0.5250797109375 0.156314571875 0.55802746875 0.144689240625 0.594002075 0.1482051375 0.637411234375 0.181979384375 0.6537163921875 0.166500715625 0.6340228421874999 0.14612529375
2 0.6762198640625 0.189589646875 0.6612232546875 0.20090164062500002 0.6627487296875 0.2091626828125 0.7329244484374999 0.2728578421875 0.7366813734375001 0.2506918109375 0.726822546875 0.239813671875 0.6762198640625 0.189589646875
2 0.8125974499999999 0.32671827656249997 0.7892192828125 0.3326514578125 0.848976728125 0.3946265953125 0.8626537421875 0.3804636328125 0.8125974499999999 0.32671827656249997
3 0.4756098671875 0.1709908546875 0.4621628359375 0.1919447484375 0.478950053125 0.20408323125 0.495231109375 0.1872237046875 0.4756098671875 0.1709908546875
3 0.6403657734375 0.1929780390625 0.655723928125 0.202378909375 0.6747908015624999 0.1868520359375 0.657907171875 0.169190121875 0.6388402984375 0.184716996875 0.6403657734375 0.1929780390625