4 0.6195224687499999 0.391318459375 0.4967401578125 0.447796925 0.393062278125 0.492768309375 0.45822822499999993 0.6381598140625 0.47641433437499997 0.664925459375 0.58837776875 0.6251942484375 0.706246440625 0.5598585765624999 0.7081498109375 0.5532207390625 0.6708498609375 0.4778725625 0.6568128359375 0.47672095781249996 0.6473438984375 0.45963854218750005 0.6513361828125 0.45072624218749996 0.6195224687499999 0.391318459375
0 0.7220491984375 0.49973735625 0.7746240156249999 0.4717112171875 0.7560668140625 0.4362188171875 0.698747946875 0.46575807031250005 0.6913487593750001 0.46650983593750006 0.6786584671875 0.44563026250000004 0.6499990328125 0.4603998890625 0.6589017515625 0.474446496875 0.6663105203125 0.46364040937500006 0.675417946875 0.46194175 0.6810993109375 0.47219119843749996 0.6793719046875 0.4932467359375 0.70361046875 0.5389885859375 0.7224011265625 0.5285727546875 0.7220491984375 0.49973735625
5 0.44950147031250004 0.63853090625 0.40291812812499994 0.5504636890625 0.33952764375 0.5811353828125 0.3313575265625 0.59459660625 0.333807953125 0.6111032203125 0.3457464796875 0.6245836078125 0.37211228749999997 0.6278337078125 0.3859254390625 0.664839221875 0.4005191015625 0.67908095625 0.4236635546875 0.6785339015625 0.4475789375 0.6652773875 0.4534745921875 0.64972725 0.44950147031250004 0.63853090625
2 0.8204618437500001 0.544028603125 0.8092737890624999 0.48946011875 0.7897153421875001 0.4974750375 0.7889015640625 0.56222936875 0.8204618437500001 0.544028603125
3 0.835940665625 0.5375684390625 0.8303303296875001 0.4841479515625 0.8116115203125001 0.49240406718749996 0.8164414499999999 0.5469637609375 0.835940665625 0.5375684390625
2 0.8547187078125 0.530692725 0.8505439609375 0.48495605937499997 0.8285918593750001 0.4822850953125 0.83408028125 0.5393062843750001 0.8547187078125 0.530692725
1 0.8014542296875 0.416771996875 0.7664169937499999 0.43124702812500004 0.7898964375 0.49525476562500004 0.8267940921875001 0.47904183749999996 0.8518643171875 0.4835175234375 0.8404649265625 0.45754613749999995 0.8129227265625 0.394162421875 0.8014542296875 0.416771996875
2 0.811501475 0.3932087578125 0.7509194359375 0.26377265156249996 0.7355452625 0.2722946953125 0.8000269171875001 0.4148411546875 0.811501475 0.3932087578125
2 0.721908075 0.24970688124999998 0.7340608937499999 0.2373876796875 0.7096080375 0.21744541874999998 0.6754719515625001 0.206220328125 0.6439814187499999 0.20581090937500002 0.619499815625 0.2160316125 0.62441983125 0.22893619843750002 0.6727976515625 0.225567625 0.6980214375 0.23280042812500001 0.721908075 0.24970688124999998
2 0.6811245687499999 0.24663274375 0.6604497046875 0.2435777703125 0.650580928125 0.247931565625 0.667458634375 0.25420789374999997 0.6974073078125 0.280036228125 0.769352071875 0.42997123437500007 0.78263733125 0.42372365156249997 0.7099408015625001 0.26638945937499997 0.6811245687499999 0.24663274375
3 0.603133903125 0.24556879843749999 0.6276048828125 0.24896341562500002 0.668996903125 0.24085865625 0.707975253125 0.26023712187500003 0.785325128125 0.42652364687500005 0.8008072734375 0.41370197812500004 0.7225551921875 0.2521553296875 0.6885586875 0.226482259375 0.62317641875 0.22951269062500002 0.6177864421875 0.2134214140625 0.5930684140625 0.22358965312499998 0.603133903125 0.24556879843749999
3 0.7490256484375 0.26035616875 0.734919215625 0.237528940625 0.7235759390625 0.2501762828125 0.7322025328125 0.27083313750000004 0.7490256484375 0.26035616875
2 0.6001237749999999 0.24352027812500002 0.591162803125 0.22532889531250003 0.1437042015625 0.4308298921875 0.152417253125 0.4470257875 0.6001237749999999 0.24352027812500002