4 0.52647643125 0.4393221828125 0.524957103125 0.4225954140625 0.45838710000000005 0.428977309375 0.46316999531249997 0.489096234375 0.44761908593750005 0.49177349374999996 0.44597641406250005 0.5841017125 0.46160690468750004 0.6532385203125 0.6002219203125 0.6434604828125 0.6109649453125 0.6430194734375 0.6039616015625 0.5765844578125 0.659245725 0.572903234375 0.6656603765625 0.5293801375 0.6652939453125 0.509554059375 0.654954209375 0.433913809375 0.6196173203125 0.432076890625 0.52647643125 0.4393221828125
6 0.6183633375 0.4296158109375 0.6307625140625001 0.43569818437499996 0.655467096875 0.435510640625 0.6597153812500001 0.42559598750000005 0.6558831015625 0.4089485265625 0.6447379093750001 0.4053272328125 0.4238247109375 0.4175637 0.41133134531250004 0.42509944375000003 0.39326252031250003 0.464062878125 0.4011225484375 0.52072715 0.4245146015625 0.6033092140625 0.401641803125 0.6213866 0.399385821875 0.661622909375 0.42749963125 0.66070854375 0.45463526249999997 0.6532923375 0.4482945921875 0.613354840625 0.4357679359375 0.5853215203125 0.41859954843749997 0.43364509531250006 0.5242755531250001 0.42469300624999995 0.52647643125 0.4393221828125 0.6029464156250001 0.432821096875 0.6183633375 0.4296158109375
0 0.6648017625 0.4749486046875 0.6745848796875 0.50904761875 0.679644425 0.5285922734375 0.6892837296875001 0.5779311093749999 0.707788725 0.5747023796875 0.7107361390625 0.5561505 0.8224868656250001 0.55036095 0.8066948593750001 0.504157071875 0.790463403125 0.4814272375 0.7284675171874999 0.4510153671875 0.704923146875 0.4413117 0.65802195 0.4466089484375 0.6648017625 0.4749486046875
6 0.645289028125 0.6406477578125 0.6457050343749999 0.61408564375 0.6854016609375 0.589904865625 0.6733979515625 0.519374940625 0.666571371875 0.5151032140625 0.6629266359375 0.523160334375 0.6620477390625 0.5701084171875 0.6077398546875 0.5760795437499999 0.6105452875 0.6490671859375 0.6470632453125 0.653202534375 0.645289028125 0.6406477578125
5 0.35936971875 0.5662296765625 0.3589068265625 0.5866156453125 0.3726068734375 0.601335246875 0.3733276359375 0.614918078125 0.3999366375 0.6215102296875 0.41653721250000003 0.6115018046875 0.4226195875 0.599102628125 0.40601304374999997 0.5269636265625001 0.3806111421875 0.5166564109375 0.352285265625 0.5279891484375 0.34803698125000004 0.5379038015625001 0.35936971875 0.5662296765625
1 0.8262897359375 0.48177291406249995 0.8096422734375001 0.48560519218750003 0.83732368125 0.5521012671875 0.888613821875 0.555417803125 0.8821563609374999 0.518407815625 0.849019571875 0.4655414578125 0.8403589015625 0.46375425468750003 0.8262897359375 0.48177291406249995
3 0.8071343078125001 0.48068303125 0.82134413125 0.48119280781249996 0.8206468109375 0.4706980484375 0.7800330062499999 0.4092413515625 0.7673994000000001 0.3722782484375 0.760359378125 0.34064144218750003 0.7463587375 0.3415668421875 0.75077538125 0.3791986 0.7790837796875001 0.446925215625 0.8071343078125001 0.48068303125
3 0.86790561875 0.5938693171875 0.8645127875 0.5537478140625 0.8472148921875 0.5532614796875001 0.8512347140625 0.5946135234375001 0.8630068984375001 0.59946535625 0.86790561875 0.5938693171875
2 0.83910491875 0.4612931734375 0.8066654484375 0.418921575 0.7864845 0.3641039140625 0.7888277640625 0.34578555 0.7681966328125001 0.34181926875 0.7686533828125001 0.3747393296875 0.79319983125 0.43508270156249995 0.8268698421874999 0.47682730937500006 0.83910491875 0.4612931734375
2 0.8874301671874999 0.5622209406249999 0.8669973125 0.555581903125 0.8718551124999999 0.6259571421875 0.8818635359375 0.64255771875 0.89240518125 0.64803654375 0.8950243953125 0.5862516453125 0.8856898484375 0.5770577546875 0.8874301671874999 0.5622209406249999
2 0.7487441953125 0.384969159375 0.7424369453125 0.338496990625 0.7288306703125 0.33612968125 0.7346409375 0.382377409375 0.77318620625 0.4446691578125 0.7487441953125 0.384969159375