4 0.35633980468750004 0.297109359375 0.3438057203125 0.3271973953125 0.280490225 0.5811419796874999 0.28357423437499996 0.5889561203125 0.382831196875 0.6147101187499999 0.35655750468749997 0.6074804328125001 0.406387015625 0.619904325 0.420622575 0.5628086171875 0.432534265625 0.5238783640625 0.446218009375 0.47350668125000006 0.48402849375 0.338003853125 0.4733640484375 0.328299696875 0.35633980468750004 0.297109359375
5 0.7713081328125 0.679361621875 0.7892683671875 0.615400425 0.7245958671875 0.596256384375 0.7054518265625 0.6609288828125 0.7713081328125 0.679361621875
0 0.26755399375 0.62850764375 0.2775937234375 0.587047278125 0.30311401718750003 0.49276433906249995 0.3005025125 0.483055090625 0.276109990625 0.488044396875 0.266410928125 0.5067617796875 0.130851009375 0.47079541249999995 0.1098429921875 0.55033126875 0.14587128437500002 0.5616689874999999 0.15806643125 0.56706435625 0.169017959375 0.577448096875 0.16847265 0.591441078125 0.162383259375 0.6016969890625 0.18760267656250001 0.6091623046875 0.2164240828125 0.6163482890624999 0.2464922046875 0.62325635 0.26755399375 0.62850764375
5 0.8057499625 0.4604892859375 0.803839571875 0.435857965625 0.79601524375 0.4228360953125 0.7848077046874999 0.4126891796875 0.764265803125 0.4048554859375 0.749601209375 0.402049296875 0.7386479640625 0.40366281875 0.725800796875 0.41287244687499997 0.715292425 0.42514773593750005 0.7096043734374999 0.43800421875 0.7081538109375 0.45377915468749996 0.7123976828125 0.4666294015625 0.7204403187499999 0.48166805625000003 0.73388600625 0.4949506828125 0.7555626890625 0.5003120421875 0.77521929375 0.49346407968749995 0.791081971875 0.487025903125 0.8057499625 0.4604892859375
5 0.82890685625 0.6266331093749999 0.8753404515625001 0.3912847015625 0.871311434375 0.3872607796875 0.842651096875 0.3851472484375 0.8209159265625001 0.4723222546875 0.8223436265625 0.48274280625 0.828028953125 0.48416031718749997 0.8432840109375 0.49678046093750006 0.8389276171875 0.53665644375 0.8259252828125 0.5315526687500001 0.8170479203125 0.5820935765625 0.813410471875 0.6041502796875 0.8109385140625 0.6215324640625 0.82890685625 0.6266331093749999
5 0.8106329140625 0.6911793078125 0.8304882578124999 0.627690615625 0.794242390625 0.6156341296875001 0.788323359375 0.6191906421875 0.773203240625 0.679834125 0.8106329140625 0.6911793078125
2 0.161462509375 0.22220961562500002 0.1517477578125 0.26117335937499997 0.14095227187499998 0.302422340625 0.10173613749999999 0.463457953125 0.12289130156250001 0.4679371109375 0.1856305 0.22159318749999998 0.189948165625 0.20427597656250002 0.16782038593749998 0.1987589015625 0.161462509375 0.22220961562500002
3 0.1674422015625 0.198243503125 0.153056709375 0.1938698953125 0.139498596875 0.252456678125 0.08624801875 0.45866883124999996 0.092716265625 0.46104872343750003 0.10142857499999999 0.4630097 0.151495171875 0.2622035453125 0.1624549078125 0.218246446875 0.1674422015625 0.198243503125
2 0.1528006828125 0.194674846875 0.1388442265625 0.192558690625 0.1225670640625 0.188533 0.1124514265625 0.2333047109375 0.066568278125 0.4061317171875 0.0595629921875 0.437028421875 0.067207103125 0.44417022812500007 0.085331559375 0.459678553125 0.1262530140625 0.30115172968750004 0.1528006828125 0.194674846875
1 0.06336208125000001 0.5399971703124999 0.10065636250000001 0.5485375421875001 0.12397910781249999 0.47019918125000004 0.089182034375 0.46076518593750004 0.0734751 0.45078387031249995 0.061312867187499995 0.43893302656250005 0.031787665625 0.5480457109375 0.06336208125000001 0.5399971703124999
2 0.10295473749999999 0.5495344640625001 0.0921017859375 0.5459821640625 0.0812412125 0.54408386875 0.068791084375 0.5891481046875 0.0639452921875 0.6085835140625 0.085658821875 0.6140340937500001 0.10295473749999999 0.5495344640625001
2 0.0499389375 0.60306745 0.065711509375 0.53980711875 0.0496148390625 0.5426749531249999 0.032090828125 0.5480203640625 0.0204039234375 0.594893978125 0.036124665625 0.6000279390625 0.0499389375 0.60306745
3 0.0637542765625 0.6077263234375 0.0696452375 0.58409896875 0.08047903437500001 0.5438938359375001 0.065997625 0.5402832156249999 0.05022505000000001 0.6035435609375 0.0637542765625 0.6077263234375