4 0.5195016984375 0.395419846875 0.5023120140625 0.3974119421875 0.385059371875 0.5084033625 0.401839815625 0.5281144609374999 0.35163522187499996 0.5808152953125 0.36237799531250003 0.59260545625 0.419287778125 0.6572854625 0.5804107609375 0.5064214312499999 0.5996237921875001 0.478923678125 0.5195016984375 0.395419846875
0 0.350674634375 0.58084453125 0.401421940625 0.525724409375 0.381859290625 0.5050092187499999 0.36331708281249997 0.5257311984374999 0.3694395515625 0.5372273562500001 0.3326631390625 0.5731520812500001 0.3210711390625 0.5842901859375 0.3446688109375 0.6115837671875 0.2830999640625 0.6663315187500001 0.31419891718750004 0.6986151781250001 0.3321984890625 0.7150751484375 0.366138484375 0.6820069015625 0.393138865625 0.656155584375 0.40432254843750004 0.669173778125 0.4198468078125 0.6558360734375001 0.350674634375 0.58084453125
5 0.60628691875 0.43048320625000003 0.5447058328125001 0.36538552968750004 0.5383033140625 0.36279874375 0.52827929375 0.3691754859375 0.51515113125 0.38323524999999997 0.5164058578125 0.391189840625 0.5848810421875 0.46503103437500004 0.6016751703125001 0.47975287968749997 0.6208375546875 0.4609511046875 0.60628691875 0.43048320625000003
2 0.3296902484375 0.7241789421875 0.31676176875 0.7403281796875001 0.34558140000000004 0.7716545609375001 0.3593863546875 0.7575701703125 0.3296902484375 0.7241789421875
2 0.2773730671875 0.6729599281249999 0.2406549421875 0.6351844703125 0.22905762031250002 0.6479274046875 0.26125406406249996 0.6798481484375001 0.2773730671875 0.6729599281249999
1 0.325100259375 0.7258428421875001 0.2758152203125 0.6736211953125 0.25779321875 0.679891040625 0.3153815015625 0.7419285343750001 0.325100259375 0.7258428421875001
5 0.374411915625 0.7108171046875 0.3685963796875 0.7127905515624999 0.37066073125 0.7169529078125 0.3638104546875 0.7197092171875 0.3606160109375 0.7214825109375 0.36386986875 0.72983121875 0.3672581375 0.7285444437499999 0.368709609375 0.7323204046875 0.37416871406249996 0.7298517046875 0.372858015625 0.7278333953125 0.381892996875 0.7241208515625 0.3846352140625 0.7231371656250001 0.3815814015625 0.7170123390625001 0.377734725 0.7186451546875 0.374411915625 0.7108171046875
5 0.6732478015625001 0.423277975 0.663249559375 0.42221748281249993 0.661671709375 0.433496228125 0.672187309375 0.43327621718750003 0.6732478015625001 0.423277975
5 0.6390626625 0.445214996875 0.636475878125 0.451617515625 0.638519528125 0.45393273437500004 0.6418436828125 0.456765309375 0.6472372656250001 0.4544758703125 0.6487893375 0.45063435781249994 0.646499896875 0.445240775 0.6426583859375 0.44368870312500003 0.6390626625 0.445214996875
6 0.3391301328125 0.710486021875 0.33080517187499997 0.7185752437499999 0.3573949984375 0.7490473078125001 0.366820690625 0.740870471875 0.3391301328125 0.710486021875
6 0.2577904109375 0.6267433734375001 0.2507398140625 0.6317488671875 0.2545403140625 0.6407022828125 0.28226201875 0.6669246734375001 0.28992796875 0.65951949375 0.2577904109375 0.6267433734375001