4 0.5015762140625 0.4509536625 0.47766488125000006 0.44474079843750003 0.42177569843749996 0.5272165015625 0.39970472031250004 0.5163766937500001 0.390046175 0.5240773671875 0.3482728578125 0.5866095890625 0.3486448109375 0.595002059375 0.42071806250000005 0.6418069765625 0.43393980625 0.6375846859375 0.472032409375 0.5843063546875 0.5520086640625 0.6350791250000001 0.6191096078125 0.5389249140625 0.5911783125000001 0.5137996140625 0.61515505 0.48046476406250005 0.6126556015625 0.4753483515625 0.524202065625 0.417905953125 0.515320128125 0.42261771093749995 0.5015762140625 0.4509536625
0 0.4024647203125 0.655570296875 0.41855786406249995 0.6648568890625 0.438408359375 0.64005223125 0.4304614203125 0.6411478828125 0.412038453125 0.640828040625 0.3488284625 0.5976626546875 0.30757412500000003 0.6635408921875 0.3629959 0.7020780765625 0.3946465296875 0.6586440265625 0.4024647203125 0.655570296875
1 0.30439366562500003 0.6713988093750001 0.2693531703125 0.7135143875 0.25102086562500003 0.71147946875 0.3324404609375 0.7643539703125 0.3344175421875 0.7406302609375001 0.35520303750000004 0.712209496875 0.3504912796875 0.703327559375 0.30439366562500003 0.6713988093750001
2 0.34323407499999997 0.7754662171875 0.426878753125 0.8302846890625 0.4389811734375 0.81252525625 0.413369815625 0.7941231109375 0.34502232187500004 0.7440238328125 0.3351665453125 0.7365676484375 0.3327272375 0.7429538171875001 0.3329344609375 0.7601676281249999 0.3339378703125 0.7665123406250001 0.34323407499999997 0.7754662171875
3 0.36884884218749997 0.7431951156250001 0.343789459375 0.72679613125 0.3358477734375 0.7381486140625 0.3439585734375 0.7456618609375 0.39985882500000003 0.7859802953125 0.4389811734375 0.81252525625 0.448363478125 0.7998310609375 0.36884884218749997 0.7431951156250001
2 0.45682529374999997 0.787677665625 0.463466775 0.7783273265624999 0.357472865625 0.7083554671875001 0.3445903140625 0.7273162125 0.44968442499999994 0.799550284375 0.45682529374999997 0.787677665625
5 0.629760384375 0.456181478125 0.6466301359375 0.46247915468749995 0.664106871875 0.45170475000000004 0.66885133125 0.44081283125 0.6565237125000001 0.42931392968750004 0.632866815625 0.4442258109375 0.629760384375 0.456181478125
5 0.5433755171875 0.3780449515625 0.5593726875 0.3577120859375 0.52710693125 0.33536198125 0.49722374374999995 0.3760023296875 0.5282874328125 0.3972706765625 0.5433755171875 0.3780449515625
2 0.25039405625 0.71099693125 0.2600173453125 0.7127368859375001 0.2695424453125 0.713025575 0.2769291265625 0.7032535125 0.27987933125 0.7003130453125 0.2475151171875 0.6796423484375 0.2292766640625 0.6660637671875 0.21507678593750001 0.6863272125 0.22760546874999998 0.6948103031249999 0.2444403140625 0.7057429796875 0.25039405625 0.71099693125
2 0.2468980171875 0.6618975234375 0.26389129843750003 0.6725861953125001 0.2879124375 0.6906138828125 0.293533821875 0.688367446875 0.302211846875 0.67546778125 0.304064184375 0.6716179703125 0.3011111140625 0.667618965625 0.2931452296875 0.6627927046875 0.2753947296875 0.649531028125 0.25685199999999997 0.6374892390625 0.251398853125 0.63360103125 0.2363941296875 0.6540355421874999 0.2468980171875 0.6618975234375
3 0.24706045781250002 0.661775978125 0.2361269484375 0.654305771875 0.229213853125 0.6655689812500001 0.24204493437500002 0.6750605390625 0.2476040640625 0.6793336828125 0.255238825 0.6849512734375 0.26573478125 0.6922082625 0.2805173234375 0.7020285656249999 0.2819158203125 0.6995487406249999 0.291191328125 0.6900043874999999 0.286681128125 0.690161271875 0.28039530625000003 0.6857527171875 0.267291078125 0.6772427328124999 0.2648053453125 0.6746324687499999 0.24706045781250002 0.661775978125