4 0.48736201875 0.4307981390625 0.32677785625 0.502294815625 0.357252225 0.553934578125 0.3624221703125 0.5751503453125 0.37452114375 0.57831538125 0.4101654578125 0.6511709125 0.5559805421874999 0.587318834375 0.48736201875 0.4307981390625
1 0.21572125 0.64901765 0.193802503125 0.64060383125 0.1859750453125 0.64943374375 0.197396228125 0.677487109375 0.220733521875 0.7323045015625 0.2317386109375 0.7306116625 0.239956975 0.7130558609375 0.2371702515625 0.6971928984375 0.21572125 0.64901765
0 0.304556359375 0.637259209375 0.2955184 0.61455865 0.230490328125 0.6413730515625 0.2378480421875 0.6723045703125 0.258294590625 0.7038224484375 0.2651321875 0.6975712125 0.257787065625 0.685875740625 0.262241440625 0.6742716984375 0.3007009390625 0.6550104640625001 0.31587351875 0.6578760234375001 0.3190511484375 0.6650130984375 0.3199495796875 0.6742339171875 0.31053330625000003 0.6794952921874999 0.33016025937500004 0.6707568109375 0.319637509375 0.6519242640625 0.323596953125 0.6416095609375 0.304556359375 0.637259209375
6 0.38777696875 0.682518525 0.4152313796875 0.6649501296875 0.38445753437499997 0.6102367609375 0.378310321875 0.610835715625 0.3812799046875 0.6030996875 0.36946781562500003 0.5837722109375 0.3640361734375 0.617190975 0.3801071828125 0.629277353125 0.3856680359375 0.6417672328124999 0.365949653125 0.6623052109375 0.37022116718750003 0.674300159375 0.38777696875 0.682518525
6 0.3115768171875 0.6074089828125 0.3571733890625 0.58497011875 0.3624221703125 0.5751503453125 0.32548851875 0.501799884375 0.313780453125 0.489908959375 0.3037652265625 0.489023121875 0.289491078125 0.4953783828125 0.287810834375 0.503609340625 0.307462975 0.53334295 0.2991531796875 0.5626982468749999 0.309871384375 0.5771678484375 0.3042316953125 0.5957135109375 0.3115768171875 0.6074089828125
2 0.22816175312500003 0.754388575 0.2515554640625 0.7414400718749999 0.24135033749999998 0.7209873421874999 0.22619035156249997 0.7373578296875001 0.22816175312500003 0.754388575
2 0.18636595312499998 0.6407078546875 0.2102644203125 0.643964321875 0.17738164218750002 0.5484996609375 0.165973053125 0.5396823421875 0.15298824375 0.5465325328125 0.1709727328125 0.6037331484374999 0.18636595312499998 0.6407078546875
2 0.149202746875 0.5172469546875 0.163772690625 0.510730546875 0.1641288703125 0.49666989062500005 0.14496413749999998 0.496337190625 0.149202746875 0.5172469546875
3 0.17200365 0.5124107921875 0.1947545828125 0.5803170171875001 0.259081790625 0.7469545265625 0.2676629734375 0.740600984375 0.2174229546875 0.6135228078125 0.18280069062499998 0.4958448515625 0.173879346875 0.4998168890625 0.17200365 0.5124107921875
3 0.1692295203125 0.515783875 0.1469198671875 0.5160959453125 0.1487167296875 0.534537584375 0.1544730359375 0.54266451875 0.1721202671875 0.5390833890625 0.1692295203125 0.515783875
3 0.1310927875 0.505046065625 0.16642692812499998 0.627136684375 0.22581195625 0.7605007921875 0.230044146875 0.7586164984375 0.2171523921875 0.7146572703125 0.1792166640625 0.6330664109375 0.14414297812500002 0.5030352312499999 0.1310927875 0.505046065625