4 0.5850041640625 0.4957744921875 0.57421875 0.4833984375 0.4644359359375 0.3804002265625 0.4232663125 0.434045590625 0.43502905468749997 0.44727321093750005 0.4284124953125 0.4560916328125 0.40194631249999996 0.43331070625 0.340927009375 0.5038580578125 0.4765625 0.6181640625 0.494140625 0.6005859375 0.5224609375 0.56640625 0.537109375 0.5556640625 0.5850041640625 0.4957744921875
0 0.293140825 0.45535674843749996 0.30859375 0.4697265625 0.3416622265625 0.49650937656250005 0.389448409375 0.4443337265625 0.3564453125 0.41796875 0.3388671875 0.404296875 0.293140825 0.45535674843749996
0 0.5771484375 0.5078125 0.5546875 0.5380859375 0.55859375 0.5712890625 0.572265625 0.5732421875 0.58984375 0.5634765625 0.61328125 0.5302734375 0.5908203125 0.505859375 0.5771484375 0.5078125
1 0.3017578125 0.3671875 0.2861328125 0.3515625 0.244140625 0.3896484375 0.232421875 0.4130859375 0.2646484375 0.431640625 0.2841796875 0.4453125 0.3302097328125 0.39779218906249997 0.310546875 0.3798828125 0.3017578125 0.3671875
3 0.30078125 0.3662109375 0.3125 0.3759765625 0.361328125 0.3291015625 0.3564453125 0.31640625 0.3427734375 0.318359375 0.30078125 0.3662109375
3 0.421875 0.2666015625 0.435546875 0.2685546875 0.478515625 0.2412109375 0.4755859375 0.224609375 0.421875 0.2548828125 0.421875 0.2666015625
3 0.212890625 0.4638671875 0.2138671875 0.470703125 0.228515625 0.4697265625 0.263671875 0.4326171875 0.2568359375 0.421875 0.2509765625 0.421875 0.212890625 0.4638671875
2 0.244140625 0.4853515625 0.251953125 0.4853515625 0.28125 0.4521484375 0.2646484375 0.43359375 0.234375 0.4658203125 0.244140625 0.4853515625
2 0.20703125 0.4736328125 0.2490234375 0.419921875 0.2275390625 0.416015625 0.18359375 0.4677734375 0.20703125 0.4736328125
2 0.291015625 0.3447265625 0.296875 0.3642578125 0.302734375 0.3642578125 0.337890625 0.3251953125 0.3369140625 0.31640625 0.3212890625 0.314453125 0.291015625 0.3447265625
2 0.314453125 0.3798828125 0.333984375 0.3935546875 0.3857421875 0.3359375 0.3603515625 0.330078125 0.322265625 0.3662109375 0.314453125 0.3798828125
2 0.435546875 0.2705078125 0.453125 0.2841796875 0.4921875 0.2626953125 0.4814453125 0.244140625 0.4599609375 0.251953125 0.435546875 0.2705078125
2 0.427734375 0.2509765625 0.4956609421875 0.21480149843750002 0.4775390625 0.19921875 0.40625 0.2412109375 0.427734375 0.2509765625