4 0.44992425 0.61993686875 0.5782132265625 0.6985150921875001 0.619254515625 0.6489138703124999 0.636641084375 0.6070806984375 0.6658678453125 0.5720834640625 0.6772548125 0.5718919078125 0.68044616875 0.5624580671875 0.6745611312500001 0.5511668765625 0.603781653125 0.505791778125 0.5445806984375 0.471612090625 0.531502275 0.4708270828125 0.44901780156250004 0.6058818828125 0.44992425 0.61993686875
0 0.5878693187499999 0.6907846765625 0.6651904109375 0.73999836875 0.7000681625 0.683548084375 0.6245280281250001 0.634219503125 0.620731596875 0.64574473125 0.6079949859375 0.6658253625 0.5878693187499999 0.6907846765625
4 0.6013753046875 0.502147196875 0.5445806984375 0.471612090625 0.5265236859375 0.4735908796875 0.5049435328125 0.505109425 0.471829309375 0.48824619374999995 0.44803436249999995 0.527507125 0.48257837343750004 0.54970639375 0.4457306671875 0.6096222421874999 0.44751789999999997 0.6162922875 0.5772630046875 0.7012359078125 0.5874406796875 0.6905372015625 0.6074514765625 0.663796959375 0.6194278765625 0.6489928046875 0.6279443 0.6253325249999999 0.640071115625 0.604328265625 0.6587781421875001 0.5808361468750001 0.6769674796875 0.5548114578125001 0.6013753046875 0.502147196875
5 0.691240584375 0.5741426953125 0.6967809796875 0.5719780703125 0.69637213125 0.5603001875 0.687254528125 0.5550361359375 0.67745385625 0.55652888125 0.675272121875 0.5720744640625 0.664440290625 0.572256734375 0.658205734375 0.58367458125 0.64870056875 0.5964222015625 0.6389383890625 0.6065185109375 0.633394978125 0.617977871875 0.6242601953125 0.63379978125 0.6460948937500001 0.64676361875 0.6531339640625 0.635810209375 0.65686091875 0.6268777015625 0.6586773640625 0.6243508421875 0.671446765625 0.6249204921875 0.676329578125 0.6164632125 0.6720402171875001 0.6004551031250001 0.67737295 0.5832989421875 0.6830985015625 0.5826714890625 0.691240584375 0.5741426953125
1 0.7028943875 0.782312471875 0.7102340125 0.7877369843750001 0.7354427625 0.7484856640625 0.7611588031250001 0.7028412937499999 0.7523509859375 0.6993479859375 0.7337245125 0.7025991453125 0.7067423203125001 0.6874242953125 0.70177840625 0.6954314234375001 0.6717525765625 0.7438544640625 0.6954470203125 0.75717895625 0.7028943875 0.782312471875
2 0.6926387734375 0.7893867328125 0.70363561875 0.795818278125 0.7070512046874999 0.7898142921875 0.7096125421874999 0.7865120015625 0.703477275 0.7829698031250001 0.6996751140625 0.7694121296875001 0.6979571734375 0.7619437312499999 0.6970109890625 0.7589408171875001 0.6828662249999999 0.7838270625 0.6882260703124999 0.7869215703125 0.6926387734375 0.7893867328125
3 0.69667599375 0.7587474078125 0.693210425 0.7558532484375 0.6829673125 0.750386040625 0.6755729015624999 0.7624199109375 0.6678883828125 0.77495625 0.6739889906250001 0.7787017890625 0.6821962484374999 0.7834402515625001 0.6925177046875 0.7659497749999999 0.69667599375 0.7587474078125
2 0.6714505125 0.743505490625 0.6610185484375 0.7607407265624999 0.656573384375 0.768439978125 0.6607330234375001 0.770681140625 0.6679509875 0.7748484343750001 0.68258751875 0.7497750375 0.6762116515625001 0.7460939296875 0.6714505125 0.743505490625
3 0.7733755046875 0.6817485609375 0.7864754734375 0.659832371875 0.764436909375 0.6473317375 0.8363979390624999 0.5284937828125 0.8225925421875001 0.5202999265625 0.7399857843750001 0.656598053125 0.717643315625 0.6935674203125 0.7318544859375 0.7022189015625 0.7515044390625001 0.6693446328125 0.7733755046875 0.6817485609375
2 0.751459553125 0.6686487390625 0.7387464140625 0.689894921875 0.7310618875 0.7024312859374999 0.7408303187499999 0.7013712125 0.7542267484375 0.6990558328125 0.760405103125 0.701506259375 0.7728730203125 0.6814584515625 0.751459553125 0.6686487390625
2 0.7906227109375 0.6530359640625 0.7953950546875 0.6446107578125 0.8322427609374999 0.584694909375 0.8371255734374999 0.5762376296875 0.8459167515624999 0.561905640625 0.858313875 0.541593625 0.8364687312499999 0.5287579906250001 0.80739358125 0.57718355625 0.7647608453125 0.6479310984375 0.786490340625 0.6598066218749999 0.7906227109375 0.6530359640625
2 0.8109905140624999 0.5129314843749999 0.75997041875 0.597819559375 0.70622364375 0.6862699515624999 0.7179883671875 0.693356596875 0.7376642171875 0.6600506375 0.7773699015625 0.5947596953125001 0.8224509687499999 0.51977151875 0.8109905140624999 0.5129314843749999
5 0.5919414625 0.498955840625 0.6051156625 0.50543433125 0.6069730109375 0.4963579359375 0.5958477125 0.49219001718750005 0.5919414625 0.498955840625