4 0.28800220625 0.4983714828125 0.3490320609375 0.5629755640624999 0.3713668125 0.5495526359375 0.4352306921875 0.6100623515625 0.5560331953125 0.4947623109375 0.550823103125 0.47671475 0.4423309390625 0.361556190625 0.393374246875 0.39661488437500003 0.28800220625 0.4983714828125
5 0.5562291562499999 0.24613563593749999 0.5833160421875 0.27699656250000004 0.5973174421875 0.26619073125 0.6226549375 0.23900743281249998 0.5927822328125 0.2094791578125 0.5562291562499999 0.24613563593749999
0 0.37587791875 0.6076450671875 0.3857367453125 0.5967669265625 0.3930748859375 0.5720320046875 0.374080321875 0.5523625562500001 0.35453138906250004 0.564452834375 0.3462703453125 0.5629273578125 0.296070425 0.5109438187500001 0.2748755015625 0.538199425 0.2118631390625 0.592943565625 0.238859678125 0.6232100218750001 0.265760803125 0.651778 0.3024032296875 0.6229378999999999 0.33442808749999997 0.6083028359375 0.37587791875 0.6076450671875
5 0.5005438843750001 0.350140796875 0.4682056890625 0.3827270109375 0.5523003734375 0.4712154234375 0.584710878125 0.4344866359375 0.5998762078125 0.4361326265625 0.664383878125 0.38062620156250004 0.6770767296875 0.36565369375 0.6011225734375001 0.2855950453125 0.5169213515625 0.36147689375000003 0.5005438843750001 0.350140796875
6 0.37643849375 0.6075217937499999 0.3845821828125 0.609937753125 0.3931646265625 0.6132709234375 0.401707403125 0.6188772250000001 0.4130663734375 0.632491184375 0.42782024218750003 0.6389398453124999 0.43736935 0.6340522109375 0.4439326828125 0.62279744375 0.44270370468750003 0.6150449203125 0.4410439453125 0.6059205078125001 0.42714194218749996 0.6077243921875 0.43246258125 0.615548346875 0.4300782765625 0.6218735421875 0.4254843390625 0.6245219953125 0.418497040625 0.62098930625 0.40664377343749997 0.6096405593750001 0.3940251875 0.6030535765625 0.38545428125000003 0.59628690625 0.37643849375 0.6075217937499999
1 0.1953188328125 0.605272746875 0.1892452171875 0.6168188859375 0.2499991015625 0.6830476859375 0.25625645937499997 0.6552830859375 0.2028554890625 0.598724196875 0.1953188328125 0.605272746875
6 0.20229799218750003 0.57476186875 0.197352396875 0.5795377765625 0.2101338578125 0.593092596875 0.21664192031249999 0.5886576640625 0.20937375937499997 0.5827275875 0.20229799218750003 0.57476186875
6 0.4180797390625 0.773580815625 0.39947853437499997 0.7749451015625 0.387714915625 0.7716033921875 0.37870181718749996 0.762397528125 0.3618335640625 0.7477491171875 0.27114606406249997 0.6494195234375 0.26317411874999996 0.6500042046875001 0.344590128125 0.738320375 0.364305596875 0.7581666171875 0.40196853125 0.798149965625 0.4190608421875 0.7826337375 0.43255236406249997 0.7707306234375 0.43627167968749997 0.7675891328125 0.44034843749999997 0.763652253125 0.44902687343750003 0.7560260296875 0.4777020328125 0.72960619375 0.4863112 0.7209694359375 0.526024290625 0.6849902 0.570433709375 0.642578753125 0.6236944796875 0.5906711953125 0.45495620312499996 0.7468445109374999 0.431455553125 0.767963134375 0.4180797390625 0.773580815625
5 0.3963847015625 0.8027305390624999 0.3795506875 0.78472615625 0.3546893265625 0.7595537140624999 0.27688981875 0.67498436875 0.256712815625 0.6552349703125 0.2549088234375 0.66195040625 0.2517282390625 0.6773044984375 0.2517059015625 0.6843841765625001 0.3469211390625 0.7858435375 0.358791340625 0.79520066875 0.37666313749999997 0.8051976578125 0.396809353125 0.8106093812499999 0.3963847015625 0.8027305390624999
2 0.1829194 0.5835577890625 0.1766681078125 0.5875730953125 0.170081615625 0.59448620625 0.188000521875 0.6147584515625 0.1960167390625 0.6064646875 0.202317296875 0.5998277359374999 0.1992727640625 0.5962747421875 0.18663688125 0.580156765625 0.1829194 0.5835577890625
2 0.8186729203124999 0.42902639374999996 0.46017241562500005 0.763819603125 0.44485650625 0.776572728125 0.4294079 0.785383059375 0.41680142187499997 0.79487098125 0.41940445625 0.8045463453125 0.422599403125 0.8100598140624999 0.43789461406249997 0.8073753874999999 0.4624520703125 0.7914849609375 0.7741845921875 0.4999514359375 0.8326669453125 0.44451886875 0.8186729203124999 0.42902639374999996
3 0.8070051296875 0.43884351875 0.817270215625 0.4284472015625 0.8131548890625 0.42468629375000005 0.784378121875 0.45295915156250005 0.470573809375 0.7448773390625 0.432217821875 0.7826695499999999 0.441685390625 0.7795427203124999 0.45967966562499996 0.763132725 0.50316425 0.7235573375000001 0.5337075859375 0.6950288734375001 0.6364916484375 0.59818864375 0.7814975765625001 0.46299243749999996 0.8070051296875 0.43884351875
3 0.420109340625 0.8050434640624999 0.4183242296875 0.8022617984375 0.4163819875 0.7953516140625 0.41099975781250003 0.80167556875 0.40228096874999997 0.8087435421875 0.39875128437499996 0.807421315625 0.3969461828125 0.8057853343750001 0.396978725 0.8104847109375 0.40095466562500004 0.8125023703125 0.42128756718749993 0.80976284375 0.4209778953125 0.8078091359374999 0.420109340625 0.8050434640624999