4 0.5396198078125 0.428351440625 0.5786634281249999 0.428351440625 0.5764944203125 0.3318734109375 0.5374508 0.3362095234375 0.532028059375 0.3264533375 0.4599609375 0.328125 0.4423828125 0.314453125 0.3759765625 0.314453125 0.373046875 0.3349609375 0.37109375 0.3525390625 0.37890625 0.5615234375 0.3916015625 0.56640625 0.439453125 0.5654296875 0.451171875 0.5595703125 0.4521484375 0.515625 0.538535378125 0.512905228125 0.5396198078125 0.428351440625
5 0.443359375 0.5771484375 0.474609375 0.5810546875 0.51171875 0.5791015625 0.5087890625 0.515625 0.451171875 0.5185546875 0.443359375 0.5771484375
5 0.572265625 0.4462890625 0.576171875 0.4306640625 0.5556640625 0.427734375 0.5546875 0.4443359375 0.572265625 0.4462890625
0 0.4571944046875 0.301520778125 0.4420108328125 0.301520778125 0.43875717343750004 0.3145290578125 0.449817315625 0.3168007796875 0.457055421875 0.3288584328125 0.528230021875 0.32282960625 0.5390871609375 0.3354901734375 0.5716585796875 0.33127000156249997 0.5703125 0.2666015625 0.5390871609375 0.231794121875 0.45703125 0.2353515625 0.4571944046875 0.301520778125
1 0.5390625 0.1787109375 0.54067995 0.1724679578125 0.4797825859375 0.17420703906249999 0.4391842640625 0.17420703906249999 0.4403442109375 0.1829024875 0.45703125 0.2021484375 0.45716349218749996 0.2292781796875 0.51171875 0.2255859375 0.5325602859375 0.22464060937500002 0.5227007218749999 0.215365465625 0.521484375 0.2021484375 0.5390625 0.1787109375
2 0.41076547812499997 0.174786753125 0.363207478125 0.176525834375 0.362627525 0.19043854843750002 0.363207478125 0.20087307812500002 0.38671875 0.2001953125 0.45484359999999996 0.1985542828125 0.451171875 0.1943359375 0.4365234375 0.17578125 0.41076547812499997 0.174786753125
2 0.529296875 0.1923828125 0.5248159359375 0.19852175 0.5702333015625001 0.197248984375 0.6279600750000001 0.1955519625 0.626686709375 0.172217809375 0.5419921875 0.173828125 0.529296875 0.1923828125
3 0.5248159359375 0.19852175 0.522693621875 0.20149155312499997 0.5235425703125001 0.21464353125 0.60546875 0.2138671875 0.629233440625 0.21294649531249998 0.6288090234375 0.1964004734375 0.577449190625 0.1964004734375 0.5248159359375 0.19852175
2 0.525390625 0.2177734375 0.5361328125 0.2265625 0.5419921875 0.2265625 0.55078125 0.2255859375 0.6288090234375 0.22397718125 0.6288090234375 0.213370765625 0.525390625 0.2158203125 0.525390625 0.2177734375
2 0.3626716859375 0.218037575 0.3623046875 0.228515625 0.3857421875 0.228515625 0.41700272343749994 0.2277954953125 0.45647764999999996 0.22821975 0.456053175 0.2154920421875 0.4059667375 0.2171890796875 0.3626716859375 0.218037575
3 0.3949307234375 0.20021878750000002 0.3630961015625 0.20191582343749997 0.3622471828125 0.20912818125000002 0.3630961015625 0.2176133203125 0.42167179531250004 0.2171890796875 0.45647764999999996 0.2154920421875 0.45647764999999996 0.19979453125 0.41700272343749994 0.1993702765625 0.3949307234375 0.20021878750000002
5 0.4828601359375 0.6332142828125 0.47140748906249996 0.64830360625 0.47265625 0.6728515625 0.4853515625 0.68359375 0.51171875 0.6826171875 0.52919113125 0.6670352312500001 0.5271088453125 0.6431003625 0.5087890625 0.62890625 0.4828601359375 0.6332142828125
5 0.5390625 0.4638671875 0.544921875 0.4677734375 0.552734375 0.4638671875 0.5517578125 0.451171875 0.5390625 0.4521484375 0.5390625 0.4638671875
2 0.6395624546875001 0.7899852984375 0.6395624546875001 0.7712413 0.51350045 0.773323959375 0.39091119218750003 0.7761008484375 0.37320000625 0.7764479578125 0.3725054765625 0.7990101875 0.389522084375 0.797968846875 0.40514960625 0.7972746265625 0.4381410734375 0.7951919562499999 0.542324521875 0.7906795171875001 0.6395624546875001 0.7899852984375