4 0.5087890625 0.66796875 0.5185546875 0.6640625 0.587890625 0.5576171875 0.5927734375 0.552734375 0.6201171875 0.556640625 0.662109375 0.4970703125 0.662109375 0.4853515625 0.6533203125 0.474609375 0.4736328125 0.341796875 0.4580078125 0.33984375 0.462890625 0.3330078125 0.4560546875 0.326171875 0.453125 0.3349609375 0.458984375 0.3466796875 0.4345703125 0.3828125 0.3974609375 0.361328125 0.369140625 0.4013671875 0.3857421875 0.421875 0.42578125 0.4521484375 0.423828125 0.4638671875 0.4296875 0.4736328125 0.40625 0.4873046875 0.373046875 0.5400390625 0.3525390625 0.564453125 0.345703125 0.5654296875 0.3359375 0.5947265625 0.390625 0.6435546875 0.4013671875 0.6640625 0.4267578125 0.681640625 0.447265625 0.6806640625 0.4697265625 0.677734375 0.47265625 0.6669921875 0.4853515625 0.658203125 0.5087890625 0.66796875
0 0.3820709109375 0.48071976562499996 0.4124189625 0.4417403375 0.39225903125 0.4265876609375 0.3740234375 0.4140625 0.3397095015625 0.46249706562500004 0.3173828125 0.48046875 0.30592765 0.48661534062499995 0.28876860625 0.487687278125 0.273218234375 0.48607939843750003 0.26142140625 0.53270806875 0.3046875 0.5361328125 0.32952134375000003 0.530028234375 0.359013415625 0.5123415125 0.3734913515625 0.49465477187499995 0.3820709109375 0.48071976562499996
0 0.671875 0.5947265625 0.678782528125 0.6460724921875001 0.7374533875 0.56034393125 0.6572265625 0.509765625 0.626953125 0.5556640625 0.671875 0.5947265625
5 0.36328125 0.7041015625 0.37890625 0.6748046875 0.3525390625 0.658203125 0.333984375 0.6884765625 0.36328125 0.7041015625
1 0.194930140625 0.5257405390625001 0.2179875984375 0.5198449828125 0.2378277484375 0.5257405390625001 0.252841884375 0.528956315625 0.2641025140625 0.48607939843750003 0.22710331875 0.47268033593750003 0.2169152 0.45767341093749997 0.194930140625 0.5257405390625001
6 0.3911866328125 0.5085897953125 0.401374825 0.4941188296875 0.38314330937499996 0.47964786562499995 0.372418953125 0.49572670937499996 0.3911866328125 0.5085897953125
6 0.31665204375 0.5616499796875 0.32255045781249997 0.573441128125 0.33381112343749997 0.5927357843750001 0.33984375 0.5791015625 0.3289851078125 0.556290365625 0.3198693875 0.53163613125 0.307536321875 0.5375317234375 0.31665204375 0.5616499796875
6 0.667463446875 0.59185094375 0.638840509375 0.569495646875 0.6257900625 0.558207853125 0.6177759609375 0.561945975 0.5966796875 0.5546875 0.55859375 0.6025390625 0.5654296875 0.615234375 0.578125 0.6181640625 0.609761859375 0.574762390625 0.6588208437499999 0.6087238640625 0.66809740625 0.5958855609375 0.667463446875 0.59185094375
6 0.6194233171875 0.7045519296875 0.599626996875 0.734781725 0.617223734375 0.734781725 0.6359202640625 0.7062008421875 0.658203125 0.6728515625 0.6777124875 0.6429930234375 0.6744130765625 0.6210076921875001 0.64801800625 0.6589323765625 0.6194233171875 0.7045519296875
6 0.7365515359375 0.559448803125 0.7585474390625 0.527570096875 0.7497491078125 0.5193256046875 0.7266533749999999 0.55450210625 0.7365515359375 0.559448803125
3 0.576748171875 0.7482430828125 0.497125896875 0.7413966328125 0.4256783515625 0.7363758687499999 0.330238365625 0.7290730062499999 0.2408097921875 0.719487921875 0.20029116875000003 0.7167493484375 0.2007478328125 0.6875377890625 0.20851087812500002 0.6396125828125 0.2167305875 0.5880358984375 0.223580365625 0.5521955890625 0.23134341093750002 0.523440459375 0.2170639921875 0.520484171875 0.2112508015625 0.5480877140625 0.20805427656250003 0.5617806437499999 0.204734428125 0.5779944390625 0.1946881234375 0.64098186875 0.19057826875 0.6706498421875 0.1892082765625 0.68708134375 0.1901216046875 0.7135543296875 0.18418515468750002 0.712641471875 0.1828151609375 0.719487921875 0.19575648125 0.730585640625 0.30991908281249997 0.7410835359375 0.3408203125 0.744140625 0.4072265625 0.75 0.45007431093749994 0.7520378765625 0.5099121249999999 0.7573716609375001 0.5720000203125 0.7616229156250001 0.597882734375 0.7646493109375 0.616177409375 0.7427063484375 0.5890777359375 0.7427659046875 0.5863378124999999 0.7486994953125 0.576748171875 0.7482430828125
3 0.30902277499999997 0.32961694375 0.29068935156250003 0.3623040359375 0.26839192968750003 0.40142951250000003 0.25154504375000003 0.4311450375 0.23816661093749997 0.46086057968749994 0.2342026109375 0.4752230671875 0.246094540625 0.48067092968749997 0.25204052187500003 0.45937480781250006 0.271860415625 0.4252019359375 0.28821185625 0.3944958625 0.301590290625 0.370723440625 0.3085272625 0.3568562 0.31992371406250003 0.3385316046875 0.3243831921875 0.33159797968750004 0.337890625 0.3115234375 0.35163550312499997 0.289005721875 0.3412300765625 0.28108157500000003 0.330078125 0.2998046875 0.30902277499999997 0.32961694375
2 0.4834898515625 0.7333804953125 0.41744424531249996 0.7285502140625 0.3822430609375 0.7262041484374999 0.3523617765625 0.7237358109375001 0.31482492500000003 0.7217611390625 0.2338244109375 0.7160839640625001 0.23345319843749998 0.7186313671875 0.25842597968750003 0.721326221875 0.2763003 0.723488978125 0.3143310375 0.726944646875 0.3434448421875 0.729959053125 0.356134821875 0.731166625 0.36519156875 0.7317704078125 0.384710196875 0.7327767125 0.43496243593750006 0.7361981609375 0.47738555624999995 0.7393648625 0.50857455 0.741938859375 0.5240259734375 0.7442268484375 0.554642675 0.746514846875 0.5866901062500001 0.7485168375 0.59012374375 0.741366853125 0.5520674375 0.7385068578125 0.4834898515625 0.7333804953125
2 0.1979387828125 0.6168027546875 0.208984375 0.5537109375 0.216911346875 0.5196967796874999 0.2021912328125 0.52062159375 0.1956489625 0.5252550390625 0.18747111875 0.5612202109375 0.1691527578125 0.6772896328125 0.17209678125 0.6988687687499999 0.1770035 0.7096583125 0.17962039999999999 0.7139087156249999 0.181640625 0.7158203125 0.1882831578125 0.708805384375 0.1887795921875 0.69102180625 0.189433815625 0.66944269375 0.1979387828125 0.6168027546875
2 0.252936075 0.5295374578125001 0.2409507203125 0.526209803125 0.23162876875 0.52388044375 0.22596902812500003 0.5425153359375 0.22197390156250002 0.5608174859374999 0.21564831093749998 0.5947596453124999 0.20932272031250002 0.6340260546875001 0.2018675171875 0.68408513125 0.2013755125 0.7111334046875 0.2016653828125 0.715853446875 0.2126519734375 0.71685173125 0.233357071875 0.7185102015625 0.2323730265625 0.7086744625 0.234375 0.6806640625 0.24494584531250002 0.5751264234375 0.252936075 0.5295374578125001
2 0.279296875 0.4423828125 0.2857545703125 0.42694955781250005 0.2963255046875 0.403569859375 0.3064466 0.381245490625 0.31859191249999996 0.359664215625 0.33006248125000004 0.34078060625 0.338609196875 0.3272923125 0.3482804515625 0.3119369046875 0.36020084531249996 0.29462692968750004 0.3566022484375 0.2923788734375 0.3521039703125 0.2901995 0.33276144531249996 0.31958027968749997 0.3163427734375 0.3461759265625 0.3102701171875 0.3568104265625 0.2992493734375 0.376368453125 0.2837303515625 0.4026706265625 0.276533140625 0.41683333749999996 0.2715850375 0.425600734375 0.26618712499999997 0.435941759375 0.2583151703125 0.44875564375000004 0.2533670671875 0.4590966765625 0.25089302343750003 0.4647167859375 0.24796915468749997 0.47303457499999996 0.24616985625 0.48067794375000006 0.2548828125 0.482421875 0.26416290625 0.48674767656249995 0.267578125 0.4755859375 0.2734375 0.4580078125 0.276533140625 0.44875564375000004 0.279296875 0.4423828125
2 0.3359375 0.2900390625 0.33994605 0.2831732 0.3369140625 0.279296875 0.329027365625 0.2759933078125 0.3232421875 0.27734375 0.317246653125 0.2805884359375 0.310546875 0.2880859375 0.30173059687500003 0.3032769234375 0.287938521875 0.3268394203125 0.255757096875 0.3837042296875 0.224609375 0.4384765625 0.220703125 0.4541015625 0.220703125 0.4638671875 0.2255859375 0.470703125 0.2324830125 0.47429386406249996 0.24627504843749998 0.440691940625 0.269549153125 0.397325340625 0.30431660625 0.3374532453125 0.3359375 0.2900390625
1 0.35893566250000003 0.23128476406249998 0.3544921875 0.22265625 0.32176657343750004 0.2765329984375 0.330820559375 0.2760566859375 0.346545921875 0.2841537375 0.361794778125 0.2936796921875 0.38514456875 0.25795741875 0.37704363281250003 0.247478859375 0.3662109375 0.23828125 0.35893566250000003 0.23128476406249998
0 0.468060190625 0.33559381875 0.469013271875 0.3294019640625 0.46663063281249995 0.3236864046875 0.43613292187499997 0.300824153125 0.398010784375 0.2746278015625 0.38705069999999997 0.265578159375 0.36417741718749996 0.29939525 0.38514456875 0.3136841734375 0.40372911250000004 0.33559381875 0.41135354062499996 0.35416939687500004 0.40992395000000004 0.36179015312499996 0.406111753125 0.36607682656249996 0.4137361796875 0.3708397953125 0.43327374062499996 0.38751019375 0.46091227031250004 0.3513116265625 0.468060190625 0.33559381875
2 0.20782946875000002 0.7439964703124999 0.2309529828125 0.754663734375 0.4781970140625 0.7742203937500001 0.52385119375 0.7765908875 0.548753415625 0.771849878125 0.5617974546875 0.7659236234375 0.5653549499999999 0.7623678609375 0.367322553125 0.7487374578125 0.197265625 0.7314453125 0.20782946875000002 0.7439964703124999