4 0.4009483734375 0.6770171 0.42113701875 0.6443844203125 0.402798228125 0.6275446734375 0.3796591296875 0.6163856078125 0.3547474984375 0.6458699015625 0.34437355625 0.6382755921875 0.2614177796875 0.582277965625 0.225265053125 0.622702746875 0.1987520625 0.670343384375 0.2573974421875 0.715887590625 0.25202686875 0.7251920421875 0.26993162656249997 0.738665375 0.2899931359375 0.7515350093750001 0.2956309765625 0.7427333093749999 0.3693568859375 0.7970489 0.39906004375 0.8147721750000001 0.42777643750000005 0.7733037703125001 0.45728737812500003 0.7344775921875 0.45581007500000004 0.72136195625 0.404190234375 0.683114153125 0.4009483734375 0.6770171
0 0.26208076406249997 0.8652730625 0.324467265625 0.910449415625 0.35390914375000004 0.8709571687500001 0.3947721359375 0.8140595968750001 0.33398936562500003 0.7718995828125 0.26208076406249997 0.8652730625
1 0.2038057109375 0.9019654765625 0.28926673593749996 0.9584182531250001 0.306976675 0.963832725 0.302769821875 0.943168209375 0.3210737984375 0.9163461671875 0.30071315625 0.901700990625 0.25676229687499996 0.870581246875 0.2396532875 0.89729665 0.2038057109375 0.9019654765625
3 0.085498771875 0.7904337265625 0.23889378749999998 0.8975364609375 0.2476019328125 0.8842002109375 0.0947414875 0.7781029562499999 0.085498771875 0.7904337265625
2 0.070654284375 0.8078338359374999 0.20508833124999998 0.901187021875 0.23794808125000003 0.89669940625 0.085610040625 0.790605509375 0.070654284375 0.8078338359374999
2 0.09471051875 0.77781585 0.10983709687500001 0.78832325 0.1253912796875 0.8000710625 0.1643530125 0.8262794281250001 0.24809461718749998 0.8838835515625 0.255516146875 0.8709265921875 0.184559321875 0.8212033765625 0.1487251640625 0.79467581875 0.10378481718749999 0.7639800515624999 0.09471051875 0.77781585
2 0.3518600453125 0.9567870140625001 0.36003738125 0.9447532265625 0.333690796875 0.927067984375 0.3209420890625 0.9175746765625 0.31184160156249996 0.9303643625 0.32595796250000003 0.9390003859375 0.3518600453125 0.9567870140625001
3 0.30320553125 0.9432772875 0.34206247031250003 0.9696765109375001 0.351021125 0.9570861609374999 0.311605578125 0.9303294484375 0.30320553125 0.9432772875
2 0.304674396875 0.954338384375 0.3061856875 0.963590896875 0.3398726078125 0.9738900218750001 0.3423145890625 0.968851865625 0.334023265625 0.9645135015624999 0.325518371875 0.9589075765624999 0.3179221046875 0.9532788296874999 0.3030499265625 0.943922778125 0.304674396875 0.954338384375
5 0.3260347671875 0.6214358453125 0.33358323125 0.6268071921875 0.340745028125 0.6167425718749999 0.33441597343749996 0.610722853125 0.3260347671875 0.6214358453125
5 0.45253611875 0.6194950968749999 0.42709826250000005 0.6543538859375 0.40284586562499997 0.6816164015624999 0.43101899843749997 0.7010308921874999 0.461675659375 0.723478590625 0.49154743125 0.687132990625 0.5115679078125 0.662556 0.45253611875 0.6194950968749999