4 0.3408203125 0.3984375 0.3359375 0.4931640625 0.3370327875 0.5369525312500001 0.33876388281250003 0.5565266515625 0.3577196921875 0.558997946875 0.42118041406250006 0.554879121875 0.458267784375 0.554055328125 0.4838168890625 0.554879121875 0.484375 0.5341796875 0.484375 0.3974609375 0.417883709375 0.3942443265625 0.3408203125 0.3984375
0 0.25587296249999997 0.48098949375 0.25717154375 0.5507602687500001 0.30859375 0.5517578125 0.33497808125 0.5508149359375001 0.332923409375 0.4804760734375 0.3251953125 0.482421875 0.25587296249999997 0.48098949375
5 0.4962703609375 0.4404291296875 0.494729375 0.4055163984375 0.486510690625 0.40448955 0.48496963437499996 0.46404654843750004 0.48548332031249997 0.5497880953125 0.50397543125 0.5518417765625 0.516303528125 0.5487612375 0.513671875 0.5029296875 0.5409596515625 0.5004995578125 0.537877609375 0.44196939999999996 0.4962703609375 0.4404291296875
5 0.4267578125 0.5703125 0.4609375 0.5751953125 0.4765625 0.5654296875 0.4775390625 0.5546875 0.421875 0.5576171875 0.4267578125 0.5703125
2 0.216796875 0.4775390625 0.21617147343749998 0.484287490625 0.23644978437500003 0.484287490625 0.24827879218749999 0.48293624843750005 0.24827879218749999 0.4099694515625 0.24827879218749999 0.39172775625 0.21515754999999998 0.392403378125 0.216796875 0.4775390625
3 0.20130067187499998 0.438457871875 0.20130067187499998 0.48304867968750004 0.21650940937500002 0.48473773124999997 0.21617147343749998 0.44149815468750003 0.215495509375 0.3925158203125 0.19927284843749998 0.3925158203125 0.20130067187499998 0.438457871875
2 0.17798061406250001 0.3925158203125 0.178318596875 0.46142889218749994 0.180684403125 0.4671716609375 0.1887957453125 0.4715631765625 0.19656908281250002 0.480008396875 0.20062473125000002 0.48169744843749995 0.2009627359375 0.44724091250000003 0.19927284843749998 0.3925158203125 0.1887957453125 0.3925158203125 0.17798061406250001 0.3925158203125
1 0.2212410453125 0.5539005171875 0.23577381874999997 0.55288709375 0.2509825578125 0.55288709375 0.2499686328125 0.512355334375 0.2492926921875 0.497829546875 0.24827879218749999 0.48296594062500003 0.2388155671875 0.4849927890625 0.22462075312500002 0.48465499218749997 0.2021484375 0.482421875 0.1962890625 0.48046875 0.191161528125 0.4738450921875 0.184064109375 0.470804809375 0.17764265625 0.46337301093749994 0.177734375 0.5302734375 0.1773046734375 0.539036921875 0.179332496875 0.57687155 0.1857539984375 0.570453175 0.19521717656249998 0.5636969828125 0.20028677187500002 0.556265196875 0.20569432499999998 0.55558956875 0.2212410453125 0.5539005171875
3 0.2040776765625 0.598305584375 0.20378728281249997 0.6179474625 0.2176499 0.6172261765625 0.21698496562499997 0.562250609375 0.21747375 0.55345636875 0.20232085937500002 0.5554106375 0.2040776765625 0.598305584375
2 0.21781578437500002 0.616974890625 0.23302545624999998 0.617925034375 0.252037528125 0.6164998203125001 0.2506116125 0.5528400171875 0.21734046718750002 0.5542652390625 0.21781578437500002 0.616974890625
2 0.190248275 0.5666171421875 0.178365753125 0.5775438328125 0.17907097968750002 0.618182778125 0.190930640625 0.618182778125 0.2030814296875 0.617449978125 0.2040320625 0.5965467421875 0.2026061453125 0.555690453125 0.190248275 0.5666171421875