4 0.546246490625 0.548851271875 0.5448958328125 0.5327290062500001 0.5493812890625 0.511786078125 0.5155198296875 0.5034436328125 0.49502454062499995 0.497201121875 0.46115723593749997 0.5088942328125 0.45820188437500003 0.5252597906250001 0.46386970468750005 0.5467954921875 0.4558399859375 0.5660907374999999 0.4480976 0.5683055312499999 0.4403740015625 0.6291466156250001 0.435074221875 0.683624575 0.469831190625 0.6891881234375 0.5021413734375 0.6922211234375 0.5424222656250001 0.6965243937500001 0.55862193125 0.6894267875 0.6429518421875 0.694865478125 0.65031799375 0.6353584031249999 0.6470565234375 0.6101781203125001 0.6330015375 0.609271671875 0.6100873765625 0.5773956796874999 0.5711450609375001 0.5720414546875 0.540928015625 0.56994999375 0.546246490625 0.548851271875
0 0.46827585625 0.778290440625 0.47116114062500003 0.748529109375 0.47934470781250005 0.732910165625 0.488654434375 0.721228 0.5047025125 0.696657146875 0.439853403125 0.6867800796875 0.4540298140625 0.7188567796875 0.45262938750000004 0.7362933125 0.4523218796875 0.7553096984375001 0.4481262015625 0.7761627921875001 0.45532168124999994 0.7761305078125 0.46827585625 0.778290440625
3 0.5245959390625 0.8152370859375001 0.5463234234375001 0.8169504671875 0.57231529375 0.82268251875 0.6008945734375 0.825145153125 0.6448839234375 0.8293908671875 0.6448234125 0.8158161484375 0.6164764515625001 0.8127399640625 0.5107352125 0.797964565625 0.47139427187500005 0.7960511078125 0.4743160609375 0.8112142203125 0.5040459984375001 0.8121958390625 0.5245959390625 0.8152370859375001
2 0.469580284375 0.7951541640625 0.501404825 0.7975187640625 0.5617267203125 0.805465021875 0.6088285156250001 0.8115433921875 0.6457203171875 0.8140021718750001 0.647193178125 0.8008383546875001 0.590088365625 0.7962192734375 0.468773278125 0.7858989328125 0.469580284375 0.7951541640625
2 0.383040884375 0.777717584375 0.3812672203125 0.7858704624999999 0.4139336765625 0.78969323125 0.44708613281250004 0.7932353640625001 0.44829852968750006 0.7841103796875 0.428385015625 0.78329395 0.406787753125 0.77956118125 0.383040884375 0.777717584375
3 0.4462893375 0.8062769203125001 0.4472371640625 0.7934175703124999 0.4332126203125 0.7921573953125 0.412409975 0.7893932140625 0.3812917 0.786674921875 0.38007352499999997 0.79821295625 0.400704734375 0.798121209375 0.41828210312499997 0.801270034375 0.43521969374999997 0.8033107656249999 0.4462893375 0.8062769203125001
1 0.44347524375 0.8039617640625 0.435536071875 0.8149477578125 0.42084942812500004 0.83130684375 0.45387164531249996 0.8339108953125001 0.47282747968749994 0.8377412984375001 0.4718141921875 0.82404419375 0.47173168906249996 0.8162722234374999 0.47351892187500005 0.809602178125 0.471265071875 0.79579708125 0.46901826093750004 0.790199465625 0.468363178125 0.7856528359375 0.4489961734375 0.7845222265625 0.44698209218749996 0.795534771875 0.44347524375 0.8039617640625
2 0.5923190265625 0.8229262828125 0.55246159375 0.8178663015625001 0.510273659375 0.8121818296875001 0.472647728125 0.8092808937499999 0.4738742484375 0.82334735625 0.47150615625 0.838011696875 0.5280154453125 0.84035250625 0.5703023203125 0.844502384375 0.6062049468749999 0.8480148640625 0.6265566 0.8489604265624999 0.6397434484375 0.8521816812499999 0.642861446875 0.8277271640625001 0.6266625515625 0.8252599125 0.609613521875 0.824621815625 0.5923190265625 0.8229262828125
2 0.400285696875 0.797993678125 0.379777165625 0.7981447125 0.3756763453125 0.8305712859375 0.39056386875000004 0.8303256703124999 0.41987415625 0.8328860109375 0.433792834375 0.8165003593750001 0.44210780468750005 0.8039066359374999 0.417036909375 0.8000119703124999 0.400285696875 0.797993678125
5 0.5440835374999999 0.5366244265625 0.5448643484375 0.5543259546875 0.543298440625 0.5704779921875 0.5695896265625 0.5719989625 0.6112580859375 0.5762593859375 0.6148502078125 0.54223726875 0.5853158671875 0.5364432921875 0.5593539328125 0.5328906796874999 0.5440835374999999 0.5366244265625
5 0.461614184375 0.232808034375 0.45717956718749997 0.2527946734375 0.46882914218750005 0.259138496875 0.4804029953125 0.2609788671875 0.486026365625 0.2453282046875 0.482120115625 0.23856238125 0.4727808984375 0.235800253125 0.461614184375 0.232808034375