4 0.6024894203125 0.36287021249999996 0.6298127499999999 0.32783810625 0.5735910921875 0.27541056406250003 0.5327314000000001 0.292480559375 0.45986386718750005 0.35975583437499997 0.41110901406249994 0.42779005937500003 0.5254794265625 0.5371127578125 0.547948640625 0.5473833921875 0.66097823125 0.42044634375 0.646308390625 0.3960842515625 0.6024894203125 0.36287021249999996
6 0.511098778125 0.5210320234375 0.4740079203125 0.48777952031250005 0.451508040625 0.5162034296875 0.4885506984375 0.5480757046875 0.511098778125 0.5210320234375
0 0.724674584375 0.3449808015625 0.6921406625000001 0.283930971875 0.64937116875 0.3254998984375 0.6716169234375 0.368944171875 0.6644923296874999 0.402358803125 0.6727736890625 0.4020696109375 0.724674584375 0.3449808015625
1 0.725393165625 0.24684011562500002 0.7014166609375 0.27255176875 0.7016576531250001 0.27945290312500004 0.7326185546875 0.3350300234375 0.7525507765625 0.31222341875000004 0.776014628125 0.31140404374999997 0.7811499468750001 0.3001694359375 0.743993359375 0.2254619359375 0.73404258125 0.2175179671875 0.725393165625 0.24684011562500002
6 0.614420853125 0.3615381578125 0.6574321671875001 0.4052064625 0.6661537078124999 0.3652862046875 0.6425666765625 0.32371359375000003 0.6281551171875 0.3511151546875 0.614420853125 0.3615381578125
2 0.6552382031249999 0.13735529062500001 0.642719765625 0.13502862499999999 0.7005936515625 0.271039678125 0.7159454125 0.262218796875 0.6552382031249999 0.13735529062500001
2 0.7355718015625 0.34045453281250004 0.7503380390625 0.36757707968750003 0.782162821875 0.4147347359375 0.7980111812499999 0.39391847812499997 0.7434193734375001 0.3277433015625 0.7355718015625 0.34045453281250004
3 0.6690706093750001 0.10808776093750001 0.649345425 0.1235090140625 0.7133567140625 0.258315715625 0.722729109375 0.24969696562500002 0.723723746875 0.23860695468749998 0.6690706093750001 0.10808776093750001
2 0.7697400765625 0.3295879828125 0.8046006640625001 0.378119375 0.8225436109375 0.37749279375 0.7885812640625 0.3151109359375 0.7664494390625001 0.31450188749999997 0.7697400765625 0.3295879828125
3 0.8059188359375 0.381640275 0.7592662734375 0.313219625 0.746131628125 0.326266678125 0.8000308734375 0.39750665 0.8059188359375 0.381640275
2 0.6795926890625 0.09298332499999999 0.6693603265625 0.1064601203125 0.7254328812499999 0.242514940625 0.7337883546875 0.21827106093749998 0.6795926890625 0.09298332499999999
5 0.611421534375 0.5050914875 0.5987103031250001 0.49724391562500003 0.5935267859375 0.5070982953125001 0.60618981875 0.5135656421875 0.611421534375 0.5050914875
5 0.6132880859375 0.2023880703125 0.5965807703125 0.19882577343750002 0.594061309375 0.205823303125 0.6067243421875 0.21229065 0.6132880859375 0.2023880703125