4 0.44745241875 0.5850317453125 0.4623173484375 0.586512859375 0.4564225921875 0.6224944359375 0.4651904671875 0.6272174109375 0.5200045390625 0.6449969375 0.5298371578125 0.6428971546875 0.5395448109375 0.6111448484374999 0.5574969328125 0.612548628125 0.5968985890625 0.48367162031250005 0.593656728125 0.47757456718749997 0.5034321187499999 0.452032503125 0.49684136093750003 0.4602293390625 0.4122201 0.43640039062499997 0.3663050203125 0.576561428125 0.4392258796875 0.6019191234375 0.4477617546875 0.59738051875 0.44745241875 0.5850317453125
0 0.6003334578125 0.47976348125 0.598233440625 0.4902857671875 0.6257002 0.5009160796875001 0.6388234781250001 0.505486484375 0.6523300187500001 0.5051501046875 0.6631037265625 0.487573628125 0.6803806203125 0.431668053125 0.6652152859375 0.42388464531250003 0.5795229749999999 0.37794586093750004 0.5591086359374999 0.4302495546875 0.551245778125 0.4357285359375 0.5366752453125 0.434064971875 0.5152239453125 0.4275066515625 0.5110809046875 0.4374043625 0.5093640781250001 0.44301984531249994 0.5063986359375 0.4527193703125 0.6003334578125 0.47976348125
1 0.609757078125 0.3576038265625 0.5914837875 0.3497842484375 0.584148234375 0.37377776093750004 0.6512400781250001 0.40824523749999997 0.6779689609374999 0.423115690625 0.676961984375 0.409968825 0.6824671671875 0.393788959375 0.6677690640625 0.3870624421875 0.609757078125 0.3576038265625
3 0.759106578125 0.45182947812499996 0.7626112828125 0.4367126609375 0.6811746609375 0.395064865625 0.6782955890625 0.409260109375 0.6901988703125 0.4123411015625 0.7308029078125 0.43480291718749997 0.759106578125 0.45182947812499996
2 0.62898378125 0.3586848453125 0.6201706140625001 0.36190399375000004 0.6348191296875 0.369659540625 0.7573052312499999 0.433973996875 0.764299609375 0.4366706171875 0.771209475 0.41589625156250004 0.6492973890625 0.3557046890625 0.6399584765624999 0.3528494953125 0.62898378125 0.3586848453125
2 0.6850351906250001 0.425859465625 0.734080821875 0.44920229375 0.7544524859374999 0.4593366625 0.7587812406250001 0.45061357187500006 0.692768025 0.4139270625 0.6776626390625 0.4079501671875 0.6772464031250001 0.41954547187499996 0.6850351906250001 0.425859465625
2 0.3520326421875 0.2531106359375 0.400233915625 0.278537159375 0.47529206718749994 0.317589278125 0.49342383125 0.3130848 0.4308861734375 0.2783350109375 0.362659265625 0.2457533796875 0.3535934015625 0.248005625 0.3520326421875 0.2531106359375
2 0.3616807921875 0.22703305624999998 0.491445934375 0.294169271875 0.5014332203125 0.298243875 0.506233528125 0.2925631921875 0.49277238125 0.27312995624999997 0.42823272812499996 0.2370592703125 0.3858447640625 0.22205760312499997 0.3616807921875 0.22703305624999998
2 0.20462867187499997 0.61353315625 0.221046715625 0.6185526546875 0.33317810625 0.24067602500000002 0.3233454890625 0.24277580781250002 0.31260279375 0.2578727375 0.29360385624999996 0.3133351796875 0.20867378906249998 0.5978091937500001 0.20462867187499997 0.61353315625
6 0.22897472031250002 0.6117734390625 0.23647985781249997 0.6146262234375001 0.3232266765625 0.3366883515625 0.34651275937500003 0.26020491875 0.3396744921875 0.25699780156249996 0.3225061640625 0.3131528703125 0.296399003125 0.39671876250000004 0.22897472031250002 0.6117734390625
3 0.5185687453125001 0.3249608328125 0.51372424375 0.3062918359375 0.473485621875 0.28578635 0.3713436734375 0.233073575 0.3611882890625 0.22757511875 0.34465090468750004 0.22853275312500002 0.33165248125 0.23539220468750002 0.3358122390625 0.24096093437500002 0.33260530625 0.24505871406250002 0.3495725015625 0.252199278125 0.3586272265625 0.24559237031249997 0.492358515625 0.3122599578125 0.5185687453125001 0.3249608328125
5 0.4211723453125 0.423819615625 0.426359321875 0.4335749015625 0.44682759843750003 0.43676913125 0.4681286171875 0.42387902187500004 0.46629053750000005 0.39982984843749997 0.4364060140625 0.39069323125 0.43030896093750004 0.3939350921875 0.4211723453125 0.423819615625