4 0.2846302140625 0.5185212234375001 0.360095378125 0.5880039640625 0.3657025328125 0.5889963140625001 0.37429778125 0.579915753125 0.389803425 0.5923996578125 0.3863181671875 0.5958369125 0.4869883078125 0.6801948921875 0.4938768265625 0.6797132 0.6133328140625001 0.5467603921874999 0.5337345375 0.47756666562500005 0.5240906109375 0.478241034375 0.50999559375 0.49445549843750003 0.4990703015625 0.496603909375 0.3859544109375 0.403449596875 0.2846302140625 0.5185212234375001
5 0.678971459375 0.475717353125 0.7059764687500001 0.44614017187500005 0.7081538453125 0.4376812734375 0.677487975 0.41490571249999997 0.6478238968750001 0.44605327499999997 0.6486909421875 0.4584526078125 0.6693275328125 0.47639172187499995 0.678971459375 0.475717353125
0 0.2861442890625 0.6266261796875 0.30259636562500003 0.6422333453125 0.320179065625 0.6190038921875 0.3327843265625 0.6045032 0.34627825 0.577719425 0.2993946328125 0.536311321875 0.27820809375 0.5629358 0.2488442953125 0.5974657296875 0.2861442890625 0.6266261796875
1 0.2652655171875 0.6926848046875 0.2631259359375 0.6861577921875 0.2983946125 0.647066909375 0.276415384375 0.6273079046875 0.2517534640625 0.6091335203125 0.24464256562500003 0.6022992687500001 0.21015581718749998 0.64347316875 0.193768734375 0.6488113796875 0.2424603796875 0.68760286875 0.2622920796875 0.7051139640625 0.2652655171875 0.6926848046875
3 0.22557301875000002 0.624236271875 0.2008626375 0.6053669187499999 0.1924105890625 0.61433914375 0.2028668890625 0.6240814640625 0.2162483515625 0.6357137921875 0.22557301875000002 0.624236271875
2 0.175183378125 0.6326553765625 0.1937328046875 0.6481127140625 0.2049349578125 0.6459248109375 0.212150953125 0.6416327093749999 0.2157646046875 0.6359541859375 0.19212731562500002 0.6149655968750001 0.175183378125 0.6326553765625
2 0.23675902343750002 0.612310028125 0.244455853125 0.600920065625 0.22853915625000001 0.5875121890624999 0.225591071875 0.5849494578125001 0.22173568124999998 0.58293371875 0.209508065625 0.5969999796875001 0.20230250156250001 0.6052890328125 0.216146396875 0.617764384375 0.22132147343750003 0.620940021875 0.22530651562499998 0.6239631578125 0.23675902343750002 0.612310028125
2 0.29516006875 0.6493067390625 0.279783684375 0.66699524375 0.2802653765625 0.6738837625 0.283020784375 0.6736910859374999 0.29776120625 0.6865047390625 0.4431204234375 0.8095986421875001 0.4652885390625 0.7858635015625001 0.3099961109375 0.65789334375 0.2992931796875 0.6490177234375001 0.29516006875 0.6493067390625
3 0.2784837578125 0.6710599359375 0.2710068046875 0.680068946875 0.2887916484375 0.696823034375 0.3663326140625 0.7631159328125 0.43341833125000007 0.8206312640625001 0.4424752484375 0.8102124734375 0.41295497968749995 0.78497626875 0.382012940625 0.7589295453125 0.2859928453125 0.6775874859375 0.2784837578125 0.6710599359375
2 0.26426215000000003 0.6864143312500001 0.26654062968750003 0.692374696875 0.2642008125 0.7007873124999999 0.2624151265625 0.7057019796875 0.2796573109375 0.7201929421875 0.3062841609375 0.7433393109375 0.352665646875 0.7826631765625 0.4168355859375 0.838445253125 0.4237691609375 0.8310411625 0.43316582812500004 0.82080365 0.35331785781249997 0.7538801640624999 0.32151831406250003 0.72524233125 0.2894724796875 0.6968878390625 0.2697178734375 0.680710334375 0.26426215000000003 0.6864143312500001
6 0.3801974 0.603450125 0.36070169375 0.6024214171875 0.3511200421875 0.59856933125 0.3453193234375 0.5955166671875001 0.341168834375 0.58942140625 0.33597108124999997 0.5993819828125 0.3359472265625 0.6022933312500001 0.3445066859375 0.606749221875 0.353558759375 0.6106384234375 0.37652755781249997 0.6156811578125 0.388092053125 0.6212569015625 0.397717140625 0.6310597265625 0.40546968281250007 0.6338757484374999 0.4136102421875 0.6285157875 0.41200483437499996 0.6176006703125 0.39948377343749997 0.6052917765625 0.389606675 0.608644715625 0.3801974 0.603450125
5 0.40492428125 0.41735193906249995 0.4076796890625 0.41715926249999996 0.4548490375 0.4581629515625 0.4589821484375 0.4578739359375 0.48195038593749995 0.4299634734375 0.41856657343750003 0.37486476562500004 0.3928429296875 0.4029679046875 0.39313194375 0.407101015625 0.40492428125 0.41735193906249995