4 0.49261207812499996 0.5405451921875 0.3587477046875 0.606921734375 0.4422481203125 0.77589525 0.558964484375 0.7211419265625 0.5735439125 0.7042523359375 0.49261207812499996 0.5405451921875
5 0.39008418906250003 0.308054796875 0.2786657828125 0.3591289609375 0.313331575 0.42915200000000003 0.4216109140625 0.3781894453125 0.41108246875 0.34887994375 0.39008418906250003 0.308054796875
0 0.523812271875 0.74263290625 0.5005416968749999 0.75506925 0.5542476140625 0.8451333343749999 0.5626183390625 0.8377910828124999 0.5266582046875 0.764061884375 0.523812271875 0.74263290625
6 0.32601593125 0.60441515625 0.3971334796875 0.567555759375 0.4136165078125 0.57907390625 0.4820793359375 0.545682353125 0.47612905000000005 0.5290270453125 0.4709488171875 0.5228614109375 0.3217349625 0.5956378703125 0.32124226093749997 0.6013108046875 0.32601593125 0.60441515625
0 0.27988270625 0.370897034375 0.22975202499999997 0.3953474015625 0.2502128890625 0.4372983921875 0.29029554062499996 0.42000653750000005 0.278818184375 0.3872211546875 0.27988270625 0.370897034375
2 0.703092775 0.8540260984374999 0.710329953125 0.828765784375 0.7030738421875 0.8116608453125 0.486296421875 0.91521720625 0.5037837875 0.9577547390625 0.5129245640625 0.9609021609375 0.581344321875 0.9318777171875 0.5849413765625 0.9214311140625 0.593632521875 0.9258843625000001 0.705125584375 0.8693325109375 0.7117839203125 0.858479346875 0.703092775 0.8540260984374999
2 0.4573007484375 0.928978165625 0.4450216453125 0.9375213109375 0.4267994203125 0.9404679437500001 0.45705142499999996 0.957730603125 0.460155778125 0.9529569328124999 0.4573007484375 0.928978165625
2 0.233886371875 0.4689865390625 0.22744338593750002 0.4580041640625 0.21736027500000002 0.46183550156250003 0.203273546875 0.4730521578125 0.20616255 0.490114028125 0.33193687656250004 0.7569004406250001 0.41421760625 0.9166901078125 0.42074673437500004 0.9189382671875 0.44185528906249993 0.9042968359374999 0.4406786734375 0.8907458796875 0.233886371875 0.4689865390625
2 0.2017575765625 0.4053404515625 0.186795721875 0.372436396875 0.1623295984375 0.32895653125 0.145224659375 0.3362126421875 0.138523253125 0.351432915625 0.1676338359375 0.4111184578125 0.1750191578125 0.4151220734375 0.2017575765625 0.4053404515625
2 0.13049648125 0.33989687343749997 0.1499871171875 0.2942651515625 0.11806393125 0.312093040625 0.13049648125 0.33989687343749997
3 0.46118424999999996 0.937243959375 0.4775380703125 0.9618634281249999 0.501535628125 0.9642838671874999 0.5020714 0.954243825 0.4827855078125 0.9169295937499999 0.46086382812500004 0.9254484609375 0.46118424999999996 0.937243959375
3 0.7062187 0.79854143125 0.716886409375 0.7741468109375 0.41939783906250006 0.9228557437499999 0.4327765140625 0.939147559375 0.7065978890625 0.806258946875 0.7062187 0.79854143125
3 0.4167724578125 0.7904936109375 0.3957311078125 0.7540355734374999 0.37929115 0.7381503203124999 0.36323881875 0.6829610953125 0.24508409687500002 0.4407080125 0.22977768437499999 0.442740821875 0.22834264843750002 0.45539251406250003 0.3121634859375 0.6361615281249999 0.45144569843750004 0.9061384328125 0.46598205625 0.89361595 0.4167724578125 0.7904936109375
3 0.168796721875 0.29320654375 0.1648361765625 0.2962247578125 0.15663773125 0.28609857656250004 0.147860446875 0.29037954374999997 0.20351303281250002 0.4044842578125 0.210042159375 0.40673241562499995 0.2245354484375 0.3985770421875 0.1667208421875 0.2822672390625 0.161904103125 0.2835299953125 0.168796721875 0.29320654375
1 0.2437782703125 0.44025838124999994 0.22408581718749998 0.3998828671875 0.17150824375 0.4168344609375 0.1949889640625 0.47166019375 0.2111946390625 0.4670157328125 0.22703682343749998 0.45494288281250006 0.2288784203125 0.44535247343749995 0.2437782703125 0.44025838124999994