4 0.4862472078125 0.54818594375 0.4664305625 0.5196595671875001 0.42130626250000003 0.46995789062500004 0.2997207046875 0.5788494484375 0.3214039890625 0.6015853203125 0.3667534546875 0.6533542359375 0.3768790734375 0.6471400859374999 0.4862472078125 0.54818594375
5 0.6594782140625 0.311323515625 0.6283384796875 0.33765275625 0.5901425062500001 0.3686357359375 0.6172826890625001 0.39675375625 0.6222154734374999 0.40540533125 0.6249906546874999 0.4138323234375 0.647509221875 0.4371827234375 0.667961375 0.4334657296875 0.6997522359375 0.40528946875000005 0.723826671875 0.3819424 0.6594782140625 0.311323515625
0 0.5325010203125 0.42128293125000005 0.5449003546875 0.42214997812500005 0.5715294515625 0.3977076984375 0.5650262859375 0.3917151921875 0.5325010203125 0.42128293125000005
0 0.350760634375 0.6840780375 0.3433007625 0.6815374015625 0.3374202703125 0.6779132625 0.3679244765625 0.6552183281249999 0.3412777515625 0.6263963765625 0.315644890625 0.647236434375 0.304584221875 0.658293575 0.3219251953125 0.6806772265625 0.324198909375 0.687758421875 0.3311982671875 0.6958799484375 0.3412420125 0.7014101546875 0.3512712921875 0.696573709375 0.5249192500000001 0.549505715625 0.5323858 0.5417211859375 0.535112240625 0.522529671875 0.488983090625 0.4694641546875 0.5082419765624999 0.45142870312500005 0.5975740875 0.37686873125 0.5902407546874999 0.3691685921875 0.4811985609375 0.46199760625 0.47025814375 0.4600327875 0.4594378703125 0.46304104218750003 0.46414183124999997 0.469188228125 0.47213968125 0.48206858906249994 0.48241921093749995 0.49168594218750006 0.489340515625 0.5003839921875 0.4950901609375 0.49498886875 0.5046741671875 0.504129621875 0.5239356093749999 0.5294279296875 0.5168903890625 0.5382822546875 0.5014293296875 0.5516560125 0.48931743125000005 0.5496232734375 0.369733121875 0.654315209375 0.3699231828125 0.6674202890625 0.350760634375 0.6840780375
5 0.4894237421875 0.5008449796875001 0.4576377375 0.46197861875 0.4450978859375 0.45388006093750005 0.44153416874999996 0.4550706796875 0.42339274375 0.46974815937500003 0.46750842031250006 0.51918679375 0.473797759375 0.513928459375 0.4894237421875 0.5008449796875001
2 0.2276770609375 0.7217926 0.223278596875 0.7278244484374999 0.2836707546875 0.7981596734374999 0.3122678 0.7750808484375 0.24887741718749998 0.7055717328125 0.2276770609375 0.7217926
2 0.2158036015625 0.713405253125 0.21727764375 0.7121238875 0.22003305156250003 0.7123165640625 0.2362475140625 0.6982215453125 0.236343853125 0.6968438421875 0.2365365296875 0.694088434375 0.22372287656249998 0.6793480125 0.22234517343750002 0.6792516749999999 0.21792304687500003 0.6830957703125 0.21773037031250003 0.685851178125 0.2029899484375 0.69866483125 0.202893609375 0.700042534375 0.214425896875 0.7133089140625 0.2158036015625 0.713405253125
3 0.31298465468750003 0.7506795828125 0.284655690625 0.7190710046875 0.262233540625 0.694110115625 0.2423984984375 0.671123878125 0.22476334531250003 0.6779175390625001 0.237969321875 0.6957626015625 0.21519628906250002 0.715970684375 0.2232885625 0.726048575 0.2287535765625 0.7212979109375001 0.24206580781249998 0.7097257640625 0.2467874515625 0.705880771875 0.250666509375 0.7063148453125 0.278327803125 0.7363277296875 0.2996005921875 0.7615223875 0.3131288109375 0.7760430625 0.32697020625 0.765928990625 0.31298465468750003 0.7506795828125
0 0.2712681375 0.692363784375 0.2743125609375 0.68842335 0.2762682953125 0.680253465625 0.268580103125 0.6714092125 0.2589361765625 0.67073484375 0.257462134375 0.672016209375 0.254706728125 0.6718235328125 0.25175864375 0.6743862625 0.2519476375 0.6801300796875 0.2637515828125 0.69488349375 0.27117179999999996 0.6937414875 0.2712681375 0.692363784375
2 0.276458259375 0.6805135484375 0.2748712578125 0.68652660625 0.2711716859375 0.6935584234375 0.2639298484375 0.6949475921875 0.3101650671875 0.74688094375 0.3266496828125 0.765530746875 0.3403926515625 0.752493934375 0.3269713875 0.7379951828125 0.28139375625 0.686149634375 0.276458259375 0.6805135484375
5 0.3998002625 0.665850040625 0.37667295312500004 0.6879712734375001 0.3892402546875 0.698561134375 0.5217416640625 0.583379415625 0.5065938796875 0.5736881125 0.3998002625 0.665850040625
6 0.6604580078125 0.25800081874999997 0.5972498500000001 0.3140441296875 0.5433352218749999 0.363106028125 0.54702816875 0.3774525640625 0.55493265625 0.3903326921875 0.5651494390625 0.3869378921875 0.613030253125 0.348607621875 0.659742984375 0.31019545625 0.7366764640625 0.3936482421875 0.762220315625 0.37254060624999996 0.6604580078125 0.25800081874999997