4 0.4637231640625 0.3982027921875 0.39411063749999997 0.38601693125000003 0.38602823124999996 0.4241364484375 0.3784498375 0.45966304999999996 0.37186125468750003 0.48663666875 0.435009703125 0.5009296484375 0.429536940625 0.5187020171875 0.4257932515625 0.5448832234375 0.472523240625 0.554349490625 0.5086406015625 0.5616598390624999 0.5338749390624999 0.566275053125 0.5676129859375 0.5718382234375 0.589017009375 0.49243214062499996 0.5910645015625 0.44607262812500004 0.474112825 0.423339525 0.46188776093749995 0.4180276765625 0.4637231640625 0.3982027921875
0 0.4281875828125 0.2453147734375 0.416613521875 0.30831900624999997 0.40111515468750003 0.38805119375 0.445320740625 0.39597116718750003 0.46557079375 0.284871975 0.4714929328125 0.25440520312500003 0.4281875828125 0.2453147734375
6 0.46125774531249997 0.42126882187500003 0.52219126875 0.4331130984375 0.591836784375 0.44721758593749994 0.594809671875 0.42637431406250004 0.5338761109375 0.41453002968749997 0.536414403125 0.40493259843749996 0.4954499640625 0.397642640625 0.44812921406250006 0.38844441875 0.44778765312499996 0.3971234078125 0.46179666875000003 0.401191928125 0.46125774531249997 0.42126882187500003
1 0.4353894625 0.23595113125 0.47208651875 0.244429759375 0.48413115624999997 0.22053485468749998 0.43070614375 0.2081319203125 0.4353894625 0.23595113125
6 0.74475538125 0.3193346 0.746810646875 0.3110992375 0.66605074375 0.29403770156250003 0.47174493906250003 0.2531087453125 0.47059261093750004 0.2614980890625 0.62087840625 0.29269338125 0.6658322875 0.3021756375 0.74475538125 0.3193346
2 0.715533725 0.2709346203125 0.6021000375 0.24661301249999998 0.5545369609375 0.23645875312500003 0.4824503421875 0.2215376 0.4709443953125 0.2456601359375 0.603731703125 0.273289240625 0.755081915625 0.3036176765625 0.7597636859375 0.27953205468750003 0.715533725 0.2709346203125
5 0.3647678671875 0.531370575 0.4255909578125 0.5425634374999999 0.43361488281250005 0.5012839203125 0.373027775 0.4888770296875 0.3647678671875 0.531370575
6 0.36367175625 0.5305275640625 0.3724207234375 0.48875903125000003 0.39248051875 0.3855603296875 0.40219333749999997 0.3874483109375 0.40632329531250005 0.36620152031250003 0.37961304375 0.3610095734375 0.373696046875 0.38820887656249997 0.3701901984375 0.41272692343750006 0.35872725625 0.46845763125 0.34739937187500003 0.5267345453125001 0.36367175625 0.5305275640625
6 0.4258512453125 0.25439868906249996 0.4279684296875 0.24511559218749998 0.3465530015625 0.22793838593750002 0.34486516875 0.2366215359375 0.3704594734375 0.24242545468749999 0.4258512453125 0.25439868906249996
2 0.3414861984375 0.21951495312499997 0.4353596421875 0.2377621015625 0.43398706093749995 0.225211865625 0.430233475 0.20965740937500002 0.389169459375 0.20082824062500002 0.346801671875 0.1921692109375 0.3414861984375 0.21951495312499997
3 0.7606570375 0.3198285984375 0.685776821875 0.6758406124999999 0.663912596875 0.7801493234375 0.680340553125 0.782813040625 0.7741167875 0.3276194421875 0.783459428125 0.3255407375 0.7916365375 0.32781981718750003 0.7982449828125 0.33462124375 0.8007178109374999 0.32544738125 0.8009294640625001 0.3154891859375 0.8005785421875 0.31197292656250003 0.77808426875 0.3072085234375 0.755632190625 0.30284428124999996 0.75357794375 0.318861103125 0.7606570375 0.3198285984375
2 0.6955277234375 0.592970453125 0.667622859375 0.729388465625 0.6574695296875 0.7787667421875 0.6639927812499999 0.7798840515625 0.7611663578125001 0.3204232609375 0.7530765859375 0.318705009375 0.7128263796875001 0.5111165953125 0.6955277234375 0.592970453125
2 0.799347634375 0.3322237125 0.7866694234375 0.32644705625000003 0.7746564265625 0.32576809687499997 0.6951430625 0.7090445390625 0.6808419 0.782841840625 0.703183575 0.787184621875 0.714188784375 0.7390878609375 0.7772787078125 0.43723848906249996 0.799347634375 0.3322237125