4 0.47429632968749996 0.43359211093749994 0.47215130937499994 0.45887807968749994 0.463568415625 0.553607115625 0.528197009375 0.5587506624999999 0.5503512296874999 0.5779208859375 0.6323188984375 0.5816947296875 0.641427159375 0.5774369046875 0.6443292281249999 0.5639345765625 0.6565644046875 0.5569585671875 0.6664015203125 0.5282780296875 0.6599186375 0.484973646875 0.6707490546875 0.4835843140625 0.67375541875 0.4789645171875 0.692559275 0.478669428125 0.6946393718749999 0.44124803437500004 0.6972422921875 0.39634982343749997 0.686288609375 0.391827178125 0.6789239234375 0.38970220625 0.48590460625 0.3795828 0.4767963453125 0.3838406234375 0.47429632968749996 0.43359211093749994
5 0.37210278125 0.5370670718749999 0.378541240625 0.5463556078125 0.397383915625 0.553519109375 0.41711766250000004 0.5549295937500001 0.46222345000000004 0.554166028125 0.4643135015625 0.5242769109375 0.4706303296875 0.437182575 0.4579737328125 0.43629754062500004 0.44211307031249997 0.4084793140625 0.410002446875 0.394787159375 0.38668954218749996 0.4007881078125 0.3815649609375 0.41950775625 0.3918938515625 0.4354923140625 0.39013209843749996 0.4459603546875 0.3748241625 0.45011351250000003 0.3713619171875 0.4622772015625 0.380335828125 0.4740047703125 0.36821316875 0.497968746875 0.36541427656250003 0.519320084375 0.37210278125 0.5370670718749999
0 0.695218890625 0.45260246249999997 0.6897913359375 0.4831578 0.67472680625 0.4821043859375 0.6625249734375 0.48717485156249996 0.6648518125 0.5103742375 0.6664015203125 0.5282780296875 0.6585998625 0.552719284375 0.7079065 0.55353439375 0.763016346875 0.5560716328125 0.7656773171875 0.4897806828125 0.7052360328125 0.48818696250000004 0.70578564375 0.480327159375 0.7040817625 0.46704419531249997 0.695218890625 0.45260246249999997
1 0.7714294703125 0.5522644015625 0.772969109375 0.5582457468750001 0.80024625 0.56015315 0.8205883453125 0.5772387625000001 0.82979774375 0.58010011875 0.8353235375000001 0.5205112640625 0.8355550609375 0.4892011453125 0.8373366984375 0.4722880546875 0.8029301484375001 0.49377241875 0.774474459375 0.4947194453125 0.7714294703125 0.5522644015625
2 0.809530478125 0.3861304484375 0.8093335749999999 0.40219915625 0.8032072984375 0.494679696875 0.8166420343749999 0.4837906328125 0.82871529375 0.47501760156249995 0.83148111875 0.463463640625 0.833130946875 0.386935834375 0.809530478125 0.3861304484375
3 0.7854110921874999 0.4951021703125 0.8057848109375 0.4965268390625 0.8093760109374999 0.38417338437500004 0.7940667625 0.3825316015625 0.7854110921874999 0.4951021703125
3 0.7843282453125 0.559261359375 0.7815172015625 0.648381525 0.7959485546875 0.6493906640625 0.8015347359374999 0.5608870140625 0.7843282453125 0.559261359375
2 0.7729100140625 0.4929835640625 0.7851012421875 0.49383605781249995 0.7922623109375 0.40351058906250004 0.792803165625 0.3836934109375 0.7797711656249999 0.3827821234375 0.7750354046875 0.4686302390625 0.7729100140625 0.4929835640625
2 0.7696583109375 0.5775931765625 0.7667750921875001 0.64717033125 0.7805890703125 0.64898121875 0.78435764375 0.5588409546875 0.7709052562500001 0.557900271875 0.7696583109375 0.5775931765625
2 0.8004234578125 0.5856181671875 0.797492778125 0.6488958609375 0.8125679281249999 0.6507949390625 0.8217870453125 0.6518620625 0.8259730890625001 0.5799162625000001 0.8205883453125 0.5772387625000001 0.815336996875 0.574948028125 0.8130673625 0.5727970546875001 0.80195510625 0.560916409375 0.800623440625 0.5739191546875 0.8004234578125 0.5856181671875
5 0.433339653125 0.40331762031249996 0.4425365171875 0.41179230625 0.4496964109375 0.4073982375 0.4418143375 0.39412075625 0.43492693125 0.3946180890625 0.433339653125 0.40331762031249996