4 0.395806 0.347875134375 0.3919831421875 0.365281828125 0.40733306875 0.3811771421875 0.42295568906250003 0.3814498359375 0.4383737890625 0.3934394953125 0.4624691296875 0.40299894375 0.4869558703125 0.40796145624999997 0.491752721875 0.41292874062499996 0.489390853125 0.436328584375 0.5233778578125 0.44766565468749997 0.5712100312499999 0.5051498203125 0.5902220640625 0.47911047343749996 0.5981089515625 0.459821740625 0.6063122796875 0.44362840468750003 0.620537078125 0.42103694843749995 0.630642084375 0.40167910625000003 0.6297849734375001 0.3948271671875 0.528096653125 0.3451933390625 0.549680015625 0.33970981093749997 0.5881812953125001 0.2602915296875 0.4729595296875 0.202607784375 0.44178740312500003 0.25382937031249997 0.40725995312499996 0.32941016875 0.395806 0.347875134375
5 0.572101228125 0.5100489328125 0.5396530687500001 0.46650725312499997 0.5232415109375 0.45547696406249993 0.45602729374999995 0.5011858765625 0.4470861796875 0.509820209375 0.44790920312500004 0.5186249765625 0.499510684375 0.5839886265625001 0.5194139140625 0.5628483921874999 0.5500065640625 0.544824875 0.572101228125 0.5100489328125
0 0.2864914265625 0.30972134375000004 0.278625475 0.3166219265625 0.3377179546875 0.396566096875 0.3597834734375 0.4194156109375 0.3806730484375 0.449095709375 0.4190092765625 0.49332909531249997 0.44549153906249994 0.5076526921875 0.45651737812500004 0.49992435 0.48407330625 0.4810985078125 0.5015558875 0.46681897499999997 0.5183764859375 0.454415334375 0.517519375 0.44756339375 0.48743802656249996 0.4362944984375 0.4911781890625 0.41439110156250003 0.4774594453125 0.406230840625 0.455710134375 0.40436608593749995 0.42096877499999996 0.3833685765625 0.40729898125 0.38312996875 0.38040252343750003 0.357265996875 0.36187442812500004 0.334906628125 0.3415209203125 0.3097990390625 0.3324919359375 0.3165720421875 0.3068155625 0.28444086875 0.2864914265625 0.30972134375000004
3 0.3330425828125 0.21806720624999998 0.3406707859375 0.1781015375 0.3263016609375 0.1788407796875 0.32149609218749997 0.20680095937499998 0.2952260125 0.2575059703125 0.28770762968749997 0.2628202546875 0.3002983625 0.27888155625 0.3155424875 0.256375475 0.3248904453125 0.23616154531250003 0.3330425828125 0.21806720624999998
2 0.296745253125 0.2555523046875 0.30884585000000003 0.231453153125 0.321733 0.20716682031250003 0.32339683125 0.1951479296875 0.325806771875 0.17883214218750002 0.304995390625 0.1799540328125 0.3021723375 0.19474312656249998 0.2888763015625 0.22422695468749998 0.272918953125 0.2479516265625 0.2881448859375 0.2630811296875 0.296745253125 0.2555523046875
1 0.3035403359375 0.2789381453125 0.2728804890625 0.24870013281249997 0.2421910578125 0.2768772328125 0.25427829687500003 0.293424740625 0.274240559375 0.31258502187500004 0.28570249062499997 0.2989637484375 0.3035403359375 0.2789381453125
5 0.583519996875 0.3313497984375 0.5583928265625 0.3244755921875 0.5450591859375 0.3509754203125 0.59656495 0.3781119625 0.6323896734375001 0.3960639359375 0.64945786875 0.3825005140625 0.6468100921875 0.37070655937499997 0.6470827859375 0.3550839390625 0.63136034375 0.341590775 0.61515086875 0.337922475 0.6014129015624999 0.34158952187499997 0.5913086890625 0.33891141875 0.583519996875 0.3313497984375
5 0.41846067500000006 0.303234475 0.403394271875 0.298997878125 0.38043661093750003 0.3553131703125 0.3893954359375 0.3636047671875 0.41846067500000006 0.303234475
2 0.2418614609375 0.27697565 0.2328267984375 0.283263775 0.22382674531250002 0.28756917656250003 0.23787690625 0.30640819375 0.2473899484375 0.3011200484375 0.2544505546875 0.294301653125 0.2418614609375 0.27697565
3 0.2603121546875 0.29936228125 0.2549375859375 0.29480596875 0.2378812328125 0.3061603453125 0.2473263078125 0.3189689359375 0.250830659375 0.3170467796875 0.2581242984375 0.312156328125 0.2620981265625 0.3083188453125 0.2656737578125 0.30466214062499997 0.2603121546875 0.29936228125
2 0.25388767031250004 0.31509732968750004 0.24795745624999999 0.31901343125000003 0.2517177609375 0.32427105625 0.254162 0.328165846875 0.2616429390625 0.321764575 0.2726954515625 0.312243428125 0.2659564578125 0.3049240125 0.261527271875 0.3092012703125 0.25388767031250004 0.31509732968750004