5 0.463311146875 0.7054348203125 0.4292769359375 0.6982981828125 0.41993875 0.7099582875 0.41519263281249996 0.748360671875 0.4380999734375 0.7559101781249999 0.468023584375 0.7308012875000001 0.46862542500000004 0.7239222234375 0.463311146875 0.7054348203125
5 0.5011388421875 0.6011829171875 0.4745874296875 0.5662959843750001 0.4381030640625 0.59418784375 0.46841869062499997 0.6368049859375 0.5116535578125 0.6916417703125 0.5544434500000001 0.65173210625 0.523356709375 0.6179285640625001 0.5011388421875 0.6011829171875
4 0.585670525 0.54284695625 0.6240379828125 0.5004543421875 0.5628823046875 0.4230140578125 0.5905357625 0.39216117968750003 0.5310193546875001 0.31886226875 0.5207641046875 0.318126125 0.4609608234375 0.3667595546875 0.437669240625 0.3876646140625 0.3708332484375 0.44102447031249997 0.37592709062499996 0.45240692656250003 0.426359865625 0.51693109375 0.4003487 0.53772414375 0.39800994375 0.5486102765624999 0.43268091875000003 0.5960065828125 0.4538205421875 0.583721471875 0.47223521718750006 0.5717402671875 0.5002161015625 0.6005288015625 0.5070951640625 0.6011306421875 0.585670525 0.54284695625
6 0.6031589109375 0.4058779390625 0.6151800203125 0.3957036171875 0.6157818609375 0.38882455312499997 0.5944393031249999 0.36338948437499996 0.5871597734375 0.3705387890625 0.6011851890625 0.3880284921875 0.5959186453124999 0.3940184640625 0.5812220406249999 0.4060799359375 0.584178025 0.41270219218750004 0.567710178125 0.42717054218749995 0.5714296796875 0.436238946875 0.5816128109375 0.4460636453125 0.6154264265625 0.48791087031249997 0.622149675 0.49592332499999997 0.6339643859375 0.48210848281249996 0.582384415625 0.42194758437499996 0.6031589109375 0.4058779390625
0 0.5330813125 0.320770875 0.5380478265625 0.32656997187500003 0.578222053125 0.37444774999999997 0.6752220484375 0.29578550937500003 0.62798809375 0.24113462968750002 0.6165714234374999 0.2530319796875 0.5330813125 0.320770875
1 0.6935815390625 0.295520703125 0.70242939375 0.2970432125 0.6352666390625 0.21782193749999998 0.630657196875 0.2320128796875 0.686239553125 0.2965584234375 0.6935815390625 0.295520703125
2 0.7449842703125 0.36675194375000003 0.7539776093749999 0.358906084375 0.74241694375 0.34469851875 0.7020255343749999 0.29738208906249997 0.6856853359375 0.2959525078125 0.7127955375 0.32826118593750003 0.7277061640625 0.346030978125 0.74044000625 0.3609793078125 0.7449842703125 0.36675194375000003
3 0.7658603046875 0.3715356234375 0.7555360171875 0.35755002812500003 0.7496681296875 0.36266969531250004 0.7453532 0.367051459375 0.7561857171875 0.380414678125 0.7658603046875 0.3715356234375
6 0.7606326343750001 0.400583890625 0.7468858265625 0.381791571875 0.7371348984375 0.371777209375 0.675269784375 0.29563972656250004 0.6621551828125 0.3073181234375 0.7192970765625 0.3746140109375 0.767147184375 0.4308363296875 0.7677698375 0.4195308328125 0.7606326343750001 0.400583890625
6 0.6166917921875 0.2516561671875 0.6272854234375 0.2414922421875 0.594982771875 0.202399621875 0.582678871875 0.21231936093749998 0.5914625328125 0.22310836875 0.6166917921875 0.2516561671875
2 0.6014711640625 0.1879390828125 0.5968483390625 0.1915873421875 0.61564685 0.2135738578125 0.630624815625 0.231423903125 0.632857278125 0.225343596875 0.636685590625 0.2186464 0.60686880625 0.1835288140625 0.6014711640625 0.1879390828125
3 0.7739505203125 0.41474772968750007 0.776322725 0.4278595015625 0.7752508890625001 0.4445803453125 0.7815570640625 0.452952809375 0.7858210515625 0.4623197171875 0.7860685640625 0.47289937968749995 0.7860977640625 0.48150475468750004 0.7825471109375 0.4952714546875 0.7771579765625 0.5077041984374999 0.7690184359375001 0.5202873140625 0.7595302984375001 0.530406278125 0.73420919375 0.5516532078124999 0.643713475 0.6241739421875 0.6033688890625 0.6571263187499999 0.5730514796875 0.6818465109375 0.529855196875 0.7152158703125 0.408013084375 0.8117002890625 0.419766796875 0.8248507625 0.7298215046875 0.574867340625 0.7452546765625 0.56395964375 0.7562468671875 0.5813449140625 0.771793640625 0.56901876875 0.7580081984375 0.55376551875 0.77769928125 0.5346931140625 0.7899594234375 0.5178180265625 0.7971724484375 0.5024165671875 0.8014021328125001 0.48088852656250003 0.8005529828125001 0.45930717187500003 0.7908801703125 0.43578075937499994 0.7739505203125 0.41474772968750007
5 0.4997358765625 0.7169396328125 0.4504822875 0.756993490625 0.42965612656249996 0.7731939015625 0.4320466484375 0.777562075 0.44269204531249995 0.78265245625 0.4499322109375 0.779126859375 0.5141476078125 0.7265185562500001 0.4997358765625 0.7169396328125
2 0.42728501249999995 0.774673659375 0.41780705156250003 0.7818616453125 0.39590525468750004 0.798127796875 0.40850300624999997 0.8105700390624999 0.42038741249999995 0.799878659375 0.4350222625 0.7890368984375 0.4433268234375 0.78350685625 0.42728501249999995 0.774673659375
2 0.7854720375 0.48418727187500005 0.7869659015625 0.4671123265625 0.7814213109375 0.454505034375 0.7768711109375 0.443939971875 0.7762745343749999 0.455227909375 0.7702209718749999 0.4797246796875 0.7635803828125 0.49752245625 0.7508665296875 0.513224740625 0.7247013875 0.5351799015625 0.695295896875 0.5584157046875 0.64992161875 0.594331775 0.5838005453124999 0.6483756515625 0.5296318 0.6909519765625001 0.506978596875 0.7085219796875 0.497204271875 0.71744276875 0.50589215 0.7209401203125 0.512436278125 0.72757436875 0.5648148453124999 0.6866003984375 0.7204862953125 0.561010615625 0.753622040625 0.5353638953125001 0.7690184109375 0.5202873359375 0.7790497578125 0.5039593359375 0.7854720375 0.48418727187500005
2 0.4525378 0.8258333390624999 0.46848496562499997 0.8129762953125 0.7557212062499999 0.5799059578125 0.7442430984375 0.56452968125 0.7211400859375 0.5818796296875 0.5314313296875001 0.734962403125 0.44623994375000003 0.8033339015625 0.41896003750000005 0.8251760265625 0.43284959375 0.84235370625 0.4525378 0.8258333390624999
2 0.7713889671875 0.5684951859375 0.7930053515625 0.54989565625 0.8104262828125 0.525079265625 0.8153480328124999 0.5103906765625 0.8200188687500001 0.492841496875 0.8231347734375 0.474896409375 0.819798146875 0.4496503109375 0.8119729796874999 0.428170546875 0.7927984296874999 0.4044035375 0.7655703484374999 0.372349728125 0.756764953125 0.3804870546875 0.764290590625 0.393310671875 0.772904440625 0.412327546875 0.7930041046875 0.43898807656249994 0.7997187578125 0.4557706140625 0.80196805625 0.4719433984375 0.801062740625 0.485641675 0.7957138578125 0.5065727578125 0.7892248640624999 0.5187565281250001 0.7786740812499999 0.5338094515625 0.7747759125 0.5381586140625 0.7586469046875 0.5533097875 0.7713889671875 0.5684951859375
5 0.43190445000000005 0.3671919921875 0.44182763906250005 0.3805372484375 0.4496696453125 0.3701325875 0.440881534375 0.35965932343749996 0.43190445000000005 0.3671919921875