4 0.48320970937499996 0.6975588390625 0.5357086140625 0.660501115625 0.5573529625 0.6327976125 0.5793825203125 0.585566659375 0.6092515109375001 0.556853296875 0.633227903125 0.5594751234374999 0.6598972515625 0.5840293296875 0.6880345546875 0.5638772296875 0.723098609375 0.5094800828125 0.7203813578125 0.498682203125 0.59862545 0.40231678750000005 0.551082171875 0.36641118281249996 0.5390818281249999 0.37066751875000004 0.477612159375 0.4366555046875 0.47775617343750004 0.4491607765625 0.466934 0.463012528125 0.44634809999999997 0.47667167499999996 0.44288472343749996 0.49379419843749994 0.4310526890625 0.4994213078125 0.39978863124999997 0.5394374796875 0.401135109375 0.55040366875 0.36419535000000003 0.6008568046875 0.36657598281250003 0.6089131375 0.48320970937499996 0.6975588390625
0 0.6487141624999999 0.6062740328125 0.6934447640625 0.5966074875 0.7463028281249999 0.6304690796875 0.7633767609375 0.656201453125 0.775569709375 0.6421813921874999 0.796926028125 0.58946734375 0.7155229125 0.527107534375 0.6959225765625 0.5601258234375 0.64667015 0.6009592484375 0.6487141624999999 0.6062740328125
5 0.43228120312499996 0.4074354578125 0.4731552375 0.4381603421875 0.49824108125000005 0.41595971875000004 0.546069509375 0.366631390625 0.5143451796875 0.341845628125 0.476579759375 0.36025309375000003 0.4578938578125 0.366721753125 0.434710425 0.3932227921875 0.43228120312499996 0.4074354578125
5 0.1551211890625 0.4052890015625 0.142711340625 0.4402072875 0.11890325937499999 0.438956234375 0.11546417812500001 0.44494425781249997 0.1984063765625 0.50850653125 0.25785632812500003 0.42606926093749997 0.188934190625 0.3746999359375 0.17950708437500001 0.37724887812499996 0.16454829375 0.402740059375 0.1551211890625 0.4052890015625
1 0.7731161921874999 0.6675285578125 0.7807873140625 0.6846753765625 0.8272270640625001 0.5982698 0.8113070046875 0.593267340625 0.805294684375 0.6009627578125001 0.7731161921874999 0.6675285578125
2 0.7204903703125 0.8710044234375 0.7303774078124999 0.82999776875 0.748216896875 0.76936195625 0.7633623796875 0.727295190625 0.7820755671875 0.687277446875 0.7768889609375 0.6787951296875 0.7709000578125 0.663779140625 0.7615003312499999 0.691876196875 0.74118229375 0.7424537109375 0.728228921875 0.7854947906249999 0.7149174171875 0.8289943937500001 0.7101600171875 0.8577650203125 0.7041847796875 0.8833691078125 0.69886859375 0.9109647765625001 0.6951717281249999 0.9213668078125 0.7099437984375 0.9336463765625 0.7131107375 0.9088016187499999 0.7204903703125 0.8710044234375
6 0.6739831796875 0.88006785 0.6700148734375 0.8930780531250001 0.6836983156249999 0.9025294531249999 0.6899032390625 0.8850703109375001 0.6739831796875 0.88006785
6 0.7248493296875 0.7277211234375 0.71390175 0.73295343125 0.7034847765625 0.7595173749999999 0.7064271625 0.770334828125 0.7182138796875 0.7680715890625 0.7296348890625 0.7326992890625 0.7248493296875 0.7277211234375
6 0.817959375 0.5540075890625 0.8462801750000001 0.5127313984375 0.8317228578125 0.5019190796874999 0.8061893828125 0.5453729671875001 0.7937765406249999 0.5648515234375 0.785054815625 0.5810419437500001 0.7975216625 0.59022100625 0.817959375 0.5540075890625
2 0.8261585515625001 0.596306515625 0.8337686078125 0.5835522046875 0.8643229343750001 0.5323978265625 0.8578272796874999 0.5277286171875 0.8522371921874999 0.5193037484375 0.8279974828125001 0.5592148984375 0.811836228125 0.5862451625 0.8075139265625 0.594723425 0.8261585515625001 0.596306515625
5 0.6726929640625 0.37587342968750004 0.6675250484374999 0.38550834375 0.8262432546875 0.499598390625 0.7954083296875 0.4741096890625 0.6726929640625 0.37587342968750004