4 0.4453125 0.5576171875 0.42132640937500004 0.6079426921875 0.475293815625 0.6390659515625 0.49501263125 0.6515152546875 0.545866459375 0.6774513171875001 0.58203125 0.6201171875 0.611328125 0.5595703125 0.4873046875 0.494140625 0.4453125 0.5576171875
0 0.394858009375 0.6519275796875 0.4104701984375 0.6242820921875001 0.42786666406249996 0.592177665625 0.4375 0.5712890625 0.445263128125 0.559181440625 0.451171875 0.5478515625 0.478515625 0.4990234375 0.4833984375 0.494140625 0.5126953125 0.494140625 0.517578125 0.4794921875 0.552734375 0.4521484375 0.4833984375 0.408203125 0.4697265625 0.40625 0.4541015625 0.419921875 0.435546875 0.4580078125 0.431435146875 0.47000248593749994 0.421875 0.4970703125 0.40234375 0.5244140625 0.38861308125 0.5569519875 0.373046875 0.5830078125 0.34489891093749997 0.6322932265625 0.3101059828125 0.699177434375 0.2864646546875 0.7513471265625 0.3292867203125 0.7727500765624999 0.3391001 0.7531307109375 0.345703125 0.7431640625 0.36328125 0.7021484375 0.390625 0.6689453125 0.394858009375 0.6519275796875
0 0.4677734375 0.673828125 0.4404296875 0.671875 0.4072265625 0.658203125 0.39453125 0.6611328125 0.3955078125 0.673828125 0.4111328125 0.673828125 0.4482421875 0.6875 0.46875 0.6865234375 0.4853515625 0.6796875 0.498046875 0.6650390625 0.4951171875 0.6484375 0.4677734375 0.673828125
5 0.5244140625 0.30859375 0.513671875 0.3173828125 0.466796875 0.3994140625 0.55859375 0.4501953125 0.58984375 0.4052734375 0.611328125 0.3583984375 0.5771484375 0.33203125 0.5244140625 0.30859375
5 0.6267382765625 0.211680478125 0.6025390625 0.203125 0.5595703125 0.212890625 0.541015625 0.2412109375 0.541015625 0.2685546875 0.55078125 0.2900390625 0.5745235234375 0.3077856234375 0.600216415625 0.3144135859375 0.620936596875 0.3061286484375 0.643314346875 0.2903872765625 0.6491160265625 0.266360996875 0.6466296109375 0.24482019687499998 0.6267382765625 0.211680478125
5 0.369140625 0.5400390625 0.3779296875 0.548828125 0.388671875 0.5478515625 0.416015625 0.4970703125 0.4150390625 0.490234375 0.4013671875 0.484375 0.369140625 0.5400390625
5 0.5224609375 0.4765625 0.506428828125 0.49797386875000005 0.5302734375 0.513671875 0.5595703125 0.501953125 0.5791015625 0.517578125 0.5859375 0.5166015625 0.599833865625 0.48759943593750005 0.5707744703125 0.4730752609375 0.5603960812500001 0.44610178125 0.5224609375 0.4765625
1 0.2469051828125 0.7937541390625 0.2802734375 0.810546875 0.3125 0.8212890625 0.3225258484375 0.7773424578125 0.28141223125 0.7573341625000001 0.260210053125 0.7875791984375 0.2469051828125 0.7937541390625
3 0.2561607984375 0.7469410296875 0.24341893906249998 0.7649035375000001 0.2225092078125 0.7831926171875 0.2450524953125 0.793316953125 0.2600813703125 0.787438315625 0.273476640625 0.7694758078125 0.28066437187500004 0.758371709375 0.2561607984375 0.7469410296875
2 0.42146805781249996 0.8349306265625 0.38258678437500004 0.8088345078125 0.35592539843750004 0.7949535828125 0.32593129374999996 0.778851725 0.3187105046875 0.7932878734375 0.3143208015625 0.825821634375 0.3266655234375 0.8319916828125 0.345182640625 0.8424332906249999 0.37604448125 0.86094341875 0.4073811421875 0.8823012578125 0.4391926234375 0.905557578125 0.469104890625 0.927390025 0.4966431921875 0.9539686828124999 0.5199082421875 0.909023021875 0.4909456171875 0.8838682390624999 0.45343656093750007 0.8544418703125001 0.42146805781249996 0.8349306265625
2 0.25747053750000004 0.7451046046875 0.2485492953125 0.7410915515625 0.24096620937500002 0.7509012421875 0.23159888281250002 0.7624945015625 0.22223155625 0.7727500765624999 0.21063390312500002 0.7803302999999999 0.22133941875000002 0.7847892359374999 0.22981464062499998 0.7776549312500001 0.23784377812500002 0.7691829234374999 0.249887484375 0.7566978640625 0.25747053750000004 0.7451046046875