4 0.6099205046875 0.5725775609375 0.61244070625 0.55400510625 0.612319278125 0.5388085828125 0.6150753718749999 0.5240678125 0.61919495625 0.5086998203124999 0.6488576 0.5129763171875 0.6573459828125 0.46204340468750005 0.6361318140625001 0.458282090625 0.6315667234375 0.4496491671875 0.5351127828125 0.4343723640625 0.5219147671875 0.43030453281250003 0.511867975 0.41882592343749997 0.335405196875 0.3968093765625 0.3296869 0.46412643593749997 0.32176091093750003 0.4767133796875 0.32967792500000004 0.4829109890625 0.4319191015625 0.49910439999999995 0.44296939062499996 0.535460334375 0.440219565625 0.55282204375 0.43785665781249994 0.5835193796875 0.4633807671875 0.5875620015624999 0.5591357046875001 0.6015106078125 0.556002515625 0.6174510515625 0.572937603125 0.6198405640625 0.6002640546875 0.622903865625 0.6099205046875 0.5725775609375
0 0.442343225 0.3583775109375 0.4732084859375 0.3632660875 0.4926041109375 0.3594169046875 0.49504839843750004 0.3439842734375 0.49965017968750003 0.32756978124999997 0.5025742078125 0.3123972578125 0.3351535078125 0.286031140625 0.204778946875 0.2851565484375 0.1884040140625 0.2855698328125 0.1826810609375 0.331570303125 0.1927392765625 0.33055745625 0.25342715625 0.3307880921875 0.272044059375 0.3316519421875 0.292960321875 0.334443584375 0.31234286718750004 0.3458524859375 0.3203878390625 0.357550434375 0.32064900625 0.3690579234375 0.33073224218749997 0.371176153125 0.3381581 0.390072646875 0.4363190078125 0.4050986390625 0.44101624375000004 0.37299836875 0.442343225 0.3583775109375
1 0.1812088375 0.28495143125 0.1637693671875 0.2832316625 0.1536611265625 0.27798235625 0.151206128125 0.2671697359375 0.13971570312499998 0.3430068140625 0.14651365624999999 0.3362657 0.15815195937499998 0.3318547953125 0.1742279234375 0.3323162359375 0.1812088375 0.28495143125
3 0.1667085390625 0.28373292499999997 0.174210221875 0.2836189515625 0.1825132625 0.28460848125 0.186719278125 0.2556003203125 0.17158739843749998 0.252929021875 0.1692737140625 0.267537046875 0.1667085390625 0.28373292499999997
3 0.30812227812500004 0.6929845968749999 0.2913616 0.6931211734375 0.28282005 0.6824643453125 0.2371562765625 0.67500584375 0.1839124578125 0.6662640578125 0.141405090625 0.6597681953125 0.1255825140625 0.6427493156249999 0.1498843515625 0.48637949999999996 0.1747795734375 0.3329869265625 0.1596603984375 0.3321064734375 0.139737871875 0.4520463796875 0.11763105625 0.5935720203125 0.11045770937499999 0.63886275 0.0975309125 0.644482028125 0.10486066406250001 0.6586118734374999 0.115961353125 0.674265315625 0.12484744375000001 0.6824659671875 0.132933003125 0.6742859078125 0.1735079984375 0.6812904703125 0.21867030937499998 0.6884434781250001 0.26067644687499997 0.6944790109375 0.303127853125 0.7010323265625 0.3193135078125 0.7045263046875 0.30812227812500004 0.6929845968749999
3 0.4301326203125 0.7090527828125001 0.412967884375 0.70586894375 0.3952776921875 0.7030670921875 0.38083453125 0.700314309375 0.3767919734375 0.714095146875 0.391688728125 0.7169197734375 0.4102142265625 0.7203191359375001 0.42964692812500005 0.7238621843749999 0.4301326203125 0.7090527828125001
3 0.564516446875 0.7356500890625 0.5500004234375 0.7274185640625 0.5416730375000001 0.7300545781250001 0.5433924421875 0.7441692015625 0.5641060734375001 0.7444837125 0.564516446875 0.7356500890625
2 0.1655862984375 0.282903984375 0.17098111093749999 0.255085109375 0.154736709375 0.2515235140625 0.152187584375 0.2738606875 0.156500196875 0.280401778125 0.1655862984375 0.282903984375
2 0.12147167656249999 0.451134775 0.13848014687500002 0.452566915625 0.158148596875 0.33610641874999997 0.1566348609375 0.33263432187499997 0.1484085453125 0.336798875 0.1398573171875 0.3430148546875 0.12147167656249999 0.451134775
2 0.134020221875 0.46971909062500006 0.12051667031249999 0.4675803390625 0.0946509421875 0.6246474921875 0.096370346875 0.638762115625 0.1007347390625 0.6424195734375 0.1104849703125 0.6370427109375 0.13645553593749998 0.4730710125 0.134020221875 0.46971909062500006
2 0.2794321328125 0.6628125765624999 0.1286288625 0.6371805578124999 0.12754114375 0.6417216140625001 0.1348470859375 0.65177738125 0.143575871875 0.659092296875 0.28246954375 0.68109089375 0.2858214671875 0.6786555796875 0.2794321328125 0.6628125765624999
2 0.720182684375 0.7693856 0.5706906671875001 0.7482874374999999 0.5179844953125 0.739116234375 0.436982465625 0.7250250359375 0.3820049734375 0.71631745625 0.2954578859375 0.6989678125000001 0.1431039125 0.675955803125 0.1331318984375 0.6752175390625 0.12397562343749999 0.6825994234375 0.131276515625 0.686806334375 0.13756902499999998 0.692322765625 0.147721615625 0.6953433953125 0.3232677859375 0.723147178125 0.40578110624999997 0.7360651234375 0.4697804953125 0.7462016296875 0.553873840625 0.7600665453125 0.705138528125 0.7829929078125 0.7663721781249999 0.793207153125 0.783679128125 0.7866637640625 0.79223455 0.7782184828125 0.720182684375 0.7693856
5 0.38521083749999996 0.50060515625 0.380139509375 0.48892584687499996 0.35059225625 0.4882009640625 0.3539352046875 0.5045502015625 0.3773896859375 0.50628755625 0.38521083749999996 0.50060515625
5 0.6400589109375 0.5271268296875 0.6506209140625 0.5228672734375001 0.6546887453125 0.5096692578125 0.62435256875 0.50795448125 0.621577 0.525478734375 0.6146194140625 0.5235213421875 0.6136236640625 0.5379058140625 0.6089932218749999 0.5752387375 0.639854440625 0.580126675 0.6491890953125 0.5443926765625 0.6400589109375 0.5271268296875
3 0.11862838125 0.46568138281250004 0.13685043125000002 0.4694039734375 0.13943528593750001 0.45308384375 0.12230740468750001 0.45037105468750005 0.11862838125 0.46568138281250004