4 0.4420567796875 0.562136496875 0.4642192703125 0.5240510015625001 0.510489728125 0.5431638484375 0.5562431359375 0.46832488593750005 0.6307929046874999 0.505796934375 0.657144275 0.4689470703125 0.6867687499999999 0.40710853125 0.6062160875 0.3560270125 0.5852716953125 0.34984885781249997 0.5526107109375 0.32473311875 0.541568896875 0.3251187078125 0.5034352046875 0.301575990625 0.4914469515625 0.3144318171875 0.48802925 0.3352798125 0.461581484375 0.369369221875 0.44874318906250005 0.397455740625 0.3796661265625 0.35841067187500003 0.368576115625 0.357416034375 0.3071275640625 0.45767745781249997 0.29961738125 0.48005027499999997 0.30675950625000004 0.486710415625 0.4420567796875 0.562136496875
0 0.2447774640625 0.4434995046875 0.26657089218749996 0.4579467984375 0.2821833234375 0.4695679265625 0.287041203125 0.47801492031250004 0.34821010625 0.3678006 0.3474389296875 0.34571697343749996 0.366087321875 0.3257190203125 0.436895134375 0.2956081625 0.49171861093749997 0.28263840625 0.5032650546874999 0.2776581296875 0.527420334375 0.272764721875 0.586134871875 0.25584885156250003 0.638692575 0.23561205625 0.6144230015625001 0.2246371203125 0.5857888015625 0.197680371875 0.5704046625 0.2011217734375 0.36406298125 0.267749503125 0.2424394640625 0.3336035296875 0.231800771875 0.348163621875 0.22678357343750002 0.3640489265625 0.1956046828125 0.4142921140625 0.22200719531250002 0.43009974843750004 0.2447774640625 0.4434995046875
6 0.5500825125000001 0.52934405 0.5577977 0.513318084375 0.5562876718750001 0.4991799390625 0.561899934375 0.48580799687500004 0.5514205828125001 0.4760358421875 0.535219878125 0.49946105 0.5385621953124999 0.5139861484375 0.53260371875 0.5319314 0.5163962234375 0.5540128671875 0.52763083125 0.5591481843749999 0.5500825125000001 0.52934405
5 0.42616884062500004 0.5820380515625 0.41974082968750004 0.5941341109375 0.3741292203125 0.565309865625 0.357665 0.5871676203125 0.34389163125 0.6134931625 0.370889225 0.6318141390625 0.3909270625 0.64130893125 0.39131265000000004 0.65235074375 0.40554870468750004 0.6642907984375 0.5885391531249999 0.7681880640625 0.6122321734375 0.726168740625 0.6588838203125 0.6374793140625 0.469836575 0.5266186609375 0.456612690625 0.543663365625 0.4480694515625 0.56375538125 0.42616884062500004 0.5820380515625
5 0.41171243124999995 0.71783658125 0.40305900625 0.7337581078125 0.3979076921875 0.7467542203125 0.40977615156249997 0.753952203125 0.4405538875 0.7169628703125001 0.42079692812499997 0.7052156109375 0.41171243124999995 0.71783658125
6 0.268787940625 0.5073831484375 0.37176161875 0.5673550765625001 0.38861141875 0.5732439281249999 0.4112755390625 0.5908495953124999 0.41960509687499997 0.59194063125 0.43672866718750003 0.567850196875 0.43505925 0.5596170359375 0.28700254687500004 0.47496315625 0.27867298906250004 0.47387212031250003 0.2681131609375 0.488059975 0.26297784375 0.49929458281250005 0.268787940625 0.5073831484375
5 0.1594257828125 0.422759934375 0.146057303125 0.43566395937499997 0.1560562796875 0.44498815625 0.188476271875 0.46320276250000003 0.1990842984375 0.4503951328125 0.1932260015625 0.4409263421875 0.1594257828125 0.422759934375
5 0.145237928125 0.4122001078125 0.12690939375000002 0.40178487656249995 0.10663978125 0.41492989375 0.11235348125 0.42025800625 0.13206224375 0.43062503906250005 0.145237928125 0.4122001078125
5 0.6551243328125 0.5298216375 0.624132765625 0.5129390609375 0.6071055921874999 0.539789946875 0.613494071875 0.5644412328125 0.6437626609375 0.5606204109374999 0.6551243328125 0.5298216375
6 0.6121175796875 0.3290165421875 0.601961478125 0.313336384375 0.5844829859375 0.2876904609375 0.5835190140625001 0.2600859296875 0.5369287 0.2713862671875 0.55602010625 0.2842979109375 0.581620103125 0.3138651359375 0.5940844890625 0.333081475 0.59423120625 0.35125196718749996 0.61129196875 0.36146654375 0.6121175796875 0.3290165421875
2 0.6195376312499999 0.1669369671875 0.6098727109375 0.1587119359375 0.5993076375 0.14807219375 0.5826134296875 0.12541569375 0.5695058125 0.1352469890625 0.5547226515625 0.1477749203125 0.5669134687499999 0.165911146875 0.5771714546875 0.179415128125 0.5931011296875 0.1919068234375 0.608144453125 0.1791546546875 0.6195376312499999 0.1669369671875
1 0.6109231421875 0.1770198921875 0.592199096875 0.1920692359375 0.5980091953125 0.2001578015625 0.615159946875 0.21641527031250002 0.6320504078125 0.225225340625 0.6501861484375 0.23011966562500002 0.687868521875 0.20116557343750002 0.69285924375 0.1857902859375 0.67705518125 0.179614875 0.6571110859375 0.168893253125 0.6293994859375001 0.1493128765625 0.6190304421875 0.1641010390625 0.6109231421875 0.1770198921875
2 0.7248653484375 0.206082496875 0.706835809375 0.2034474765625 0.6907420015625 0.197891621875 0.6745486234375 0.2127219640625 0.6470404640625 0.2303912328125 0.665663025 0.23830518750000002 0.68803065 0.2453810234375 0.7423887203125 0.252354215625 0.7440163359375 0.20582500312500002 0.7248653484375 0.206082496875