4 0.7407374625 0.5163198609374999 0.734694271875 0.50828435625 0.6699656765625 0.478396346875 0.659754996875 0.47491924062499996 0.6525138984375001 0.4791781609375 0.636729771875 0.5074269796875 0.478424809375 0.43801405000000004 0.46054434375 0.48777811406250005 0.4897830234375 0.506140915625 0.48967900000000003 0.5135774671875 0.4446972484375 0.6122071640625 0.688347621875 0.7228252609375 0.6947943109375 0.7203506078124999 0.7255807515625 0.6464011921874999 0.7034791453125 0.6312160203125 0.6758955234374999 0.6595562687500001 0.6752051390625 0.6539039859375 0.7079713 0.5851119234375 0.7141185140624999 0.585710878125 0.7171006906249999 0.574210859375 0.723247903125 0.5748098140625 0.72564371875 0.5502209609375 0.7407374625 0.5163198609374999
0 0.7950599234375 0.5383678171875 0.7443059984375 0.5179086749999999 0.723745659375 0.550918465625 0.6880276640625 0.6340305890625 0.7370333046875001 0.6597070265625 0.754329284375 0.6584063078125 0.7542192859375 0.6442124015624999 0.8223070031249999 0.6732410609375 0.8226057640625 0.5677357078124999 0.8133975390625 0.5476012296875 0.7950599234375 0.5383678171875
6 0.7538196312500001 0.6590496765625 0.734645190625 0.6599086875 0.7275604734375001 0.6515585453125 0.69380445 0.7177719312499999 0.6954846953125 0.726002890625 0.7129825875 0.7338881828125 0.720921115625 0.7223890828124999 0.7186656124999999 0.706351278125 0.7279203140625 0.68134413125 0.738726703125 0.6823970765625 0.751021053125 0.6737768859375 0.7538196312500001 0.6590496765625
5 0.451456009375 0.5874228578125 0.48948354531250005 0.5092145218749999 0.462029134375 0.491646128125 0.46094784375 0.47726795624999996 0.4555950390625 0.47488473437499995 0.4135426578125 0.5686225890625 0.451456009375 0.5874228578125
5 0.773752725 0.5213983765625 0.7891207578125 0.5228957609375 0.7990445546875 0.510210428125 0.8022221843749999 0.5030733546875 0.793899796875 0.4929541046875 0.77902669375 0.4927460578125 0.773752725 0.5213983765625
1 0.8901921406250001 0.6246773812499999 0.8907617890624999 0.6098395125 0.88133569375 0.6106732421875 0.866491896875 0.6191558515625 0.8485802281250001 0.6096719140625 0.8303095375 0.5783969890625 0.8299773078125 0.6582339671875 0.83015236875 0.6759186671874999 0.8634769468749999 0.6896238625 0.8817793437500001 0.7170142687500001 0.8919011781249999 0.7225268984375 0.8901921406250001 0.6246773812499999
3 0.860753815625 0.6885372078125 0.847831128125 0.68479585625 0.8491677531249999 0.7100403843749999 0.848780634375 0.8024291984374999 0.8656197640625001 0.8109325609375 0.8661566984375 0.703518971875 0.8653718953125 0.690593309375 0.860753815625 0.6885372078125
2 0.8307887578125 0.6760445875000001 0.8304185500000001 0.68568751875 0.8306070578125 0.79477766875 0.8399359671875001 0.79837073125 0.8476534546875 0.801806778125 0.8484657734375001 0.7918002359375 0.84800465 0.7815069515624999 0.8484054125 0.76487208125 0.8486516328124999 0.7064153859375 0.847731021875 0.6833075484375 0.8307887578125 0.6760445875000001
2 0.8890851625 0.7351398031249999 0.89092178125 0.7218283703124999 0.8812713453125 0.7175734312500001 0.865811890625 0.6933037515625 0.866562453125 0.6999267171875 0.866084084375 0.796613728125 0.8665139281249999 0.8117243468750001 0.878545725 0.8189403578125001 0.887000796875 0.810806565625 0.8897617578125001 0.807945825 0.8908683906249999 0.8033724890625 0.889121903125 0.7448699421875 0.8890851625 0.7351398031249999
2 0.8905047796875 0.531482515625 0.86637349375 0.522188284375 0.8666706718749999 0.5817586984374999 0.8660401140625 0.620620128125 0.8845488453125 0.6078747375 0.891856890625 0.610720146875 0.889807965625 0.5688647125 0.8905047796875 0.531482515625
3 0.848805625 0.5114244921875 0.8489760125 0.5286393796875 0.8488273109375 0.5476709328125 0.8482164921875001 0.5787388859375 0.8500129328125 0.6098992421875 0.8654054203125 0.618221478125 0.8653779578125 0.5907868390625 0.8656219609375 0.5649421125 0.8658154828125 0.546909875 0.8662862265625 0.5216558015625 0.848805625 0.5114244921875
2 0.8305076640625 0.5008293 0.8303329796875 0.5595138546875 0.831547465625 0.5776832765625 0.8340413984374999 0.5841801953125 0.8381700343749999 0.5914049218749999 0.8496490218750001 0.6107165984375 0.848115396875 0.5943638234375 0.8477601390625 0.5819635078125 0.8478222437499999 0.5565274671875 0.8481702234374999 0.510651921875 0.8305076640625 0.5008293