4 0.5589086984375 0.3590424296875 0.55434360625 0.35040950625 0.48794315624999995 0.338903971875 0.45685645625 0.47042936874999997 0.4284639140625 0.5798158015625 0.583154146875 0.6179762828124999 0.61544225 0.620124009375 0.6530652015625 0.50743464375 0.6741471906250001 0.37432820625 0.670088334375 0.3687416703125 0.5877490187500001 0.35174546093750003 0.5781994859374999 0.3620977890625 0.5589086984375 0.3590424296875
0 0.656078546875 0.36355653125 0.65943944375 0.34233666406249996 0.6365001718750001 0.32486114375 0.6467835609375 0.266177009375 0.6073902140625 0.2589489796875 0.5953784453125001 0.32230304374999996 0.5914154500000001 0.32859651562500003 0.5671491984375 0.3257418546875 0.5611433140625001 0.3574188859375 0.5776932515625 0.359051403125 0.57373923125 0.346560321875 0.5780077609375 0.33833777187499997 0.589582234375 0.3401709890625 0.6051107265625 0.3544952859375 0.656078546875 0.36355653125
5 0.5979667296875 0.64306328125 0.58934278125 0.628843821875 0.57807384375 0.6250815265624999 0.4799963625 0.6075701078125 0.46513890625 0.676405871875 0.47071646874999995 0.69113156875 0.48523249062499996 0.6993630937499999 0.503205271875 0.6982547593749999 0.5219988 0.67947918125 0.5596637671875 0.6913771390625 0.5798711625 0.6886452640625 0.593689225 0.670070384375 0.5979667296875 0.64306328125
2 0.6763768781249999 0.2701466734375 0.726902975 0.3106546859375 0.7319910234375 0.2745793359375 0.6821024171875 0.24979992968750003 0.6763768781249999 0.2701466734375
3 0.6858615328125001 0.2497702484375 0.731828759375 0.27955451249999996 0.7364300609375001 0.2584045828125 0.6908800734375 0.2299366515625 0.6858615328125001 0.2497702484375
2 0.6883418125 0.230159696875 0.7366541343749999 0.2609405109375 0.7425728406250001 0.23937417187499999 0.703961625 0.21450561562499998 0.6883418125 0.230159696875
1 0.6761570390625 0.20557276875000002 0.60925331875 0.1882534078125 0.6200091953125 0.21121055000000002 0.6098445984375 0.2477319875 0.674738771875 0.2686370328125 0.6846792765624999 0.2295796078125 0.7036409359375 0.21257950781249998 0.6761570390625 0.20557276875000002
2 0.46558191562499995 0.1741984171875 0.617608928125 0.2111465421875 0.6076268109375 0.188786234375 0.4683317390625 0.1568367078125 0.46558191562499995 0.1741984171875
2 0.39012919375 0.1948761515625 0.4113580359375 0.17945249531250002 0.4393865828125 0.1710382203125 0.4371609421875 0.153877209375 0.40639154531250005 0.16086864218750002 0.3765297796875 0.18085738906249998 0.3568196453125 0.2054202046875 0.349801290625 0.23100446406250003 0.3629993046875 0.2350722953125 0.39012919375 0.1948761515625
2 0.613902334375 0.230318334375 0.4451648453125 0.19073938125 0.41185529687500005 0.201283434375 0.396719228125 0.21569461875 0.3940742390625 0.226151784375 0.40941100781250006 0.21671606406250002 0.4482022578125 0.2090176984375 0.6106462734375 0.2446336578125 0.613902334375 0.230318334375
3 0.3466895671875 0.23074762187500003 0.3394843109375 0.2564858875 0.36300104843750003 0.26208588593750004 0.3807418828125 0.24489242656250002 0.3998387171875 0.2072852796875 0.439106625 0.18850049687499998 0.6177635328125 0.22992417031249998 0.61719168125 0.209830265625 0.44171439218749997 0.17203569999999999 0.4005533984375 0.183019390625 0.3626880671875 0.236407040625 0.3466895671875 0.23074762187500003
3 0.44078331718749997 0.1700129171875 0.4623722015625 0.17593269843749998 0.46447358281250006 0.1562256359375 0.43780069375 0.1532878125 0.44078331718749997 0.1700129171875
2 0.2261356140625 0.73817955 0.24426244375 0.7412847609375001 0.359533571875 0.2631967046875 0.339681640625 0.2590583125 0.2261356140625 0.73817955