4 0.4959800515625 0.420471259375 0.4569103640625 0.4406133453125 0.46133947500000005 0.4786545609375 0.45391108437499994 0.479018053125 0.4538249453125 0.48775226875 0.4423929390625 0.49550108125000003 0.44005864062500005 0.5107644234375 0.46749990625000004 0.56257194375 0.459492675 0.577342584375 0.502388496875 0.656381225 0.515939453125 0.6552046093749999 0.5263429859375 0.663168771875 0.557855075 0.6564915015625 0.5956620078125 0.6315326765625 0.6052093468749999 0.63774138125 0.6350090484375001 0.627553196875 0.6824925296875 0.595701753125 0.6830283015624999 0.5856617109375 0.5937688125 0.424929709375 0.5863834921875 0.42092609375 0.5301657953125 0.45269139843749995 0.5091244453125 0.41623336093749996 0.4959800515625 0.420471259375
0 0.6185208171875 0.705132665625 0.5997896296875 0.700143646875 0.58005410625 0.6641352406250001 0.573481909375 0.666254190625 0.557855075 0.6564915015625 0.538994678125 0.6646038062499999 0.58617146875 0.7524197312500001 0.643651921875 0.7254711671875 0.6321148421875 0.6995889421875 0.6185208171875 0.705132665625
6 0.638711175 0.65073763125 0.63483676875 0.6450216281250001 0.615077109375 0.655745584375 0.6223762890625 0.668483415625 0.638711175 0.65073763125
5 0.5103043859375 0.739442415625 0.500307415625 0.7345395359375 0.489325040625 0.7409825234375 0.48401560000000005 0.7479182109375 0.490822078125 0.7663289765625 0.49906359218749996 0.77208805 0.51310725 0.7652384999999999 0.5180101296874999 0.7552415296875 0.5103043859375 0.739442415625
5 0.55343969375 0.7499131546875 0.551406884375 0.7346067421875 0.537406296875 0.7370891828125 0.5398887390625 0.7510897703125 0.55343969375 0.7499131546875
1 0.605198940625 0.8159366109375 0.679827403125 0.7773648265624999 0.6873419328125 0.7682671187500001 0.663880146875 0.7558066390625 0.6480342640625001 0.7335462734375 0.625561578125 0.7440731453125 0.590558121875 0.759922503125 0.6041946046875 0.7849172234374999 0.599569078125 0.8110768015625001 0.605198940625 0.8159366109375
2 0.5152451328125001 0.8141759499999999 0.593384509375 0.7738917796875 0.5913086296875 0.762952475 0.5834306078125 0.7646217921875 0.5069627828125001 0.8040081921875 0.5152451328125001 0.8141759499999999
2 0.656174403125 0.740007525 0.7422313484374999 0.6942302859375 0.7392597296875 0.6853592749999999 0.7247664406250001 0.69351465 0.6523430671875 0.7299244140625001 0.656174403125 0.740007525
2 0.6930148671875 0.7687598203125 0.7615036843749999 0.732047825 0.7494479140625 0.7151589765625 0.7060111171875 0.7352579921875 0.6671219734375 0.755714778125 0.6930148671875 0.7687598203125
2 0.5324836921875 0.849546940625 0.5990763765625 0.816749734375 0.600597259375 0.788989409375 0.54622145 0.817538721875 0.5206708921875001 0.8321139828125 0.5324836921875 0.849546940625
3 0.6658006703125 0.7547024609374999 0.7506857953125 0.7149579796875 0.743536878125 0.6969070171875 0.691283546875 0.722883653125 0.6574802296875 0.7404571578125 0.6658006703125 0.7547024609374999
3 0.52070235 0.828785121875 0.602439146875 0.7857734171875 0.5951399656249999 0.7730355859375 0.5332493359375 0.8043081890625 0.513537675 0.8123986046875 0.52070235 0.828785121875